sample_size,n,k,repeat,mae,alphas,coef_path,coefficients,non_zero_coef,num_iter
10,25,1,1,0.03063099825557515,,,"[-1.97736364e-05 -1.91210888e-04 -6.98803712e-03  2.19077586e-03
  1.04835555e-02 -5.06082372e-03  3.62381897e-03  3.85108116e-03
  3.85848976e-03 -3.98043590e-03 -2.95916421e-03 -1.07846707e-02
 -5.27165791e-03 -4.04229205e-03  7.29830381e-03 -3.62519636e-03
 -2.91994023e-03  6.09897870e-03  8.15554684e-03  5.47939811e-03
  2.89438945e-04  1.74330979e-03  7.48614714e-04  4.18853008e-03
  2.58979859e-03]",25,
30,25,1,1,0.055895205163724884,,,"[-0.0242975  -0.00323432 -0.01403983  0.00216587  0.01790763  0.00644877
  0.00352757  0.00634438  0.01618434 -0.00839818  0.0047286   0.00021338
 -0.01019176  0.01912657  0.02204808  0.02308908 -0.03559034 -0.00949381
  0.01922317  0.00489336 -0.01184618 -0.02165827  0.00296824 -0.00475485
 -0.00281433]",25,
50,25,1,1,0.025949924257134285,,,"[-0.005469   -0.00411711 -0.01741539  0.00528214  0.00966895  0.00127952
  0.00536665  0.00356139  0.0077303  -0.00131933  0.00402208 -0.00532542
 -0.00116726  0.00376156  0.01533539  0.0040034  -0.00697532  0.00308278
  0.00238443 -0.00087586 -0.00665179 -0.00391888  0.00940283  0.00270042
 -0.00014337]",25,
70,25,1,1,0.021088407110214577,,,"[-0.00037125 -0.0102237  -0.0145404  -0.00075409  0.00981871  0.00515209
  0.00780165  0.00104386  0.0069074   0.0017179   0.00466294 -0.00807049
  0.00122028  0.0010748   0.01364308  0.00545097 -0.00111507  0.00868082
 -0.00395293  0.00187168 -0.00521967 -0.00451413  0.00243737  0.00604176
 -0.00123988]",25,
90,25,1,1,0.02068915170602452,,,"[ 2.44923602e-04 -8.79433125e-03 -1.38997173e-02 -3.82042131e-04
  6.67867657e-03  4.01626730e-03  7.64460366e-03  9.38550284e-05
  8.83756922e-03  7.22940907e-04  4.58122637e-03 -6.83701151e-03
 -4.42590676e-05 -6.29092793e-04  1.37964584e-02  4.03297895e-03
 -8.08465897e-04  8.01671297e-03 -4.93997636e-03  4.03907533e-03
 -3.85559884e-03 -8.18259023e-04  9.28695435e-04  5.15798613e-03
  1.39263107e-05]",25,
110,25,1,1,0.021705023242682843,,,"[ 1.27964719e-03 -5.87901774e-03 -1.45545735e-02 -1.76369654e-03
  6.53019341e-03  4.66790686e-03  6.49104254e-03  2.24833799e-04
  8.27229957e-03  7.88522008e-04  1.94198913e-03 -9.42658185e-03
  7.03113767e-05 -2.87364276e-03  1.43635447e-02  3.36080582e-03
  7.39756437e-05  9.84215833e-03 -5.13895993e-03  3.36349564e-03
 -4.47588253e-03 -1.22459955e-03  1.95634128e-03  3.39480946e-03
 -5.62816512e-04]",25,
130,25,1,1,0.02186867449087458,,,"[ 0.00062056 -0.0060769  -0.01408536 -0.00228265  0.00678499  0.00435851
  0.00694674 -0.00110435  0.0089566   0.0007648   0.00082867 -0.00929441
 -0.00011596 -0.00286773  0.0134502   0.0042522  -0.00044155  0.00846933
 -0.00518501  0.00269439 -0.00325789 -0.00124919  0.00250472  0.00328582
  0.00014266]",25,
150,25,1,1,0.019647674890382518,,,"[-9.18196073e-04 -8.38277658e-03 -1.75968893e-02 -2.86704664e-03
  6.61997733e-03  5.48983519e-03  6.53454284e-03 -1.46220010e-03
  9.92820605e-03  1.38464566e-03 -3.80194241e-05 -7.70148514e-03
 -7.24546462e-04 -3.29781170e-03  1.26071019e-02  4.29349102e-03
  2.30370242e-04  9.92729001e-03 -5.15122163e-03  2.34598805e-03
 -3.15939237e-03 -1.96349254e-03  5.65897592e-04  2.68118532e-03
  1.82018409e-03]",25,
170,25,1,1,0.01903228040920169,,,"[-0.0017296  -0.00824246 -0.01855502 -0.00161312  0.00629214  0.00542233
  0.00481329 -0.00090422  0.00889168 -0.00013453  0.00172135 -0.00754026
 -0.00153917 -0.00270315  0.01284013  0.00202736  0.00041967  0.01008792
 -0.00518591  0.00038906 -0.00394661 -0.00144658  0.00116949  0.00156174
  0.0009314 ]",25,
190,25,1,1,0.018528078398547906,,,"[-2.73903405e-03 -8.86316236e-03 -1.76793422e-02 -9.80843622e-04
  7.88212680e-03  4.86999418e-03  5.07717470e-03 -2.94411701e-04
  9.46959929e-03 -6.67153900e-04  1.21425149e-03 -8.30161165e-03
 -1.74175983e-03 -3.05120500e-03  1.29579119e-02  2.84756381e-03
 -8.02097378e-05  9.43250620e-03 -5.06842607e-03  5.86120541e-04
 -3.31895339e-03 -2.52963807e-03  1.00916899e-03  2.12870035e-03
  1.71345852e-04]",25,
210,25,1,1,0.01756920855389353,,,"[-0.00386322 -0.01060263 -0.01783693 -0.00123888  0.00820981  0.00624111
  0.00551734 -0.00014473  0.00935953 -0.00196953  0.00107598 -0.00788263
 -0.00215903 -0.00301934  0.01252539  0.00293015 -0.00099749  0.00914235
 -0.00399918  0.00017368 -0.00313018 -0.00223767  0.00022631  0.00115456
  0.00124481]",25,
230,25,1,1,0.01759260307350985,,,"[-3.74335723e-03 -1.07804016e-02 -1.75989004e-02 -1.16311254e-03
  8.39947130e-03  5.57774222e-03  5.23856711e-03 -9.64708335e-05
  8.56495181e-03 -2.31665964e-03  1.27200414e-03 -8.47375006e-03
 -2.40413125e-03 -2.88174626e-03  1.17928360e-02  3.34285754e-03
 -1.34943669e-03  8.69461936e-03 -4.17444198e-03 -2.88830910e-04
 -3.27861536e-03 -2.67000665e-03  7.39753748e-04  1.18314756e-03
  9.54828652e-04]",25,
250,25,1,1,0.01794119138100257,,,"[-3.93016239e-03 -1.02084206e-02 -1.75229742e-02 -5.44264798e-04
  7.99179641e-03  5.05228622e-03  5.81509791e-03 -2.51700761e-04
  9.44875744e-03 -2.49230607e-03  1.61813519e-03 -8.91140395e-03
 -2.79118390e-03 -2.55736350e-03  1.11565622e-02  3.02277340e-03
 -1.34428909e-03  8.89543905e-03 -3.89452198e-03  1.46547870e-05
 -3.77220730e-03 -2.26336693e-03  8.50370128e-04  9.52056220e-04
  1.17853063e-03]",25,
270,25,1,1,0.017999368205372547,,,"[-3.67630380e-03 -9.68809954e-03 -1.74518892e-02 -6.13388853e-04
  8.28094391e-03  5.28238847e-03  5.44600788e-03  6.48435967e-05
  9.04996821e-03 -2.88083133e-03  1.52787175e-03 -8.86691303e-03
 -2.99824135e-03 -2.63881409e-03  1.05329256e-02  3.75257566e-03
 -1.25663197e-03  8.75308494e-03 -3.64039534e-03 -3.25136568e-04
 -4.09314132e-03 -2.54346905e-03  1.35396391e-03  1.02879621e-03
  8.68798864e-04]",25,
290,25,1,1,0.017948055975383,,,"[-2.89899258e-03 -1.00164191e-02 -1.77224531e-02 -3.90515792e-04
  7.37645657e-03  6.11355023e-03  5.87485127e-03 -8.17339782e-04
  8.80066585e-03 -2.90443519e-03  1.68823829e-03 -8.60679905e-03
 -2.69170935e-03 -2.87386296e-03  1.05950840e-02  3.75664098e-03
 -1.22185336e-03  8.99799956e-03 -3.87343922e-03 -1.73443692e-05
 -3.96722417e-03 -1.98785748e-03  1.97941439e-03  7.00064919e-04
  1.26355712e-03]",25,
310,25,1,1,0.01785064149248342,,,"[-0.00251884 -0.01025404 -0.01786761 -0.00100038  0.00739095  0.0056112
  0.00551834 -0.0007306   0.00866929 -0.00309649  0.00218098 -0.00828167
 -0.00308785 -0.0023038   0.0100165   0.00311538 -0.00181497  0.00856222
 -0.00333383  0.00025545 -0.00373662 -0.00175101  0.00222346  0.0010905
  0.00135947]",25,
330,25,1,1,0.017918351410846186,,,"[-0.0023775  -0.01072029 -0.01810663 -0.00147845  0.00728323  0.0060183
  0.00566063 -0.00106902  0.00868031 -0.00301026  0.00187691 -0.00820838
 -0.0028547  -0.00224866  0.01009619  0.00360198 -0.00124857  0.00883312
 -0.00325376  0.00027052 -0.0036162  -0.00177851  0.00219975  0.0013101
  0.00143091]",25,
350,25,1,1,0.0179024526181405,,,"[-0.00256166 -0.0106059  -0.01786784 -0.00129096  0.0071746   0.00629821
  0.00583931 -0.0007606   0.00884044 -0.00270883  0.00231708 -0.00830867
 -0.00253875 -0.00230736  0.00984185  0.00415709 -0.00116991  0.00827417
 -0.00255351  0.00025144 -0.0035826  -0.00203231  0.00204349  0.00133865
  0.00116268]",25,
370,25,1,1,0.017945291802452062,,,"[-0.00256934 -0.01061135 -0.01755716 -0.0006762   0.00757489  0.005568
  0.00604863 -0.00114688  0.00954694 -0.00258845  0.00259973 -0.0079398
 -0.00280221 -0.00238705  0.00976009  0.0035343  -0.00124264  0.0078949
 -0.00273918  0.00035544 -0.00362954 -0.00239399  0.00207342  0.00124554
  0.00138439]",25,
390,25,1,1,0.017906479977693266,,,"[-0.00223605 -0.01101962 -0.0174975  -0.00034149  0.0078189   0.0055241
  0.00551372 -0.00106369  0.00931841 -0.00282921  0.00229102 -0.00831383
 -0.00298968 -0.00251765  0.01021664  0.00375016 -0.00105953  0.00791068
 -0.00325096  0.00050592 -0.00355914 -0.00255619  0.00202363  0.00127862
  0.00107381]",25,
410,25,1,1,0.018011291702024437,,,"[-2.81755044e-03 -1.10220333e-02 -1.76734721e-02 -1.26204495e-04
  7.99998924e-03  5.03568400e-03  5.24184350e-03 -1.05687398e-03
  9.05180640e-03 -2.49133231e-03  2.54362617e-03 -8.26525650e-03
 -3.07682964e-03 -2.06364658e-03  1.04049039e-02  3.85512605e-03
 -9.47746690e-04  7.77275646e-03 -3.00074075e-03 -3.55333526e-05
 -3.87317062e-03 -2.88474139e-03  2.14668691e-03  8.64862286e-04
  1.30980750e-03]",25,
10,25,1,2,0.025471962079999456,,,"[-0.00180379 -0.00579243 -0.00479733 -0.00195458  0.00736487 -0.00961258
  0.00078682 -0.00400838  0.00397814 -0.0010297   0.00431022 -0.00579243
 -0.00357925  0.0003577   0.00167064  0.00223292 -0.00567036  0.00984992
 -0.00627959  0.00125673 -0.0122395  -0.00632652 -0.00428297 -0.00089649
  0.00456137]",25,
30,25,1,2,0.0424023787797239,,,"[-0.00478673  0.00059929 -0.02595242 -0.01254177  0.0126711  -0.00134434
  0.01456081  0.01326398  0.01266274 -0.00238398 -0.00684861 -0.02256296
 -0.02501688 -0.00545789  0.00039675  0.01431963 -0.00156968  0.00908535
 -0.01096531  0.00976217 -0.0060153   0.00072839  0.00780948  0.00523823
  0.01023477]",25,
50,25,1,2,0.0253039937671889,,,"[-0.00401866 -0.00875318 -0.0227925  -0.0025568   0.01129615  0.00993851
  0.00970448  0.00400593  0.01271798 -0.0018494  -0.00137084 -0.01239651
 -0.00615625 -0.00210048  0.00516248  0.01148788 -0.00202593  0.00950009
 -0.00573129  0.01195665 -0.00667026 -0.00301277 -0.00068926 -0.00184408
  0.00677553]",25,
70,25,1,2,0.020095360643664434,,,"[-1.62105743e-03 -8.76057749e-03 -1.84664363e-02  5.25776321e-05
  6.59118489e-03  7.74002734e-03  7.56527236e-03 -7.22231122e-04
  9.76887254e-03 -6.35435473e-03  1.67220319e-03 -1.18201870e-02
 -1.34433039e-03 -1.34599491e-03  1.08263569e-02  8.20743640e-03
  2.68469041e-03  1.05319097e-02 -3.32419330e-03  6.49748671e-03
 -4.50674195e-03 -2.42114999e-03 -1.36653129e-03  2.78147145e-03
  1.50415603e-03]",25,
90,25,1,2,0.019180995887197128,,,"[-1.02432639e-03 -8.74565867e-03 -1.74452795e-02  2.33637027e-03
  7.99776008e-03  8.33690825e-03  7.26210033e-03 -3.26187129e-05
  1.02833652e-02 -5.31771931e-03  2.38422227e-03 -1.06754159e-02
 -2.44571059e-03 -3.36893853e-03  9.92629094e-03  1.01794255e-02
  2.07948701e-04  9.52820716e-03 -3.19651145e-03  4.46179918e-03
 -3.92311717e-03 -3.23385675e-03 -1.95729115e-03  1.95829857e-03
  1.68254740e-04]",25,
110,25,1,2,0.019068534335402204,,,"[-0.00421963 -0.00949915 -0.0182165   0.00104935  0.01153258  0.00529175
  0.00552328 -0.00032075  0.01126435 -0.00360362  0.00312085 -0.00841047
 -0.00329495 -0.00181856  0.01083986  0.00848965 -0.00096051  0.00852009
 -0.00196676  0.00262097 -0.00344768 -0.00033637 -0.00228706  0.00252358
 -0.00043669]",25,
130,25,1,2,0.018118428614200183,,,"[-0.00440613 -0.00916704 -0.01756738  0.00028822  0.01010245  0.00575764
  0.00592003  0.00126077  0.01027094 -0.00074359  0.00239538 -0.00680397
 -0.00326164 -0.00263874  0.00948928  0.00752686 -0.00144893  0.00836145
 -0.0012933   0.00199239 -0.00492794 -0.00137532 -0.00072572  0.00150822
  0.00097861]",25,
150,25,1,2,0.018259900156238018,,,"[-0.00411652 -0.00997477 -0.01837423 -0.00140693  0.01017954  0.0056851
  0.00603332  0.00057394  0.01034472 -0.00088166  0.00229726 -0.00704105
 -0.00395657 -0.00266221  0.00853669  0.0072366  -0.00050426  0.00902688
 -0.00136352  0.0021545  -0.00488599 -0.00229543 -0.00241853  0.00250453
  0.00090319]",25,
170,25,1,2,0.018316641998747513,,,"[-0.00364116 -0.00973095 -0.0192304  -0.00200229  0.01089686  0.00459858
  0.00622612 -0.00044664  0.01045046 -0.00056588  0.00250059 -0.00623754
 -0.00277784 -0.00156329  0.00902383  0.00623512 -0.00115106  0.00862491
 -0.00128919  0.00159656 -0.00425244 -0.00241331 -0.00256133  0.0028218
  0.00136691]",25,
190,25,1,2,0.018492253419373696,,,"[-0.00321611 -0.00962104 -0.01912723 -0.00240583  0.01050427  0.004884
  0.00532614 -0.00055449  0.01076594 -0.00148848  0.00239041 -0.00669665
 -0.00321353 -0.0007618   0.00930748  0.00659605 -0.0005852   0.00905742
 -0.00036791  0.00069788 -0.00409183 -0.00258218 -0.00193715  0.00220383
  0.00030129]",25,
210,25,1,2,0.018639218692572398,,,"[-2.71357785e-03 -9.50734611e-03 -1.86134580e-02 -2.26435538e-03
  1.02570447e-02  4.55521327e-03  5.75418613e-03 -1.26484435e-03
  1.10739167e-02 -1.80855641e-03  2.13057964e-03 -7.28146922e-03
 -3.05965448e-03 -1.05306519e-03  8.91867692e-03  6.35373953e-03
 -5.11715658e-04  8.74363050e-03 -7.58877216e-04  6.77080134e-04
 -4.25076467e-03 -3.25937438e-03 -3.47823877e-04  1.90763494e-03
  5.51029892e-05]",25,
230,25,1,2,0.01844993288020305,,,"[-0.00201078 -0.00995891 -0.0178113  -0.00161207  0.00914134  0.00502256
  0.00557329 -0.00183543  0.01024067 -0.00168418  0.00249332 -0.00694137
 -0.00336113 -0.00106339  0.00951568  0.00635262 -0.00073942  0.00865077
 -0.00138468 -0.00046119 -0.00423161 -0.00225674  0.00071971  0.00176044
  0.00064248]",25,
250,25,1,2,0.01805609537211808,,,"[-2.26173608e-03 -9.91550753e-03 -1.79040298e-02 -6.52524059e-04
  8.40910386e-03  5.61650125e-03  5.55132834e-03 -9.98289604e-04
  1.04900328e-02 -1.57723780e-03  2.43637253e-03 -6.70969805e-03
 -3.08700339e-03 -1.68714405e-03  9.24898833e-03  6.15354064e-03
 -1.93891129e-03  7.54527361e-03 -1.99981521e-03 -5.61733692e-05
 -4.00362929e-03 -2.38968710e-03  8.09898933e-04  1.70275352e-03
  6.40702051e-04]",25,
270,25,1,2,0.01802672577770295,,,"[-0.00237844 -0.01016863 -0.01800168 -0.000894    0.00922337  0.00552704
  0.00563045 -0.00060387  0.01015276 -0.00189706  0.0024794  -0.00688266
 -0.00327757 -0.00206414  0.0098786   0.006095   -0.00218576  0.00744132
 -0.00203472 -0.00033903 -0.00389286 -0.00247733  0.00051319  0.00148784
  0.00061304]",25,
290,25,1,2,0.01810896923477742,,,"[-0.00221347 -0.0100305  -0.01796674 -0.00117907  0.00877676  0.00513262
  0.00618395 -0.00101005  0.01029598 -0.00183464  0.00232854 -0.00749576
 -0.00365061 -0.00206713  0.01036421  0.00537921 -0.00128788  0.00765774
 -0.00202449 -0.00023739 -0.00407026 -0.00212115 -0.0002639   0.00156418
  0.00114777]",25,
310,25,1,2,0.018283562201923474,,,"[-2.47178388e-03 -1.01804542e-02 -1.78245119e-02 -1.57508261e-03
  8.86523775e-03  5.00971223e-03  5.85910515e-03 -1.23451641e-03
  1.03622845e-02 -2.05294631e-03  2.52806979e-03 -7.95628133e-03
 -3.84157717e-03 -8.23405760e-04  1.02902140e-02  4.88607154e-03
 -1.43149626e-03  7.51236725e-03 -1.80514730e-03 -4.70877632e-05
 -4.80200325e-03 -2.14454201e-03  4.55141179e-04  6.49861856e-04
  1.60507064e-03]",25,
330,25,1,2,0.018191175788206806,,,"[-2.69613818e-03 -1.03897269e-02 -1.77820455e-02 -9.87422043e-04
  8.65373971e-03  4.62481876e-03  5.56561269e-03 -9.33446909e-04
  1.00743242e-02 -2.04038871e-03  2.60183427e-03 -8.26948210e-03
 -3.09480218e-03 -1.15796686e-03  9.88939269e-03  4.30299128e-03
 -1.49451109e-03  7.97941346e-03 -1.76618397e-03  2.13072273e-05
 -4.87857577e-03 -2.94514791e-03  9.65370356e-04  5.58818116e-04
  1.62521087e-03]",25,
350,25,1,2,0.018129979536724364,,,"[-0.0026038  -0.01048606 -0.01807931 -0.00076133  0.00842201  0.0048673
  0.00537617 -0.00103548  0.00979538 -0.00170103  0.00244481 -0.00848286
 -0.00342158 -0.00184045  0.00977372  0.00406787 -0.00123816  0.00821227
 -0.00221151  0.00022608 -0.00432349 -0.00324557  0.00098676  0.00094131
  0.00192634]",25,
370,25,1,2,0.018048987788029082,,,"[-0.00243031 -0.01081677 -0.01779278 -0.00031441  0.0083589   0.00521159
  0.00526614 -0.00082824  0.00951256 -0.00198003  0.00220398 -0.00850898
 -0.0027967  -0.00193441  0.01022708  0.00432671 -0.00103535  0.00835592
 -0.00265595  0.00045001 -0.00408259 -0.00280512  0.00162591  0.00072763
  0.00151501]",25,
390,25,1,2,0.01800379721891204,,,"[-0.00286855 -0.01082997 -0.01746212 -0.00042043  0.00847103  0.00542205
  0.00524926 -0.00122251  0.00925492 -0.00251713  0.00229594 -0.00832907
 -0.00288023 -0.00174578  0.01050049  0.00415872 -0.00081331  0.00818467
 -0.00251959  0.00020299 -0.00354201 -0.00298086  0.00168997  0.00077877
  0.00166905]",25,
410,25,1,2,0.018011291702024437,,,"[-2.81755044e-03 -1.10220333e-02 -1.76734721e-02 -1.26204495e-04
  7.99998924e-03  5.03568400e-03  5.24184350e-03 -1.05687398e-03
  9.05180640e-03 -2.49133231e-03  2.54362617e-03 -8.26525650e-03
 -3.07682964e-03 -2.06364658e-03  1.04049039e-02  3.85512605e-03
 -9.47746690e-04  7.77275646e-03 -3.00074075e-03 -3.55333526e-05
 -3.87317062e-03 -2.88474139e-03  2.14668691e-03  8.64862286e-04
  1.30980750e-03]",25,
10,25,1,3,0.03029906238433398,,,"[-0.00409149 -0.0025786  -0.00158435  0.00039176  0.005749    0.00447473
 -0.00705804 -0.0048488   0.00029409 -0.00142405 -0.00317287  0.00221305
 -0.00090739 -0.00345289  0.00479636 -0.00807433  0.00359355  0.00173114
 -0.00335691  0.00190465  0.00043837 -0.0103473   0.00726188  0.00726188
  0.00375988]",25,
30,25,1,3,0.04798230156983834,,,"[ 0.00694937 -0.02077951 -0.01460892 -0.01158793  0.00802567  0.00649499
  0.02366837 -0.01476839  0.02997229 -0.00955327 -0.00479269 -0.01302737
 -0.01648981  0.00999862  0.01550171 -0.00444984  0.01084219  0.01315611
 -0.0177401   0.00637528  0.00190841 -0.00188485 -0.00256308  0.02021755
  0.00839838]",25,
50,25,1,3,0.022180501609714156,,,"[-0.00702315 -0.0132862  -0.01572267  0.00125166  0.00587462  0.00321915
  0.00994126 -0.00233376  0.01396667 -0.00581949  0.00019414 -0.01547422
 -0.00301141 -0.00493513  0.01123085  0.00141474  0.00128217  0.00783228
 -0.006168   -0.00223607 -0.00245509 -0.00018348  0.00333311  0.00532001
 -0.00098893]",25,
70,25,1,3,0.021209072664452152,,,"[-0.00483904 -0.01499002 -0.01712787  0.00023578  0.00762244  0.00635396
  0.00601879 -0.00196532  0.01311971 -0.00756315  0.00123695 -0.01273846
 -0.00220141 -0.00540769  0.01450345  0.0058111   0.00181431  0.00690543
 -0.00522481 -0.00110085 -0.00191052 -0.00130025  0.00119953  0.00577934
 -0.00195435]",25,
90,25,1,3,0.019406600993356164,,,"[-0.00485506 -0.01489083 -0.01648959  0.00042194  0.00710331  0.00422321
  0.00492322 -0.00217254  0.01174493 -0.00564474  0.0028049  -0.0098268
 -0.00021206 -0.00327534  0.01314627  0.00506123 -0.00039098  0.00661377
 -0.00403045 -0.00166131 -0.00071161 -0.00144196  0.00255008  0.0040213
 -0.0006927 ]",25,
110,25,1,3,0.018852618776676877,,,"[-0.00387755 -0.01339201 -0.01706222 -0.00120554  0.00753868  0.00147427
  0.00510441 -0.00075608  0.01125426 -0.00517138  0.00258557 -0.00985308
 -0.00330332 -0.00351839  0.00957638  0.00374816  0.00019042  0.00697951
 -0.00456511 -0.00160877 -0.0028108  -0.00145253  0.00339801  0.00072948
 -0.00074283]",25,
130,25,1,3,0.018761197621194013,,,"[-0.00316143 -0.01143188 -0.01706146 -0.0012811   0.00789431  0.00293569
  0.00586176 -0.00317309  0.01121103 -0.00368832  0.00232564 -0.00848242
 -0.00187815 -0.0028458   0.01079848  0.00450505  0.00042075  0.00635623
 -0.00332285 -0.00168589 -0.00376928 -0.00246502  0.00236813  0.00090118
 -0.0001624 ]",25,
150,25,1,3,0.018215125991308128,,,"[-2.86113271e-03 -1.24500752e-02 -1.78350839e-02 -8.11527232e-04
  7.50025771e-03  4.75473865e-03  6.79102158e-03 -2.44660065e-03
  1.04833714e-02 -3.91523457e-03  1.50937927e-03 -8.94610265e-03
 -1.81351593e-03 -2.24008016e-03  1.12152950e-02  3.79062731e-03
 -1.77318262e-04  6.75121859e-03 -3.05108963e-03 -1.38095049e-03
 -4.18514381e-03 -3.26971021e-03  1.70960719e-03 -8.93309274e-05
 -4.71399096e-04]",25,
170,25,1,3,0.01824665516635264,,,"[-4.35858920e-03 -1.17396891e-02 -1.77965447e-02 -5.61114084e-04
  8.26653804e-03  4.67461793e-03  6.26781615e-03 -3.11811844e-03
  9.46890966e-03 -3.56714803e-03  2.27126930e-03 -8.21935751e-03
 -1.61527785e-03 -2.04410808e-03  1.11516831e-02  3.71767256e-03
 -9.58309212e-05  7.36377524e-03 -3.40122967e-03 -1.56996773e-03
 -3.74002808e-03 -2.57614090e-03  2.21764860e-03  4.68978625e-04
 -8.78695104e-04]",25,
190,25,1,3,0.017836905302096397,,,"[-0.00425766 -0.01295113 -0.01860143 -0.00024038  0.0088747   0.00483298
  0.00605644 -0.00188524  0.0088587  -0.0048395   0.00246276 -0.0080665
 -0.00235392 -0.00170567  0.01072472  0.00306622 -0.00048455  0.00699848
 -0.00281906 -0.00133132 -0.00401135 -0.00344658  0.00157075  0.00114913
  0.00026055]",25,
210,25,1,3,0.017926594798892095,,,"[-0.00443866 -0.0124397  -0.01953491 -0.00097967  0.00761448  0.00545645
  0.00548971 -0.00201716  0.00872009 -0.00331268  0.00244149 -0.00727178
 -0.0036662  -0.00111411  0.01049103  0.00300889  0.00020388  0.00751211
 -0.00282886 -0.00161422 -0.00475263 -0.00382587  0.00168338  0.00087784
  0.00069973]",25,
230,25,1,3,0.017854732598136705,,,"[-4.05320046e-03 -1.24825942e-02 -1.97243054e-02 -1.53109708e-03
  7.95282012e-03  4.96986770e-03  4.84612591e-03 -1.17923464e-03
  8.87403854e-03 -2.89506732e-03  2.79469642e-03 -6.85311026e-03
 -3.49027551e-03 -1.16340358e-03  1.01909259e-02  2.86076582e-03
 -3.42831758e-04  8.15487719e-03 -3.14982613e-03 -1.78150408e-03
 -4.20762417e-03 -3.99036797e-03  2.04535912e-03  1.31739310e-03
  7.55636672e-05]",25,
250,25,1,3,0.017871167047858877,,,"[-0.00370816 -0.01145974 -0.01941852 -0.00096128  0.00707551  0.00535037
  0.00508028 -0.00115151  0.008873   -0.00183636  0.00311848 -0.00697143
 -0.00305937 -0.00209112  0.01048716  0.00344177  0.00015522  0.00796625
 -0.00332302 -0.00128153 -0.00357024 -0.00352333  0.00201171  0.00052676
  0.00017778]",25,
270,25,1,3,0.01787629934972074,,,"[-3.51539080e-03 -1.17232239e-02 -1.92260101e-02 -8.66643951e-04
  6.71153763e-03  5.44070082e-03  5.49116371e-03 -1.09750428e-03
  8.75779984e-03 -1.56072358e-03  3.20181083e-03 -7.10037586e-03
 -3.34796240e-03 -2.18912804e-03  1.05790759e-02  3.60668179e-03
  6.67237236e-05  8.06851207e-03 -3.39805332e-03 -1.45046117e-03
 -3.71924042e-03 -3.28443083e-03  2.30192310e-03  2.33341375e-04
  1.86595597e-04]",25,
290,25,1,3,0.01787045980898938,,,"[-3.55234879e-03 -1.18930112e-02 -1.89884694e-02 -7.97424229e-04
  6.71528217e-03  5.68455653e-03  5.82634502e-03 -4.84867961e-04
  8.93518661e-03 -1.64992511e-03  3.39379647e-03 -7.32604698e-03
 -3.62048469e-03 -1.81141783e-03  1.05363513e-02  3.60590830e-03
  1.31575065e-04  8.32809429e-03 -3.35368606e-03 -8.13437055e-04
 -3.93418750e-03 -2.94692659e-03  2.28628829e-03  4.20582579e-04
 -3.35209524e-05]",25,
310,25,1,3,0.017909726277212597,,,"[-0.0038112  -0.01201257 -0.01890276 -0.00046933  0.00773755  0.00541658
  0.0057181  -0.00121757  0.00923523 -0.0015868   0.00298495 -0.00718351
 -0.00380222 -0.00148394  0.01038673  0.00363863 -0.00013398  0.00782896
 -0.0029862  -0.00035629 -0.00396543 -0.00339808  0.00222963  0.00050917
  0.00035965]",25,
330,25,1,3,0.017985250571851453,,,"[-0.003527   -0.01210403 -0.01850219 -0.00053206  0.00820445  0.00544407
  0.00605272 -0.00117029  0.00923378 -0.00129589  0.00292213 -0.00800177
 -0.00374493 -0.00214253  0.01015254  0.00428866 -0.00022152  0.00794968
 -0.00303814 -0.00039756 -0.00376199 -0.00372382  0.00180522  0.00034698
  0.00067914]",25,
350,25,1,3,0.018034415983484563,,,"[-3.28691260e-03 -1.21204258e-02 -1.85094648e-02  7.98749233e-05
  7.84176697e-03  5.52196946e-03  5.72583635e-03 -1.23641087e-03
  9.01210642e-03 -1.81846608e-03  2.41704538e-03 -8.28340778e-03
 -3.38994741e-03 -2.12651726e-03  1.02478663e-02  4.23687116e-03
 -3.19500875e-04  8.09583028e-03 -3.16299821e-03  2.60322473e-05
 -4.00760880e-03 -3.68004442e-03  1.94317409e-03  4.93942740e-04
  7.52861647e-04]",25,
370,25,1,3,0.01811913410465479,,,"[-3.11047273e-03 -1.15381417e-02 -1.80316367e-02  3.92826832e-05
  8.01696713e-03  5.23442584e-03  5.85253844e-03 -1.55898837e-03
  9.16400558e-03 -2.33277411e-03  2.10624207e-03 -8.32798468e-03
 -3.40841024e-03 -2.25383193e-03  1.03651283e-02  3.94537297e-03
 -5.23970358e-04  8.05022710e-03 -2.89856825e-03  2.18053960e-05
 -3.52593190e-03 -3.06983464e-03  2.34576988e-03  6.91510267e-04
  6.25254275e-04]",25,
390,25,1,3,0.017976723846215917,,,"[-0.00303345 -0.01124816 -0.01771088 -0.00024688  0.00810937  0.00485292
  0.00581955 -0.00137085  0.00899733 -0.00227292  0.00246724 -0.00794255
 -0.00336107 -0.00202824  0.01050747  0.00375426 -0.00065519  0.00780989
 -0.00280962 -0.00025842 -0.00345503 -0.00304042  0.00218537  0.00080464
  0.00103246]",25,
410,25,1,3,0.018011291702024437,,,"[-2.81755044e-03 -1.10220333e-02 -1.76734721e-02 -1.26204495e-04
  7.99998924e-03  5.03568400e-03  5.24184350e-03 -1.05687398e-03
  9.05180640e-03 -2.49133231e-03  2.54362617e-03 -8.26525650e-03
 -3.07682964e-03 -2.06364658e-03  1.04049039e-02  3.85512605e-03
 -9.47746690e-04  7.77275646e-03 -3.00074075e-03 -3.55333526e-05
 -3.87317062e-03 -2.88474139e-03  2.14668691e-03  8.64862286e-04
  1.30980750e-03]",25,
10,25,1,4,0.029725786110845434,,,"[ 0.0031011  -0.00329205 -0.00405129  0.00495241  0.00487454 -0.00495423
  0.00302311  0.00170975  0.00441993  0.00094959  0.00320211  0.00062753
 -0.0003175  -0.00625603  0.00968467  0.00215869 -0.00165976  0.00441993
  0.00062761  0.00188328  0.00239093 -0.00559708 -0.0049945  -0.00602391
  0.00054497]",25,
30,25,1,4,0.08759238956599688,,,"[-0.0236002   0.02089807 -0.00955366  0.01089539 -0.02529244  0.00197638
 -0.0145838   0.02629137 -0.01814464 -0.01577525  0.01506231 -0.01064088
 -0.00786108 -0.0004185   0.0179531   0.00042204  0.00989378  0.03576534
 -0.02684789 -0.01223807  0.0348039  -0.02185243 -0.00781703 -0.02036435
 -0.03538795]",25,
50,25,1,4,0.031670620509709695,,,"[-0.00136893 -0.00192713 -0.02109569  0.00619528  0.0130374   0.00667243
  0.00603864 -0.01279465  0.01386538 -0.00246692 -0.00315249 -0.00554014
 -0.00545093  0.00377772  0.01522597  0.00711261 -0.00092549  0.00257615
 -0.00753184  0.00588823 -0.00040079  0.00222608  0.0056597   0.00391969
  0.0096206 ]",25,
70,25,1,4,0.024639689491644957,,,"[ 0.00062606 -0.00585699 -0.02142542 -0.00060387  0.01275574  0.00570778
  0.00418417 -0.00855043  0.01272163 -0.00415414  0.00017723 -0.00779135
 -0.00335233 -0.00096336  0.01107104  0.00463001 -0.00323162  0.00429019
 -0.00392281  0.00166609 -0.00338659 -0.00014233  0.00432396  0.00433133
  0.00972065]",25,
90,25,1,4,0.0224298110724925,,,"[-0.00147768 -0.00675435 -0.02008053  0.00114761  0.01079206  0.00443822
  0.00485195 -0.00689522  0.01083973 -0.00494045  0.00221275 -0.00948157
 -0.00501822 -0.00143567  0.00946487  0.00192529 -0.00356791  0.00426273
 -0.00558294  0.00093275 -0.00288052 -0.00034641  0.00336127  0.00447491
  0.00916811]",25,
110,25,1,4,0.020021825169327486,,,"[-0.00196176 -0.00812925 -0.01888969  0.00027227  0.00836072  0.00328322
  0.0024319  -0.00359441  0.0084882  -0.00506608  0.00416849 -0.00969095
 -0.00411948 -0.00020853  0.00748419  0.00262775 -0.00253822  0.00612624
 -0.00454658 -0.00050917 -0.00131498 -0.00308692  0.00391498  0.00374361
  0.00570753]",25,
130,25,1,4,0.02090961837630175,,,"[-0.00132419 -0.0074061  -0.01772273  0.00062238  0.00757066  0.00433012
  0.00411017 -0.00436352  0.01009834 -0.00282833  0.00012543 -0.0108466
 -0.00471365 -0.00176769  0.00745203  0.0009491  -0.00338771  0.00502085
 -0.00383256 -0.00027666 -0.00291724 -0.00316066  0.00304382  0.00141146
  0.00703705]",25,
150,25,1,4,0.020521013981859824,,,"[-0.00202528 -0.00778972 -0.01727775 -0.00013299  0.00851738  0.00421633
  0.00530591 -0.00257241  0.0097732  -0.00247993  0.00023238 -0.01091098
 -0.00352674 -0.00242395  0.00646642  0.00094335 -0.00383574  0.0056716
 -0.0029385  -0.00094527 -0.00353075 -0.00379323  0.00356487 -0.00026195
  0.00687977]",25,
170,25,1,4,0.019781219302550425,,,"[-0.00171211 -0.00782116 -0.01644419 -0.00015714  0.00800259  0.00367323
  0.00518638 -0.00081237  0.00980893 -0.00278647  0.0012063  -0.01079149
 -0.00379209 -0.00302315  0.0076923   0.00185725 -0.00360742  0.00544434
 -0.00235108 -0.00156514 -0.00338063 -0.00329521  0.00342571 -0.00060308
  0.00494572]",25,
190,25,1,4,0.019212477650402206,,,"[-6.40280673e-04 -8.82300726e-03 -1.63578117e-02 -3.93713733e-04
  8.42620990e-03  4.25826113e-03  5.28286167e-03 -7.05922142e-04
  1.02858746e-02 -2.46043505e-03  2.53413914e-03 -9.47214512e-03
 -3.50328497e-03 -4.13818015e-03  8.11728310e-03  3.22105161e-03
 -3.23211247e-03  5.59235132e-03 -2.54265075e-03 -1.18981698e-03
 -3.41845552e-03 -3.33210161e-03  3.11559324e-03  9.92504122e-05
  4.51123576e-03]",25,
210,25,1,4,0.018782589500481207,,,"[-0.00116794 -0.00943848 -0.01692857 -0.00046707  0.00823713  0.00427631
  0.00517911 -0.0010427   0.01017707 -0.00324317  0.00319511 -0.00866962
 -0.00282345 -0.0037316   0.00845407  0.00289905 -0.0029925   0.00575323
 -0.00251585 -0.00125218 -0.00411841 -0.00286008  0.00300869 -0.0001548
  0.00354472]",25,
230,25,1,4,0.018507417814131486,,,"[-0.00207316 -0.01016379 -0.01759352  0.00043321  0.00839593  0.0049759
  0.00509889 -0.00053327  0.01095764 -0.00356914  0.00272807 -0.00787036
 -0.00301986 -0.00291011  0.00872757  0.00298903 -0.00315313  0.00615559
 -0.00268673 -0.00116286 -0.00370789 -0.00335284  0.00251286 -0.00040533
  0.00252768]",25,
250,25,1,4,0.01832552702522037,,,"[-2.46408163e-03 -1.04470844e-02 -1.72629390e-02  3.20468989e-05
  8.27447109e-03  4.64702120e-03  4.92586150e-03 -4.76412150e-04
  1.10937239e-02 -3.16336464e-03  2.46679366e-03 -7.76504808e-03
 -2.43639731e-03 -2.56381483e-03  8.97081322e-03  2.68913763e-03
 -2.59057061e-03  6.90984736e-03 -2.59258019e-03 -8.85781782e-04
 -4.09713480e-03 -2.95937383e-03  2.71552950e-03 -1.08286643e-03
  2.80557196e-03]",25,
270,25,1,4,0.01809963980700843,,,"[-0.00247441 -0.01128144 -0.01706841 -0.00045618  0.00811381  0.0049518
  0.00488814 -0.00035131  0.0102245  -0.00366792  0.00224475 -0.00847703
 -0.0025287  -0.00231366  0.00953247  0.00292999 -0.00242016  0.0067355
 -0.0024219  -0.00083003 -0.00419665 -0.00362385  0.00231577 -0.00047656
  0.00188377]",25,
290,25,1,4,0.018043537426587476,,,"[-2.16036324e-03 -1.12847584e-02 -1.70891463e-02  3.19310931e-05
  7.62650697e-03  4.96245059e-03  5.05470431e-03 -3.97217947e-04
  9.83849398e-03 -3.85896889e-03  2.38779085e-03 -8.52569729e-03
 -2.50465292e-03 -2.23793612e-03  9.76419224e-03  3.26854113e-03
 -1.93746913e-03  6.91494086e-03 -2.40151719e-03 -6.42929363e-04
 -4.69877996e-03 -3.74306904e-03  2.37218487e-03 -6.51864038e-04
  2.09936174e-03]",25,
310,25,1,4,0.017763450701929175,,,"[-1.93688449e-03 -1.21293660e-02 -1.71417181e-02  4.92809413e-04
  6.82221729e-03  5.11483162e-03  5.06162223e-03 -7.49581805e-04
  1.03956369e-02 -3.21843042e-03  2.15536150e-03 -8.07990388e-03
 -2.60971188e-03 -2.34764779e-03  9.85262047e-03  3.35997791e-03
 -1.47565602e-03  7.31114910e-03 -2.85499698e-03 -8.63374421e-05
 -4.23296743e-03 -3.26978614e-03  1.68170927e-03  3.32746408e-04
  2.21639738e-03]",25,
330,25,1,4,0.017927733650755045,,,"[-2.09845300e-03 -1.16135915e-02 -1.69540280e-02 -2.67571520e-04
  7.57732848e-03  4.85715522e-03  5.09949711e-03 -1.01475896e-03
  9.73604945e-03 -3.01243645e-03  2.65510223e-03 -8.42514983e-03
 -2.84780564e-03 -2.06959701e-03  9.44432696e-03  3.21959333e-03
 -1.46584359e-03  7.80799120e-03 -2.56738776e-03 -4.83811924e-05
 -4.28765026e-03 -3.42374648e-03  1.64821340e-03  6.80543743e-04
  2.24780195e-03]",25,
350,25,1,4,0.018006646553811265,,,"[-0.00226446 -0.01155253 -0.01712698 -0.00028287  0.0075456   0.00511141
  0.00528714 -0.0007067   0.00945685 -0.00286584  0.00265941 -0.00864579
 -0.00293191 -0.00203026  0.00938269  0.00362883 -0.00078956  0.00742448
 -0.00270792 -0.00043091 -0.00468598 -0.00345594  0.0016147   0.00066123
  0.00155087]",25,
370,25,1,4,0.018076549025238364,,,"[-2.51635620e-03 -1.13112469e-02 -1.74268690e-02 -5.75490514e-06
  8.07279093e-03  4.93068350e-03  5.32928685e-03 -1.21373142e-03
  9.26626567e-03 -2.37960957e-03  2.48090515e-03 -8.42890865e-03
 -3.13523233e-03 -1.72880088e-03  1.01743827e-02  3.96362710e-03
 -9.59508396e-04  7.53488863e-03 -2.76129702e-03 -3.22900577e-04
 -4.49461011e-03 -3.30033544e-03  1.65428350e-03  8.71179173e-04
  1.69825837e-03]",25,
390,25,1,4,0.01812886786524018,,,"[-2.86994162e-03 -1.11887891e-02 -1.76636898e-02 -3.46420687e-04
  7.83096530e-03  5.09118806e-03  5.19935493e-03 -1.39926395e-03
  9.21377052e-03 -2.35586152e-03  2.15372774e-03 -8.49263582e-03
 -2.97924455e-03 -2.29810591e-03  1.01570101e-02  4.10090854e-03
 -8.45587178e-04  7.47321085e-03 -3.05133161e-03 -5.28610284e-05
 -4.31292802e-03 -3.02849233e-03  1.75918570e-03  1.02694475e-03
  1.49771580e-03]",25,
410,25,1,4,0.018011291702024437,,,"[-2.81755044e-03 -1.10220333e-02 -1.76734721e-02 -1.26204495e-04
  7.99998924e-03  5.03568400e-03  5.24184350e-03 -1.05687398e-03
  9.05180640e-03 -2.49133231e-03  2.54362617e-03 -8.26525650e-03
 -3.07682964e-03 -2.06364658e-03  1.04049039e-02  3.85512605e-03
 -9.47746690e-04  7.77275646e-03 -3.00074075e-03 -3.55333526e-05
 -3.87317062e-03 -2.88474139e-03  2.14668691e-03  8.64862286e-04
  1.30980750e-03]",25,
10,25,1,5,0.031385453740492154,,,"[-7.20561932e-03 -6.38893550e-03 -8.04673311e-03  6.03975163e-03
 -1.83413173e-03 -5.04012937e-03  5.50188013e-03 -1.89260692e-03
  6.41555378e-03  7.25773808e-03  7.14714413e-03 -8.14398389e-03
 -7.90574383e-04  4.48710677e-05 -9.35996296e-04  9.13673649e-04
 -3.21444848e-03  3.69410573e-03  6.44791954e-03  4.79657258e-04
 -3.67856751e-03 -5.71960095e-03  3.31169926e-03  2.38415379e-03
 -3.21444848e-03]",25,
30,25,1,5,0.05724078938042737,,,"[-0.00849782 -0.01507812 -0.01629915 -0.00290652 -0.00275601 -0.01335015
  0.01168625 -0.01552018  0.01086135  0.02721428 -0.01634506 -0.0125438
 -0.01259593 -0.00541615  0.01553351 -0.01038579 -0.00545427  0.00859592
  0.0046648   0.02086776  0.01023734 -0.00736603 -0.02175261  0.00615604
  0.02761087]",25,
50,25,1,5,0.02597981058781329,,,"[-4.95567779e-03 -1.44531849e-02 -2.12318462e-02  1.92014838e-03
  2.70307344e-03 -2.88511657e-03  4.29926770e-03 -7.04953499e-04
  3.97944071e-03  4.39360073e-03 -1.25840962e-03 -7.40537206e-03
 -3.13519610e-03 -2.29661329e-04  7.63128905e-03  7.62497121e-04
  3.27875464e-03  1.25525927e-02  1.91932749e-03 -6.23929118e-04
 -9.67575732e-04  8.95979482e-06  6.43632909e-03  1.31145948e-03
  8.87331000e-03]",25,
70,25,1,5,0.02124514397386122,,,"[-0.00524411 -0.01263069 -0.01838583 -0.00456902  0.01089866 -0.00034372
  0.00792827  0.00195508  0.00771267 -0.00036383  0.0058267  -0.00599258
 -0.00390407 -0.00146447  0.0107654   0.00184595  0.00300465  0.00904694
 -0.00060997 -0.00053046 -0.00504433 -0.00113712  0.00516633 -0.00032009
 -0.00093097]",25,
90,25,1,5,0.02013390710147007,,,"[-5.92453310e-03 -1.26948698e-02 -1.87580667e-02 -3.70181821e-03
  9.11486835e-03  2.33556035e-04  6.51152662e-03  1.61930833e-03
  8.68722264e-03  2.18601145e-04  5.69085229e-03 -6.57056087e-03
 -4.43420225e-03 -5.38869636e-04  1.14049686e-02  8.81722892e-06
  1.51356505e-03  7.06812013e-03 -3.87189608e-05 -3.84296639e-04
 -5.26594660e-03 -3.10037357e-03  4.19086278e-03 -9.09630190e-04
  2.88315309e-04]",25,
110,25,1,5,0.02063715759285401,,,"[-5.07379245e-03 -1.04289403e-02 -1.75147794e-02 -2.79434377e-03
  1.05605566e-02  2.87985571e-03  7.27394190e-03  8.70324252e-04
  8.82265735e-03  3.93448646e-05  5.91629680e-03 -8.46988521e-03
 -3.65396059e-03  3.82567555e-04  1.28803132e-02  1.07895299e-03
 -5.86294901e-04  6.59873090e-03 -1.08446440e-03 -1.89262152e-03
 -4.86853922e-03 -1.46237290e-03  5.06480217e-03 -3.63687811e-04
 -6.18430891e-04]",25,
130,25,1,5,0.020076172016359806,,,"[-0.00475737 -0.01121619 -0.0174948  -0.00168585  0.00908402  0.00324488
  0.00659087 -0.00105926  0.00922394  0.00151689  0.00421826 -0.00818317
 -0.00397649  0.00129159  0.01285563  0.0022587   0.00037593  0.00745168
 -0.00158452  0.0001506  -0.00564451 -0.00100207  0.00457523  0.00037843
  0.00026482]",25,
150,25,1,5,0.0202220381528781,,,"[-0.00425135 -0.01092032 -0.01637967 -0.00215488  0.00993882  0.00276757
  0.00613249 -0.00162471  0.00837421  0.00050575  0.00329878 -0.00807522
 -0.00490114  0.0003345   0.01340181  0.00227879  0.00102663  0.00768299
 -0.00214852  0.00013027 -0.00541623 -0.00070089  0.00387796  0.00039964
  0.00110449]",25,
170,25,1,5,0.019442690653988848,,,"[-4.86755582e-03 -1.11056753e-02 -1.60534629e-02 -1.59390031e-03
  9.88432540e-03  2.49659559e-03  5.44608553e-03 -3.93074263e-04
  8.76418040e-03 -2.32716797e-04  3.50671436e-03 -8.94771709e-03
 -4.75328368e-03 -4.67231270e-04  1.27258010e-02  2.60035560e-03
  1.22773342e-03  8.46065070e-03 -2.51620438e-03 -1.21299090e-04
 -4.68888906e-03 -1.53535838e-03  2.91111537e-03 -3.58857108e-05
  1.18640800e-03]",25,
190,25,1,5,0.019163850749691277,,,"[-3.68105332e-03 -1.08939008e-02 -1.62755929e-02 -1.14884663e-03
  8.81528644e-03  3.54177208e-03  4.51316800e-03 -4.78907134e-06
  8.29059497e-03 -3.15033070e-04  4.05679212e-03 -8.97385266e-03
 -4.37200536e-03  2.55966749e-04  1.28738794e-02  2.93256952e-03
  6.88966138e-04  7.63085730e-03 -1.83503350e-03  2.03884875e-04
 -5.89731289e-03 -2.49186492e-03  2.10627353e-03  1.51621795e-04
  1.23485534e-03]",25,
210,25,1,5,0.01912037715696442,,,"[-0.00353835 -0.01082284 -0.01581961 -0.00156124  0.00910055  0.00239723
  0.00389472  0.00039004  0.00907968  0.00014989  0.00444367 -0.0090756
 -0.00465733 -0.00017611  0.01176497  0.00153375  0.00015157  0.00728012
 -0.00128239  0.00046912 -0.00562504 -0.0027839   0.00117829 -0.00017927
  0.00210314]",25,
230,25,1,5,0.018873626849594417,,,"[-3.29226472e-03 -1.16817886e-02 -1.61499007e-02 -1.91592499e-03
  8.50111547e-03  2.19164821e-03  4.48928766e-03  9.74816938e-05
  8.39257764e-03 -4.76591799e-04  4.16181588e-03 -8.87064407e-03
 -3.98872849e-03 -6.61411018e-04  1.16941529e-02  2.02106742e-03
 -3.21848099e-04  7.40894308e-03 -1.46383064e-03  4.30791257e-04
 -5.07868769e-03 -3.43363271e-03  1.22534919e-03  4.91143014e-04
  1.89045046e-03]",25,
250,25,1,5,0.01863121381414487,,,"[-3.10538665e-03 -1.18901207e-02 -1.64397155e-02 -1.41222717e-03
  8.32151571e-03  3.18285316e-03  4.61423199e-03  1.92516805e-04
  8.61030221e-03 -6.81126939e-04  4.68870079e-03 -8.55086641e-03
 -3.40370875e-03 -1.11732959e-03  1.10353465e-02  2.10216135e-03
 -7.95597979e-04  7.24473510e-03 -1.89023133e-03  9.75991488e-05
 -5.13265408e-03 -3.32587972e-03  1.02981301e-03  4.69866533e-04
  1.75949005e-03]",25,
270,25,1,5,0.018542558265513095,,,"[-0.00275173 -0.01185946 -0.01617445 -0.00146721  0.0083883   0.00283762
  0.0047127   0.00017085  0.00907786 -0.00087125  0.00388173 -0.0083254
 -0.00417259 -0.00137885  0.01077229  0.00256932 -0.00037509  0.00809485
 -0.00234446 -0.00023427 -0.00490765 -0.00343649  0.00101237  0.00056795
  0.00179243]",25,
290,25,1,5,0.01836937322117933,,,"[-3.13579372e-03 -1.17414771e-02 -1.67268165e-02 -1.32723048e-03
  8.35838772e-03  2.41882925e-03  4.97688465e-03  1.08851312e-04
  8.71509882e-03 -1.63061392e-03  3.07850050e-03 -8.47044468e-03
 -4.47425192e-03 -1.47485951e-03  1.03298972e-02  2.53953573e-03
 -1.31383036e-04  7.74055866e-03 -2.54615551e-03 -4.18029345e-04
 -4.80102908e-03 -3.75806471e-03  8.66981311e-04  1.30538453e-05
  1.89206402e-03]",25,
310,25,1,5,0.018290558700599605,,,"[-3.20441543e-03 -1.20824740e-02 -1.67652898e-02 -1.05649655e-03
  8.43646971e-03  2.70648658e-03  4.95107768e-03  3.35504881e-05
  9.10569826e-03 -1.97268901e-03  3.30521358e-03 -8.25806717e-03
 -3.97193399e-03 -1.71176869e-03  1.00525043e-02  3.28772331e-03
 -1.71607865e-04  8.02898279e-03 -2.22268495e-03 -4.97476184e-04
 -4.75468913e-03 -4.13677537e-03  1.26681217e-03  1.90290044e-04
  1.57307836e-03]",25,
330,25,1,5,0.018296601808478384,,,"[-3.04965333e-03 -1.17704564e-02 -1.67195626e-02 -7.51912283e-04
  7.98351163e-03  3.14385263e-03  5.10925632e-03  1.19707848e-04
  9.08426547e-03 -1.75205535e-03  3.37338837e-03 -8.35303498e-03
 -3.43486751e-03 -1.59492207e-03  1.02245879e-02  3.23935348e-03
 -4.21568479e-04  8.52563113e-03 -2.15359789e-03 -4.93389771e-04
 -4.82128256e-03 -3.89429768e-03  1.60450981e-03  8.99620871e-05
  1.67730574e-03]",25,
350,25,1,5,0.018183325529710713,,,"[-0.00294075 -0.01115902 -0.01690256 -0.00066347  0.008219    0.00346315
  0.00449201 -0.00016686  0.00905774 -0.00224582  0.00284945 -0.00897622
 -0.00353405 -0.00178257  0.0105715   0.00329505 -0.00085288  0.00798616
 -0.0022203  -0.00050542 -0.00436464 -0.00343905  0.00186554  0.00016694
  0.00235234]",25,
370,25,1,5,0.018088292712713495,,,"[-0.00265436 -0.01092959 -0.01725139 -0.00089507  0.00803369  0.00398287
  0.00529498 -0.00088067  0.00920099 -0.00217281  0.00286152 -0.00830061
 -0.00317117 -0.00132147  0.01018103  0.00367214 -0.00089324  0.00778457
 -0.00246295 -0.00035153 -0.00396896 -0.00303932  0.00192937  0.00040433
  0.00206884]",25,
390,25,1,5,0.017954000552676347,,,"[-2.80801435e-03 -1.09710694e-02 -1.71152358e-02 -4.43536302e-04
  7.63003314e-03  4.50292645e-03  5.70892237e-03 -1.01944833e-03
  8.96805355e-03 -2.35934978e-03  2.74105158e-03 -8.21035777e-03
 -3.02504320e-03 -1.82318823e-03  1.04455440e-02  3.92132409e-03
 -1.24191023e-03  7.67858893e-03 -2.62718005e-03 -4.60516580e-05
 -3.63556343e-03 -2.94859369e-03  2.18248699e-03  1.03857532e-03
  1.97857703e-03]",25,
410,25,1,5,0.018011291702024437,,,"[-2.81755044e-03 -1.10220333e-02 -1.76734721e-02 -1.26204495e-04
  7.99998924e-03  5.03568400e-03  5.24184350e-03 -1.05687398e-03
  9.05180640e-03 -2.49133231e-03  2.54362617e-03 -8.26525650e-03
 -3.07682964e-03 -2.06364658e-03  1.04049039e-02  3.85512605e-03
 -9.47746690e-04  7.77275646e-03 -3.00074075e-03 -3.55333526e-05
 -3.87317062e-03 -2.88474139e-03  2.14668691e-03  8.64862286e-04
  1.30980750e-03]",25,
