sample_size,n,k,repeat,mae,alphas,coef_path,coefficients,non_zero_coef,num_iter
5,10,2,1,0.043355020516347056,,,"[ 0.00044384 -0.00208254  0.00202552 -0.00150791 -0.0005176   0.0005176
 -0.0005176  -0.00044384  0.00262902 -0.00106408  0.00252638 -0.00246935
  0.00106408  0.00096144 -0.00096144  0.00096144  0.         -0.00307286
  0.00150791 -0.00307286  0.00359046  0.00156494 -0.00156494  0.00156494
 -0.00252638 -0.00246935  0.00403429 -0.0005176  -0.00150791  0.00150791
 -0.00150791  0.00246935  0.00252638 -0.00096144  0.00202552 -0.00202552
  0.00202552 -0.00106408 -0.00112111 -0.00044384  0.          0.
 -0.00096144 -0.00403429  0.00246935  0.          0.00096144  0.00403429
 -0.00246935 -0.00096144 -0.00403429  0.00246935  0.00307286 -0.00150791
 -0.00156494]",51,
25,10,2,1,0.025525264768175474,,,"[ 1.83545448e-02 -1.46470214e-02  6.25781035e-03 -1.05640008e-02
 -9.55015164e-03  1.27153476e-02  1.28629753e-02  6.52669003e-03
  6.77300061e-03 -9.98999867e-03 -1.76148401e-04  1.18498192e-03
 -2.23878595e-03 -1.24930125e-04 -8.91347737e-04 -9.50304225e-03
  1.05546013e-03 -3.54826256e-03 -8.84534464e-04 -1.33278750e-03
  4.09725563e-03  7.12332566e-03 -2.78105496e-03  2.56059382e-03
 -5.81040362e-04 -1.43791211e-03  3.44430812e-03 -2.02066212e-03
  2.02922790e-03  5.19000338e-03 -4.20821669e-04  8.86097619e-04
  1.35736692e-03 -4.04830246e-03  1.44862918e-03  6.56432395e-03
  1.49268848e-04  1.00691188e-03  8.93908826e-03 -2.75287790e-03
  2.76011256e-03 -4.81473088e-05 -3.53623692e-03  5.39342728e-03
  3.19711412e-04 -1.72615396e-03 -2.28624340e-03  1.40398113e-03
 -4.21589579e-03 -2.05150659e-03 -9.88457368e-03  1.42596067e-02
  1.92909246e-03  1.51769141e-03 -1.66278455e-03]",55,
45,10,2,1,0.01495233038924141,,,"[ 2.68745170e-02 -1.93137362e-02  4.34920138e-03 -9.09842672e-03
 -8.18544349e-03  1.19123083e-02  1.51819308e-02  6.98808168e-03
  9.52231999e-03 -7.79546848e-03  1.90496600e-03 -3.00944843e-04
 -1.70219107e-03  4.16856758e-03 -4.64070403e-03 -4.26928339e-03
  6.94003576e-03 -3.03663991e-06 -2.03556635e-03  5.61947553e-04
  3.24737296e-03  6.41110683e-03 -5.73562406e-04  6.48056751e-03
 -1.29856791e-03  5.44452290e-03 -1.14208789e-03 -1.40390154e-03
 -2.37989743e-03  1.30392869e-02  6.49917202e-05 -2.07995229e-03
  4.97683804e-03  7.51126031e-04  8.42921344e-04 -2.14845065e-03
 -1.26289483e-03  2.11770929e-04  4.46322822e-03 -4.55634503e-03
 -2.69269722e-04 -2.13440732e-03  2.03478370e-03  2.96556676e-03
  1.16476147e-03 -3.63646279e-04 -2.52428844e-03  4.46627933e-05
 -2.94521391e-03 -1.84656011e-03 -3.93133305e-03  2.01379432e-02
  2.44314356e-03 -8.10240505e-04  2.40059800e-03]",55,
65,10,2,1,1.1709744285326451e-13,,,"[ 2.81330083e-02 -1.96065815e-02  5.30940315e-03 -1.43290598e-02
 -6.52152243e-03  1.63449438e-02  1.96838441e-02  2.69007025e-03
  8.07703741e-03 -3.63857207e-03 -1.43811829e-14 -5.33557573e-15
 -2.97418340e-15  8.11539775e-03  9.87447971e-15 -3.94215910e-15
  6.97867423e-03 -1.28057287e-14 -1.63046660e-14  2.22478286e-15
  7.08504989e-03  6.30023624e-03 -1.33877284e-15  6.15459737e-03
  1.26144754e-14  6.58003286e-03 -7.62410968e-16  1.90258508e-15
  1.17380064e-14  1.18793869e-02 -5.10149648e-15  9.87534707e-15
  1.39428304e-03  4.16333634e-17 -1.44849410e-16  7.93364940e-15
  6.99657346e-15 -8.37697967e-15 -6.62143951e-15  5.35075456e-15
  2.44075593e-15  9.41087486e-15  6.56419363e-15  1.32038477e-14
 -6.26430331e-15  2.32106001e-15  1.05644660e-15  1.05167611e-14
  5.88494097e-15  2.90978179e-15 -1.92944619e-15  2.29946571e-02
  3.28730099e-15  4.96998276e-16  4.33680869e-16]",55,
85,10,2,1,1.1652900866465642e-13,,,"[ 2.81330083e-02 -1.96065815e-02  5.30940315e-03 -1.43290598e-02
 -6.52152243e-03  1.63449438e-02  1.96838441e-02  2.69007025e-03
  8.07703741e-03 -3.63857207e-03 -3.94476118e-15 -6.08194051e-15
  5.30825384e-15  8.11539775e-03  4.55364912e-16 -5.51251753e-15
  6.97867423e-03  1.21430643e-17 -1.78702539e-14 -1.30277733e-15
  7.08504989e-03  6.30023624e-03  7.78348740e-15  6.15459737e-03
  1.62196645e-15  6.58003286e-03  1.70523318e-15  2.69576028e-15
 -9.49110582e-16  1.18793869e-02 -1.11325879e-15 -4.37150316e-16
  1.39428304e-03 -7.58074159e-15 -4.94135982e-15  1.11733539e-14
  1.35395167e-15 -4.53456717e-15  4.05534981e-15  9.60776597e-15
 -3.99116504e-15  8.25554902e-15  7.72212155e-15  3.02015357e-15
 -2.93341740e-15  1.18134669e-15 -1.17492821e-14  5.57626861e-15
 -4.15336168e-15 -3.34899209e-15 -1.72171305e-16  2.29946571e-02
 -3.20663635e-15  3.45556916e-15 -4.28823643e-15]",55,
105,10,2,1,3.069544618483633e-14,,,"[ 2.81330083e-02 -1.96065815e-02  5.30940315e-03 -1.43290598e-02
 -6.52152243e-03  1.63449438e-02  1.96838441e-02  2.69007025e-03
  8.07703741e-03 -3.63857207e-03 -1.86482774e-15 -3.12163490e-15
  1.39341663e-15  8.11539775e-03  1.92554306e-16 -5.09054604e-15
  6.97867423e-03 -3.10602238e-15 -1.08680426e-14 -2.09034179e-16
  7.08504989e-03  6.30023624e-03  2.01314659e-15  6.15459737e-03
  3.71057352e-15  6.58003286e-03  1.66750294e-15  8.89262622e-16
 -1.76638218e-15  1.18793869e-02  2.19171469e-15 -3.07046055e-16
  1.39428304e-03 -5.28656979e-15  1.42681006e-15  7.95029190e-15
  1.63064007e-16 -2.99326536e-15  3.88144378e-16  2.07472928e-15
 -3.44689555e-15  6.62902892e-15  3.49416676e-15  5.01508557e-15
 -3.29423988e-15 -3.12228542e-15 -9.98680305e-15  4.41660597e-15
 -2.35033347e-15 -2.89059141e-15 -2.38871423e-15  2.29946571e-02
 -3.11382864e-16  3.36015937e-15 -3.50761087e-15]",55,
125,10,2,1,2.3305801732931285e-14,,,"[ 2.81330083e-02 -1.96065815e-02  5.30940315e-03 -1.43290598e-02
 -6.52152243e-03  1.63449438e-02  1.96838441e-02  2.69007025e-03
  8.07703741e-03 -3.63857207e-03 -4.35068648e-15 -1.26374605e-15
  2.60989147e-15  8.11539775e-03 -9.62771529e-16 -6.05494387e-15
  6.97867423e-03  1.98452366e-15 -6.29444413e-15 -2.91476912e-15
  7.08504989e-03  6.30023624e-03 -2.88831459e-16  6.15459737e-03
  6.23849930e-15  6.58003286e-03 -1.25767452e-15 -1.61784648e-15
  6.64399091e-16  1.18793869e-02  1.66078089e-15 -1.12843762e-15
  1.39428304e-03 -1.35481903e-15 -2.95900457e-15  2.21654292e-15
  1.33747180e-15 -2.23822696e-15 -5.88504939e-16  4.13731549e-16
  6.61797006e-16  3.89120160e-15  3.45209972e-15  1.59074143e-15
 -2.25167107e-15 -1.79348723e-15 -7.23466426e-15  3.76521730e-15
 -3.47465112e-15 -6.03076616e-15 -3.59694913e-15  2.29946571e-02
  1.61676228e-15  6.47051857e-16 -1.67227343e-15]",55,
145,10,2,1,2.2168933355715127e-14,,,"[ 2.81330083e-02 -1.96065815e-02  5.30940315e-03 -1.43290598e-02
 -6.52152243e-03  1.63449438e-02  1.96838441e-02  2.69007025e-03
  8.07703741e-03 -3.63857207e-03 -3.97164940e-15 -1.78503046e-15
  1.09634524e-15  8.11539775e-03  8.50014503e-16 -6.61016381e-15
  6.97867423e-03  1.12236609e-15 -3.67891481e-15 -1.09330947e-15
  7.08504989e-03  6.30023624e-03 -6.53990750e-16  6.15459737e-03
  5.36680075e-15  6.58003286e-03  8.93382590e-16 -2.03106303e-15
 -4.55364912e-17  1.18793869e-02  6.07153217e-16 -7.74554032e-16
  1.39428304e-03 -1.53739868e-15 -2.06085149e-15  4.38017678e-16
  2.16948855e-15 -1.20910226e-15 -2.17274115e-16 -1.10219993e-15
 -2.53659940e-15  5.66473951e-15  2.59080951e-15  7.52436308e-16
 -3.16847243e-15 -2.69315820e-16 -5.84601811e-15  1.23382207e-15
 -1.31058359e-15 -4.60265506e-15 -1.98192157e-15  2.29946571e-02
  2.90858917e-15  2.32452946e-16 -8.25348904e-16]",55,
165,10,2,1,1.8189894035458565e-14,,,"[ 2.81330083e-02 -1.96065815e-02  5.30940315e-03 -1.43290598e-02
 -6.52152243e-03  1.63449438e-02  1.96838441e-02  2.69007025e-03
  8.07703741e-03 -3.63857207e-03 -4.85765941e-15 -1.52308721e-15
  1.33486971e-15  8.11539775e-03  1.73298875e-15 -7.11626938e-15
  6.97867423e-03  1.81278603e-16 -3.70103254e-15  2.94469310e-16
  7.08504989e-03  6.30023624e-03 -2.08361974e-15  6.15459737e-03
  4.69676381e-15  6.58003286e-03  7.17741838e-16 -7.52869989e-16
 -7.19910243e-17  1.18793869e-02  1.51332939e-15  5.32126426e-16
  1.39428304e-03 -1.98625838e-15 -1.10501885e-15  6.22332047e-16
  2.34534614e-15 -1.17440779e-15  1.33920652e-15  8.72565908e-16
 -1.73038667e-16  5.48953244e-15  1.25724084e-15 -9.08995101e-16
 -1.39818712e-15  1.81278603e-16 -4.21451068e-15  4.80518403e-16
  6.92154667e-16 -3.78169718e-15  5.30825384e-16  2.29946571e-02
  3.72705339e-15 -1.59377719e-16 -1.97281427e-15]",55,
185,10,2,1,1.7053025658242404e-14,,,"[ 2.81330083e-02 -1.96065815e-02  5.30940315e-03 -1.43290598e-02
 -6.52152243e-03  1.63449438e-02  1.96838441e-02  2.69007025e-03
  8.07703741e-03 -3.63857207e-03 -4.80344930e-15  4.52762827e-16
  1.22818422e-15  8.11539775e-03  8.80805845e-16 -6.88251539e-15
  6.97867423e-03 -1.32272665e-16 -4.36022746e-15  7.80625564e-18
  7.08504989e-03  6.30023624e-03 -3.13074219e-15  6.15459737e-03
  4.71584577e-15  6.58003286e-03  1.61697912e-15 -1.99666672e-15
 -7.90600224e-16  1.18793869e-02  9.85106094e-16 -1.68268177e-16
  1.39428304e-03 -1.68701858e-16  4.74446871e-16  2.21697660e-15
  2.28202873e-15  4.31078784e-16  1.58033309e-15  4.53630189e-16
  1.21430643e-16  3.71491032e-15  1.07661276e-15 -8.89045781e-16
 -8.74951153e-16 -1.11889664e-15 -3.13377796e-15 -1.28716482e-15
  1.39038087e-15 -4.08267170e-15  1.27719016e-15  2.29946571e-02
  4.73839717e-15 -2.05564732e-16 -2.67797937e-15]",55,
205,10,2,1,1.8189894035458565e-14,,,"[ 2.81330083e-02 -1.96065815e-02  5.30940315e-03 -1.43290598e-02
 -6.52152243e-03  1.63449438e-02  1.96838441e-02  2.69007025e-03
  8.07703741e-03 -3.63857207e-03 -4.74880552e-15 -9.71011466e-16
  8.74083791e-16  8.11539775e-03  1.07878116e-15 -4.11779985e-15
  6.97867423e-03  9.24173932e-16 -2.05217787e-15  1.00570594e-15
  7.08504989e-03  6.30023624e-03 -4.72365203e-15  6.15459737e-03
  6.20423851e-15  6.58003286e-03  1.36609474e-16 -2.85405380e-15
 -7.75421394e-16  1.18793869e-02 -1.15185639e-15 -3.20750371e-15
  1.39428304e-03 -4.91794105e-16  5.67254577e-16  1.48145385e-15
  1.51029363e-15 -1.36175793e-16  2.97721917e-16 -4.11129464e-16
  1.71444890e-15  3.98899663e-15  2.32886627e-15 -1.28174381e-15
 -1.63064007e-16  3.64725611e-16 -1.66359981e-15 -3.80338122e-16
  6.27969898e-16 -2.81979301e-15 -2.92084065e-16  2.29946571e-02
  4.49640325e-15  1.14405013e-15 -3.91223512e-15]",55,
225,10,2,1,1.9895196601282804e-14,,,"[ 2.81330083e-02 -1.96065815e-02  5.30940315e-03 -1.43290598e-02
 -6.52152243e-03  1.63449438e-02  1.96838441e-02  2.69007025e-03
  8.07703741e-03 -3.63857207e-03 -4.07139600e-15 -6.76975836e-16
  1.58336885e-15  8.11539775e-03  8.08381140e-16 -4.41660597e-15
  6.97867423e-03  1.29844052e-15 -1.81603864e-15 -4.25007252e-16
  7.08504989e-03  6.30023624e-03 -4.23142424e-15  6.15459737e-03
  5.71851594e-15  6.58003286e-03  7.97972799e-16 -3.87927537e-15
 -5.93275429e-16  1.18793869e-02 -1.02869102e-15 -4.52502619e-15
  1.39428304e-03 -1.09938100e-15 -2.57172755e-16  1.30277733e-15
  2.06605566e-15  3.46944695e-18  5.13478149e-16 -1.16573418e-15
  2.12546994e-15  3.92047506e-15  2.44357486e-15 -2.02442230e-15
  3.26995375e-16  2.73218947e-17 -2.49453236e-15  2.55004351e-16
 -1.11022302e-16 -2.23779328e-15  1.15619320e-15  2.29946571e-02
  3.17020715e-15  2.41126563e-16 -3.88231114e-15]",55,
245,10,2,1,1.1084466677857563e-13,,,"[ 2.81330083e-02 -1.96065815e-02  5.30940315e-03 -1.43290598e-02
 -6.52152243e-03  1.63449438e-02  1.96838441e-02  2.69007025e-03
  8.07703741e-03 -3.63857207e-03 -3.99333344e-15 -8.80372164e-16
  9.25474974e-16  8.11539775e-03  8.84708973e-16 -5.08794396e-15
  6.97867423e-03  1.53197767e-15 -8.79504802e-16  6.90419943e-16
  7.08504989e-03  6.30023624e-03 -4.39925874e-15  6.15459737e-03
  4.57273108e-15  6.58003286e-03  1.80584714e-15 -3.33760797e-15
 -1.40339129e-15  1.18793869e-02 -1.30602994e-15 -4.37150316e-15
  1.39428304e-03 -1.06425285e-15  6.34475111e-16  1.27762384e-15
  7.77156117e-16 -1.82145965e-17  9.21138166e-16 -2.18575158e-16
  1.75380543e-15  4.04407410e-15  2.06085149e-15 -1.07379383e-15
 -1.68485018e-16 -3.67327696e-16 -1.45369827e-15 -6.41847686e-16
 -1.68268177e-16 -2.45636844e-15  5.05671893e-16  2.29946571e-02
  4.30818575e-15 -7.63278329e-17 -2.98372438e-15]",55,
265,10,2,1,1.5916157281026246e-14,,,"[ 2.81330083e-02 -1.96065815e-02  5.30940315e-03 -1.43290598e-02
 -6.52152243e-03  1.63449438e-02  1.96838441e-02  2.69007025e-03
  8.07703741e-03 -3.63857207e-03 -3.93608757e-15 -8.92515228e-16
  8.22258928e-16  8.11539775e-03  5.82867088e-16 -4.37670733e-15
  6.97867423e-03  1.87523608e-15 -1.56125113e-16  1.43114687e-16
  7.08504989e-03  6.30023624e-03 -3.34454686e-15  6.15459737e-03
  4.84334794e-15  6.58003286e-03  1.36349265e-15 -3.59174496e-15
 -5.42534767e-16  1.18793869e-02 -1.83815636e-15 -3.46077333e-15
  1.39428304e-03 -1.67053871e-15  1.22298005e-16  1.08333481e-15
  1.71130471e-15 -8.39606162e-16  1.02630578e-15 -6.22765728e-16
  2.12069945e-15  3.67154224e-15  2.47024623e-15 -1.49880108e-15
  7.13079769e-16 -8.13151629e-16 -1.24531462e-15  4.04190570e-16
  5.22151766e-16 -2.63200919e-15  4.70110062e-16  2.29946571e-02
  3.58220398e-15  1.34441069e-16 -3.36883299e-15]",55,
285,10,2,1,1.3073986337985844e-14,,,"[ 2.81330083e-02 -1.96065815e-02  5.30940315e-03 -1.43290598e-02
 -6.52152243e-03  1.63449438e-02  1.96838441e-02  2.69007025e-03
  8.07703741e-03 -3.63857207e-03 -3.80424858e-15 -5.22151766e-16
  2.19442520e-16  8.11539775e-03  2.41993925e-16 -5.20655567e-15
  6.97867423e-03  1.48318857e-15  6.31439345e-16 -6.52256027e-16
  7.08504989e-03  6.30023624e-03 -2.20049673e-15  6.15459737e-03
  4.31599201e-15  6.58003286e-03  2.54310462e-15 -2.89265140e-15
 -1.34137493e-15  1.18793869e-02 -9.39461182e-16 -3.87710697e-15
  1.39428304e-03 -2.44812851e-15 -4.16333634e-16 -1.73472348e-17
  1.96023753e-15 -3.01841885e-16  2.65412692e-16  9.23740251e-17
  2.32127685e-15  3.21444260e-15  2.14411822e-15 -6.22765728e-16
  1.19262239e-15 -1.41770276e-15 -1.42681006e-15  9.88792381e-17
  7.49400542e-16 -2.20830298e-15 -4.46257614e-16  2.29946571e-02
  3.34975103e-15  5.72458747e-16 -3.62036789e-15]",55,
305,10,2,1,1.4210854715202004e-14,,,"[ 2.81330083e-02 -1.96065815e-02  5.30940315e-03 -1.43290598e-02
 -6.52152243e-03  1.63449438e-02  1.96838441e-02  2.69007025e-03
  8.07703741e-03 -3.63857207e-03 -3.92394450e-15  1.47451495e-16
  8.43075609e-16  8.11539775e-03 -1.02001740e-15 -5.00814668e-15
  6.97867423e-03  1.37043155e-15  1.63064007e-16 -1.11759560e-15
  7.08504989e-03  6.30023624e-03 -1.38083989e-15  6.15459737e-03
  3.85629029e-15  6.58003286e-03  3.13291060e-15 -2.95163199e-15
 -1.40555970e-15  1.18793869e-02 -7.44196371e-16 -3.63424568e-15
  1.39428304e-03 -2.72178113e-15 -3.29597460e-17  3.98119038e-16
  1.62890534e-15  6.07153217e-17  6.53557070e-16  1.37563572e-15
  2.19789464e-15  3.64291930e-15  1.56645530e-15 -8.00574884e-16
  3.38271078e-16 -1.05818132e-15 -2.04176953e-15 -1.07552856e-16
  2.30718222e-16 -1.61155811e-15 -8.81239526e-16  2.29946571e-02
  2.93038163e-15  2.68882139e-16 -2.77902701e-15]",55,
325,10,2,1,1.3642420526593923e-14,,,"[ 2.81330083e-02 -1.96065815e-02  5.30940315e-03 -1.43290598e-02
 -6.52152243e-03  1.63449438e-02  1.96838441e-02  2.69007025e-03
  8.07703741e-03 -3.63857207e-03 -4.46170878e-15 -1.12757026e-16
 -2.55871713e-17  8.11539775e-03 -1.03216047e-15 -4.90276222e-15
  6.97867423e-03  1.19348975e-15 -6.07153217e-17 -6.93889390e-18
  7.08504989e-03  6.30023624e-03 -1.82579646e-15  6.15459737e-03
  3.62123526e-15  6.58003286e-03  3.46771223e-15 -2.38177533e-15
 -1.47971913e-15  1.18793869e-02 -1.47451495e-16 -3.64161826e-15
  1.39428304e-03 -1.47798440e-15  1.41379963e-16  8.67361738e-16
  2.58994215e-15 -1.21430643e-17  3.14852311e-16  2.00273825e-15
  1.54000077e-15  3.34801631e-15  1.32012457e-15 -3.72531866e-16
  7.18175519e-16 -9.71445147e-16 -1.18459929e-15  1.05818132e-16
  3.00540842e-16 -8.93816271e-16 -1.49186219e-16  2.29946571e-02
  2.84668122e-15 -2.17707796e-16 -1.87848868e-15]",55,
345,10,2,1,1.1709744285326451e-13,,,"[ 2.81330083e-02 -1.96065815e-02  5.30940315e-03 -1.43290598e-02
 -6.52152243e-03  1.63449438e-02  1.96838441e-02  2.69007025e-03
  8.07703741e-03 -3.63857207e-03 -4.36196218e-15 -1.30537942e-16
 -5.69856662e-16  8.11539775e-03 -1.23859256e-15 -4.73406037e-15
  6.97867423e-03  2.12763834e-15 -3.12250226e-16  4.25874613e-16
  7.08504989e-03  6.30023624e-03 -2.48303982e-15  6.15459737e-03
  3.60475538e-15  6.58003286e-03  4.24660307e-15 -2.14151613e-15
 -1.42767742e-15  1.18793869e-02 -4.87240456e-16 -3.31765865e-15
  1.39428304e-03 -9.89226062e-16 -8.37004077e-17  4.20236762e-16
  2.08860707e-15  4.38885039e-16  9.62771529e-17  2.28289609e-15
  2.53399732e-15  2.62940711e-15  1.56558794e-15 -9.03790931e-16
  4.39752401e-16  2.26164573e-16 -8.13585310e-16 -1.59594560e-16
 -2.35922393e-16 -8.65627015e-16 -6.24500451e-17  2.29946571e-02
  1.64018105e-15 -6.07586897e-16 -1.66446718e-15]",55,
365,10,2,1,1.5347723092418165e-14,,,"[ 2.81330083e-02 -1.96065815e-02  5.30940315e-03 -1.43290598e-02
 -6.52152243e-03  1.63449438e-02  1.96838441e-02  2.69007025e-03
  8.07703741e-03 -3.63857207e-03 -4.03670153e-15 -4.10695783e-16
 -9.13874011e-16  8.11539775e-03 -1.88878860e-15 -3.63207728e-15
  6.97867423e-03  2.51187959e-15  5.13478149e-16  2.03830008e-16
  7.08504989e-03  6.30023624e-03 -2.75170511e-15  6.15459737e-03
  3.06200378e-15  6.58003286e-03  4.38364622e-15 -2.71224015e-15
 -1.31101727e-15  1.18793869e-02  1.62196645e-16 -3.42260942e-15
  1.39428304e-03 -8.94683633e-16 -2.68448458e-16  1.66793662e-15
  1.96370697e-15  1.96023753e-16  2.15539392e-16  1.94549238e-15
  2.08210185e-15  1.41379963e-15  6.09755302e-16 -1.31838984e-15
  3.25260652e-16  4.41487125e-16 -8.51532386e-16 -3.64291930e-17
 -2.91433544e-16 -7.20777604e-16 -1.18394877e-16  2.29946571e-02
  1.89865484e-15 -3.86192814e-16 -1.68425386e-15]",55,
385,10,2,1,1.4779288903810084e-14,,,"[ 2.81330083e-02 -1.96065815e-02  5.30940315e-03 -1.43290598e-02
 -6.52152243e-03  1.63449438e-02  1.96838441e-02  2.69007025e-03
  8.07703741e-03 -3.63857207e-03 -3.28036209e-15 -6.76542156e-16
 -7.07767178e-16  8.11539775e-03 -1.47364759e-15 -3.38357814e-15
  6.97867423e-03  2.46851151e-15  8.42641928e-16 -1.12757026e-16
  7.08504989e-03  6.30023624e-03 -3.19362592e-15  6.15459737e-03
  3.58979339e-15  6.58003286e-03  4.32683403e-15 -2.98632646e-15
 -1.49207903e-15  1.18793869e-02  4.67074296e-16 -3.06438902e-15
  1.39428304e-03 -1.69092171e-15  4.29560901e-16  1.34441069e-15
  1.27849120e-15 -1.16226473e-16 -2.27248775e-16  2.09381124e-15
  1.80758186e-15  8.74300632e-16  5.59014640e-16 -2.00273825e-15
  5.37330597e-16 -2.35922393e-16 -8.30498864e-16 -5.08273978e-16
  2.71484224e-16 -5.41884246e-16  5.72458747e-17  2.29946571e-02
  1.91860416e-15 -1.92987987e-17 -2.17404220e-15]",55,
405,10,2,1,1.4779288903810084e-14,,,"[ 2.81330083e-02 -1.96065815e-02  5.30940315e-03 -1.43290598e-02
 -6.52152243e-03  1.63449438e-02  1.96838441e-02  2.69007025e-03
  8.07703741e-03 -3.63857207e-03 -3.42391046e-15 -2.86663054e-16
 -3.65484552e-16  8.11539775e-03 -9.22222368e-16 -3.46467646e-15
  6.97867423e-03  2.71917905e-15  9.33281230e-16  3.96384314e-16
  7.08504989e-03  6.30023624e-03 -2.45376636e-15  6.15459737e-03
  3.36883299e-15  6.58003286e-03  4.14338702e-15 -2.54115305e-15
 -1.21864324e-15  1.18793869e-02  2.15973073e-16 -3.36015937e-15
  1.39428304e-03 -2.73479156e-15  1.21864324e-15  1.43895312e-15
  7.71951947e-16  3.48679419e-16 -3.54750951e-16  1.99753408e-15
  2.42861287e-15  3.60822483e-16  3.56051993e-16 -2.12330153e-15
  4.35415592e-16 -4.08961059e-16 -8.46545056e-16 -7.71951947e-16
 -3.95516953e-16 -7.22512328e-16  8.37004077e-17  2.29946571e-02
  1.66706926e-15  4.70543743e-17 -2.63157551e-15]",55,
5,10,2,2,0.046679147767015934,,,"[ 2.68851922e-03 -2.13427839e-03  2.13427839e-03 -7.90428421e-04
  2.76115759e-05 -2.13427839e-03  2.01618459e-03 -6.44723051e-04
 -2.68851922e-03 -8.18039997e-04  7.90428421e-04 -7.90428421e-04
  2.13427839e-03  2.66090764e-03  7.90428421e-04 -6.72334627e-04
  1.98857302e-03  0.00000000e+00  2.16188996e-03  0.00000000e+00
 -2.68851922e-03 -2.16188996e-03  0.00000000e+00  1.18093795e-04
 -2.83422459e-03 -7.90428421e-04 -2.66090764e-03  2.68851922e-03
  2.16188996e-03  0.00000000e+00 -1.18093795e-04  2.83422459e-03
  7.90428421e-04  2.66090764e-03 -8.18039997e-04 -2.68851922e-03
  2.80661302e-03 -1.45705370e-04 -2.13427839e-03  2.76115759e-05
 -2.16188996e-03  1.98857302e-03 -6.72334627e-04 -2.66090764e-03
 -7.90428421e-04  1.18093795e-04 -2.83422459e-03 -7.90428421e-04
 -2.66090764e-03  2.66090764e-03  6.72334627e-04  2.83422459e-03
 -1.98857302e-03 -1.18093795e-04 -2.16188996e-03]",51,
25,10,2,2,0.03866756389637942,,,"[ 1.08590825e-02 -3.22103391e-03  3.99568805e-03 -3.00330717e-03
 -3.27790985e-03  8.21117533e-03  7.47744307e-03  1.58122725e-03
 -4.06841636e-04 -1.60900350e-03 -7.40013078e-04  2.98830014e-03
  6.06735554e-03  2.07769495e-03  9.21415153e-04  8.88909604e-03
  1.51271889e-03  4.65051345e-03 -2.60333205e-03  3.51115795e-03
 -6.67047132e-03 -2.52426636e-03  4.40772663e-03  6.74675725e-03
 -3.38067497e-03  9.35343983e-04 -3.18174686e-03  3.25542825e-03
  1.71566678e-03  5.22240161e-03  3.14069041e-03  3.72226624e-03
  6.16330805e-04 -5.44935397e-05 -1.04263902e-02 -3.51355732e-03
  2.12837561e-03 -1.73262679e-03 -3.93087922e-03 -4.39744237e-03
  1.91089141e-03 -6.95784201e-04  2.43657610e-03 -2.97591425e-03
 -8.69834971e-05  5.92968872e-04  2.49610621e-03  1.69347088e-03
 -6.16387890e-03  3.55480368e-03 -1.29740323e-03  8.73065126e-03
  7.33607549e-04 -5.11537386e-03  1.34675052e-03]",55,
45,10,2,2,0.029519335104577066,,,"[ 0.01624882 -0.00767897 -0.00059156 -0.00670069 -0.01030646  0.010097
  0.01046072  0.00590189  0.00106141  0.00090563  0.00244247  0.00188814
 -0.00151665  0.00145577  0.00546184  0.00380297  0.00610951  0.00131351
 -0.00089525  0.00490223 -0.00095213  0.00440784  0.00557317  0.00687095
 -0.00664874  0.0065585  -0.00079941  0.00364591  0.00767289  0.00615461
  0.00108439  0.00511731 -0.00228355 -0.00101719 -0.0064707   0.00426086
 -0.00193593 -0.00122474  0.0010955  -0.00230555 -0.00110709  0.00065777
  0.00417656 -0.00303612  0.00335154  0.00163519  0.00267497 -0.00174675
 -0.00635213  0.00794655  0.0001632   0.01880338 -0.00128937 -0.00732082
  0.00341413]",55,
65,10,2,2,1.1937117960769684e-13,,,"[ 2.81330083e-02 -1.96065815e-02  5.30940315e-03 -1.43290598e-02
 -6.52152243e-03  1.63449438e-02  1.96838441e-02  2.69007025e-03
  8.07703741e-03 -3.63857207e-03  2.54700774e-15 -4.86806775e-15
 -9.28315584e-15  8.11539775e-03  8.49580822e-16  2.54765826e-14
  6.97867423e-03  2.24392987e-14  9.31199562e-15 -9.25420764e-15
  7.08504989e-03  6.30023624e-03 -1.06199771e-14  6.15459737e-03
 -1.74747369e-14  6.58003286e-03  7.94373248e-15 -2.49225553e-15
 -2.21784396e-15  1.18793869e-02 -4.97041644e-15 -2.05590753e-14
  1.39428304e-03  6.43929354e-15 -2.58734006e-15  5.73586317e-15
 -5.55631929e-15 -4.14902487e-15 -4.82600071e-15  5.58732748e-15
  1.94549238e-15 -2.24954604e-14  1.27588912e-15 -1.79448470e-14
  2.12434237e-14  1.25307750e-14 -1.62569611e-14  1.20476545e-15
 -1.01732858e-14  1.66724273e-14 -9.88358700e-16  2.29946571e-02
 -1.56992475e-16  3.43475248e-15  5.37417333e-15]",55,
85,10,2,2,1.1652900866465642e-13,,,"[ 2.81330083e-02 -1.96065815e-02  5.30940315e-03 -1.43290598e-02
 -6.52152243e-03  1.63449438e-02  1.96838441e-02  2.69007025e-03
  8.07703741e-03 -3.63857207e-03 -9.36750677e-16 -9.04354716e-15
 -4.38798303e-15  8.11539775e-03  6.80054971e-15  3.17497764e-15
  6.97867423e-03  1.45586668e-14  5.19636417e-15 -6.16390619e-15
  7.08504989e-03  6.30023624e-03 -1.04699235e-14  6.15459737e-03
 -8.03372126e-15  6.58003286e-03  6.89205637e-15  1.95069655e-15
 -6.50900774e-15  1.18793869e-02  3.90052574e-15 -1.72344777e-14
  1.39428304e-03 -6.34388375e-15  1.50704102e-15 -6.34561848e-15
  1.59117511e-15 -7.47145401e-15  2.46937887e-15  8.23559970e-16
 -3.70189990e-15 -1.47208634e-14  1.07507319e-14 -1.59212921e-14
  5.97698974e-15  7.05858982e-15 -5.70724024e-16  4.64905892e-16
  1.42247325e-16 -9.07260378e-16 -8.65366806e-15  2.29946571e-02
  6.10796136e-15  8.68055627e-15 -1.97541636e-15]",55,
105,10,2,2,3.524291969370097e-14,,,"[ 2.81330083e-02 -1.96065815e-02  5.30940315e-03 -1.43290598e-02
 -6.52152243e-03  1.63449438e-02  1.96838441e-02  2.69007025e-03
  8.07703741e-03 -3.63857207e-03 -3.61689845e-15 -2.61878193e-15
 -6.81486118e-15  8.11539775e-03  7.96194707e-15  4.54410815e-15
  6.97867423e-03  1.04439027e-14  7.67615138e-15 -1.80476294e-15
  7.08504989e-03  6.30023624e-03 -5.51381857e-15  6.15459737e-03
 -6.56419363e-15  6.58003286e-03  9.05525654e-15 -2.00707506e-15
 -5.08273978e-16  1.18793869e-02  3.54620847e-15 -1.52725055e-14
  1.39428304e-03 -4.76181594e-16 -1.70870262e-15 -2.89091667e-15
 -2.23692592e-15 -4.20800547e-15 -4.52415883e-15 -1.29670580e-15
 -1.42247325e-16 -9.13331910e-15  4.20843915e-15 -1.61580818e-14
  3.79470760e-15  6.17301349e-15  7.71951947e-16  4.19369400e-16
 -3.21704469e-15 -2.84798227e-15 -1.13277443e-15  2.29946571e-02
  5.40886780e-15  4.18458670e-15 -2.96334138e-15]",55,
125,10,2,2,2.7853275241795927e-14,,,"[ 2.81330083e-02 -1.96065815e-02  5.30940315e-03 -1.43290598e-02
 -6.52152243e-03  1.63449438e-02  1.96838441e-02  2.69007025e-03
  8.07703741e-03 -3.63857207e-03  4.98732999e-17 -2.73045475e-15
 -6.55118321e-15  8.11539775e-03 -2.59124319e-16  3.42044101e-15
  6.97867423e-03  8.95637731e-15  6.45490605e-15 -3.18755439e-15
  7.08504989e-03  6.30023624e-03 -6.23719826e-15  6.15459737e-03
 -1.24900090e-16  6.58003286e-03  4.19369400e-15 -5.29242448e-15
 -6.80011603e-16  1.18793869e-02 -2.69098979e-16 -1.49949497e-14
  1.39428304e-03 -2.62593766e-15  6.66838546e-16 -1.91686944e-15
 -1.91773680e-15 -1.77592316e-15 -4.86199622e-15  2.12503626e-16
  1.89605276e-15 -6.44970188e-15 -1.55583012e-15 -1.32023299e-14
  5.73781474e-15  2.39391840e-15 -1.43635104e-15 -2.64653750e-16
 -4.61783389e-15 -1.14751958e-15 -2.49453236e-15  2.29946571e-02
  4.65361256e-15  1.92424202e-15 -2.11636264e-15]",55,
145,10,2,2,2.4442670110147446e-14,,,"[ 2.81330083e-02 -1.96065815e-02  5.30940315e-03 -1.43290598e-02
 -6.52152243e-03  1.63449438e-02  1.96838441e-02  2.69007025e-03
  8.07703741e-03 -3.63857207e-03 -3.06005221e-15 -3.37360348e-15
 -5.08721212e-15  8.11539775e-03 -9.21138166e-16  2.23432384e-15
  6.97867423e-03  7.84225115e-15  3.69843045e-15 -1.40946282e-15
  7.08504989e-03  6.30023624e-03 -2.46721046e-15  6.15459737e-03
 -9.46291656e-16  6.58003286e-03  4.05057932e-15 -2.98719383e-15
  1.68788594e-15  1.18793869e-02 -2.66106581e-15 -9.51322354e-15
  1.39428304e-03 -4.77742845e-15  3.19189120e-16 -1.01069327e-15
 -3.30681663e-16 -4.02455846e-16 -4.10955991e-15  2.65369324e-15
  2.23432384e-15 -1.06728862e-15 -2.51079539e-15 -1.13572346e-14
  5.28049826e-15  1.22189585e-15 -1.12496817e-15 -8.25728375e-16
 -2.95293304e-15 -6.78276879e-16 -1.94072189e-15  2.29946571e-02
  3.39832329e-15  1.97151323e-15 -2.96756977e-15]",55,
165,10,2,2,1.0970779840135947e-13,,,"[ 2.81330083e-02 -1.96065815e-02  5.30940315e-03 -1.43290598e-02
 -6.52152243e-03  1.63449438e-02  1.96838441e-02  2.69007025e-03
  8.07703741e-03 -3.63857207e-03 -9.11976657e-16 -5.10876064e-16
 -3.34454686e-15  8.11539775e-03 -5.03069808e-16  3.64291930e-16
  6.97867423e-03  5.70463815e-15  1.30733098e-15 -4.25440932e-16
  7.08504989e-03  6.30023624e-03 -2.10920691e-15  6.15459737e-03
 -1.73472348e-18  6.58003286e-03  3.70840511e-15 -2.57432964e-15
  2.70421706e-15  1.18793869e-02 -3.78169718e-15 -7.62584440e-15
  1.39428304e-03 -4.04277306e-15  5.13478149e-16 -6.20163643e-16
  1.08073273e-15 -6.47051857e-16 -2.41300036e-15  2.46070525e-15
  1.42073853e-15 -1.52395457e-15 -7.16440796e-16 -8.95420890e-15
  5.74670520e-15  1.83100063e-15 -1.51788304e-16 -7.77156117e-16
 -1.63064007e-15 -3.12250226e-16 -2.69402556e-15  2.29946571e-02
  2.12460258e-15  1.81018395e-15 -3.25434124e-15]",55,
185,10,2,2,1.4779288903810084e-14,,,"[ 2.81330083e-02 -1.96065815e-02  5.30940315e-03 -1.43290598e-02
 -6.52152243e-03  1.63449438e-02  1.96838441e-02  2.69007025e-03
  8.07703741e-03 -3.63857207e-03 -2.20223145e-15 -1.23859256e-15
 -1.47624968e-15  8.11539775e-03 -7.14706072e-16 -3.03576608e-16
  6.97867423e-03  4.44869835e-15  2.38524478e-15  1.11889664e-16
  7.08504989e-03  6.30023624e-03 -2.05564732e-15  6.15459737e-03
 -1.49229587e-15  6.58003286e-03  4.28389962e-15 -1.17961196e-15
  1.48492330e-15  1.18793869e-02 -3.08433834e-15 -6.99657346e-15
  1.39428304e-03 -3.92134242e-15  3.63641409e-16 -5.96744876e-16
  2.51534904e-16  5.89805982e-16 -1.09287579e-16  3.32242914e-15
  1.28716482e-15 -1.07119175e-15 -2.14064877e-15 -8.75991987e-15
  5.10182174e-15  1.78589782e-15 -7.80625564e-18 -9.00755165e-16
 -2.90219238e-15 -7.30698054e-16 -1.27068495e-15  2.29946571e-02
  2.06822406e-15  6.65266453e-16 -1.22991894e-15]",55,
205,10,2,2,1.1198153515579179e-13,,,"[ 2.81330083e-02 -1.96065815e-02  5.30940315e-03 -1.43290598e-02
 -6.52152243e-03  1.63449438e-02  1.96838441e-02  2.69007025e-03
  8.07703741e-03 -3.63857207e-03 -1.55604696e-15 -1.44296467e-15
 -1.67140607e-15  8.11539775e-03 -1.63410951e-15 -7.69783542e-16
  6.97867423e-03  5.47652201e-15  1.28543010e-15 -2.72785267e-16
  7.08504989e-03  6.30023624e-03 -2.17360852e-15  6.15459737e-03
  4.61436445e-16  6.58003286e-03  3.54924423e-15 -1.27675648e-15
  8.54351312e-16  1.18793869e-02 -2.53963517e-15 -7.15920379e-15
  1.39428304e-03 -3.88317850e-15 -5.93275429e-16 -5.01335085e-16
  9.96815477e-16  7.40293243e-16 -9.41954847e-16  2.63504496e-15
  1.02131845e-15 -1.30971622e-15 -2.26077837e-15 -7.33180877e-15
  4.87457297e-15  1.16226473e-16 -7.97972799e-17 -6.65266453e-16
 -2.28289609e-15 -2.83280344e-15 -1.94635974e-15  2.29946571e-02
  2.46113893e-15  1.26960074e-16 -1.96370697e-15]",55,
225,10,2,2,1.1198153515579179e-13,,,"[ 2.81330083e-02 -1.96065815e-02  5.30940315e-03 -1.43290598e-02
 -6.52152243e-03  1.63449438e-02  1.96838441e-02  2.69007025e-03
  8.07703741e-03 -3.63857207e-03 -8.39606162e-16 -1.68268177e-15
 -1.25724084e-15  8.11539775e-03 -2.83800761e-15 -1.34094125e-15
  6.97867423e-03  5.23019128e-15  1.01047642e-15 -7.38558520e-16
  7.08504989e-03  6.30023624e-03 -3.82029477e-15  6.15459737e-03
  1.56602162e-15  6.58003286e-03  3.17888077e-15 -8.35269354e-16
  8.27463098e-16  1.18793869e-02 -2.29677388e-15 -5.82520143e-15
  1.39428304e-03 -3.40959899e-15  3.51281504e-16 -1.50573998e-15
  1.68224809e-15  5.64001970e-16 -1.76616534e-15  2.52922683e-15
  1.57686364e-15 -1.64625258e-15 -2.58777375e-15 -7.45757622e-15
  3.69322628e-15  6.27969898e-16  1.22298005e-16 -9.09862463e-16
 -4.06792655e-16 -1.14882062e-15 -4.34981912e-16  2.29946571e-02
  3.43301776e-15  5.38631639e-16 -2.05673152e-15]",55,
245,10,2,2,1.1084466677857563e-13,,,"[ 2.81330083e-02 -1.96065815e-02  5.30940315e-03 -1.43290598e-02
 -6.52152243e-03  1.63449438e-02  1.96838441e-02  2.69007025e-03
  8.07703741e-03 -3.63857207e-03 -1.94028821e-15 -1.87003191e-15
  5.67254577e-16  8.11539775e-03 -1.31145095e-15 -2.77555756e-15
  6.97867423e-03  5.84731916e-15  1.93681876e-15  8.73433270e-16
  7.08504989e-03  6.30023624e-03 -3.66330230e-15  6.15459737e-03
  1.17484147e-15  6.58003286e-03  3.23634348e-15 -1.32576242e-15
 -7.15573434e-17  1.18793869e-02 -1.69916164e-15 -4.06966127e-15
  1.39428304e-03 -3.61256164e-15  1.09764628e-15 -1.13624388e-15
  1.90602742e-15  9.05525654e-16  4.72712147e-17  4.42701431e-15
  3.37230244e-15 -9.07260378e-16 -1.16269841e-15 -6.13484957e-15
  3.01755149e-15  5.86336535e-16 -1.32706346e-16 -3.39572120e-16
  5.32560107e-16 -2.21372400e-15 -3.03142927e-16  2.29946571e-02
  2.99413272e-15  1.71477416e-15 -1.60114977e-15]",55,
265,10,2,2,1.3642420526593923e-14,,,"[ 2.81330083e-02 -1.96065815e-02  5.30940315e-03 -1.43290598e-02
 -6.52152243e-03  1.63449438e-02  1.96838441e-02  2.69007025e-03
  8.07703741e-03 -3.63857207e-03 -2.12763834e-15 -2.07581348e-15
  9.31112826e-16  8.11539775e-03 -4.13731549e-16 -3.06308798e-15
  6.97867423e-03  5.22943234e-15  2.31802424e-15  4.25440932e-16
  7.08504989e-03  6.30023624e-03 -2.92832165e-15  6.15459737e-03
  2.55698240e-15  6.58003286e-03  3.26149698e-15 -2.66778787e-15
  5.66387215e-16  1.18793869e-02 -2.55524768e-15 -3.48939627e-15
  1.39428304e-03 -2.75127143e-15  1.22916000e-15 -3.56051993e-16
  2.48412402e-15  4.33680869e-16 -5.42968448e-16  3.75480896e-15
  3.36015937e-15 -5.44703171e-16 -1.05427819e-15 -5.43228657e-15
  3.30204614e-15  2.15105711e-16 -2.47414936e-16 -5.19549681e-16
  7.40726924e-16 -2.46829467e-15  5.82867088e-16  2.29946571e-02
  3.67761377e-15  1.78503046e-15 -2.22174709e-15]",55,
285,10,2,2,1.3642420526593923e-14,,,"[ 2.81330083e-02 -1.96065815e-02  5.30940315e-03 -1.43290598e-02
 -6.52152243e-03  1.63449438e-02  1.96838441e-02  2.69007025e-03
  8.07703741e-03 -3.63857207e-03 -2.63417760e-15 -1.75770856e-15
  6.27536217e-16  8.11539775e-03 -3.12250226e-16 -1.96717642e-15
  6.97867423e-03  4.85939414e-15  1.25030195e-15  3.91613825e-16
  7.08504989e-03  6.30023624e-03 -3.03619976e-15  6.15459737e-03
  2.24213009e-15  6.58003286e-03  3.19048173e-15 -3.04942703e-15
  9.35883315e-16  1.18793869e-02 -2.71137279e-15 -3.39832329e-15
  1.39428304e-03 -2.91520280e-15  1.05948236e-15  8.45244014e-16
  1.94028821e-15 -1.30971622e-16 -1.11716192e-15  3.18235022e-15
  2.18141477e-15  5.68338779e-16 -8.06212735e-16 -5.49039980e-15
  2.99846953e-15 -2.39825521e-16 -7.42895329e-16 -1.32706346e-16
  1.99059519e-16 -2.33320308e-15  9.93996552e-16  2.29946571e-02
  3.11382864e-15  1.59421087e-15 -2.29818335e-15]",55,
305,10,2,2,1.1823431123048067e-13,,,"[ 2.81330083e-02 -1.96065815e-02  5.30940315e-03 -1.43290598e-02
 -6.52152243e-03  1.63449438e-02  1.96838441e-02  2.69007025e-03
  8.07703741e-03 -3.63857207e-03 -3.59868385e-15 -1.88564442e-15
  2.28983499e-16  8.11539775e-03 -8.68229100e-16 -1.77180319e-15
  6.97867423e-03  5.32733579e-15  1.89345067e-15  3.12250226e-17
  7.08504989e-03  6.30023624e-03 -3.94042438e-15  6.15459737e-03
  2.55871713e-15  6.58003286e-03  3.65506236e-15 -2.99413272e-15
  2.03656536e-15  1.18793869e-02 -1.71564152e-15 -4.25007252e-15
  1.39428304e-03 -2.49713444e-15  1.70436582e-15  8.55652355e-16
  1.91491788e-15 -7.42461648e-16 -1.08940634e-15  2.72394954e-15
  2.51881849e-15 -3.03576608e-17 -4.08527379e-16 -5.98566335e-15
  2.29850861e-15 -1.81061763e-17 -1.02131845e-15  5.77662918e-16
  2.25514052e-16 -1.53349555e-15  5.55111512e-16  2.29946571e-02
  2.79984369e-15  8.79504802e-16 -2.52966051e-15]",55,
325,10,2,2,1.4779288903810084e-14,,,"[ 2.81330083e-02 -1.96065815e-02  5.30940315e-03 -1.43290598e-02
 -6.52152243e-03  1.63449438e-02  1.96838441e-02  2.69007025e-03
  8.07703741e-03 -3.63857207e-03 -3.15329360e-15 -1.16573418e-15
  1.82145965e-17  8.11539775e-03 -1.95720176e-15 -2.13934773e-15
  6.97867423e-03  3.96817995e-15  1.96457434e-15 -3.92481186e-16
  7.08504989e-03  6.30023624e-03 -3.18408494e-15  6.15459737e-03
  3.10602238e-15  6.58003286e-03  3.84327986e-15 -3.45990597e-15
  1.44242257e-15  1.18793869e-02 -8.44810333e-16 -3.76955411e-15
  1.39428304e-03 -1.87154979e-15  1.61676228e-15  9.68192540e-16
  2.05109367e-15 -1.45283091e-16 -2.41126563e-16  1.92380833e-15
  3.05484804e-15  4.55364912e-16 -6.89552582e-16 -5.15993498e-15
  2.05434628e-15  5.24753851e-17 -9.74480913e-16  6.08887940e-16
 -2.18575158e-16 -1.92304939e-15 -9.19403442e-17  2.29946571e-02
  1.90646110e-15  1.32120877e-15 -3.42477782e-15]",55,
345,10,2,2,1.5347723092418165e-14,,,"[ 2.81330083e-02 -1.96065815e-02  5.30940315e-03 -1.43290598e-02
 -6.52152243e-03  1.63449438e-02  1.96838441e-02  2.69007025e-03
  8.07703741e-03 -3.63857207e-03 -2.68535194e-15 -9.31546507e-16
  5.45570533e-16  8.11539775e-03 -2.46894519e-15 -2.21784396e-15
  6.97867423e-03  3.04357234e-15  1.49793372e-15  1.40512602e-16
  7.08504989e-03  6.30023624e-03 -2.75907769e-15  6.15459737e-03
  3.61950053e-15  6.58003286e-03  3.42564518e-15 -3.75112268e-15
  8.87311058e-16  1.18793869e-02 -8.29631502e-16 -3.65332764e-15
  1.39428304e-03 -2.85188539e-15  1.71911096e-15  7.12537668e-16
  1.28911638e-15 -5.34077990e-16 -8.84708973e-17  2.70833703e-15
  2.93862157e-15  2.58473798e-16 -3.59521440e-16 -4.51721993e-15
  1.67140607e-15  5.15212872e-16 -1.60082451e-15 -4.92661467e-16
 -1.08680426e-15 -1.67661024e-15  2.28116137e-16  2.29946571e-02
  1.38604406e-15  7.07767178e-16 -2.84603070e-15]",55,
365,10,2,2,1.1596057447604835e-13,,,"[ 2.81330083e-02 -1.96065815e-02  5.30940315e-03 -1.43290598e-02
 -6.52152243e-03  1.63449438e-02  1.96838441e-02  2.69007025e-03
  8.07703741e-03 -3.63857207e-03 -2.83215291e-15  1.88217497e-16
  5.26922256e-17  8.11539775e-03 -2.31910845e-15 -3.14505366e-15
  6.97867423e-03  2.29677388e-15  8.38521960e-16  2.19442520e-16
  7.08504989e-03  6.30023624e-03 -3.06178694e-15  6.15459737e-03
  4.21082440e-15  6.58003286e-03  3.60649011e-15 -2.58387062e-15
 -7.80625564e-17  1.18793869e-02  2.32019265e-16 -4.20496971e-15
  1.39428304e-03 -2.86749791e-15  1.49359691e-15  1.11130723e-15
  1.16573418e-15 -7.53086829e-16 -1.23772520e-15  2.19312415e-15
  2.95163199e-15  1.05210979e-15 -2.84494650e-16 -3.92828131e-15
  1.35568640e-15 -2.08817338e-16 -1.07943168e-15 -3.50414142e-16
 -1.11694508e-15 -9.46291656e-16 -9.36750677e-17  2.29946571e-02
  1.69655956e-15  5.16080234e-16 -2.88744723e-15]",55,
385,10,2,2,1.4779288903810084e-14,,,"[ 2.81330083e-02 -1.96065815e-02  5.30940315e-03 -1.43290598e-02
 -6.52152243e-03  1.63449438e-02  1.96838441e-02  2.69007025e-03
  8.07703741e-03 -3.63857207e-03 -3.52929491e-15  2.42861287e-17
 -1.14058069e-16  8.11539775e-03 -1.28651430e-15 -3.10385398e-15
  6.97867423e-03  2.01921813e-15  8.97719399e-16  6.55725474e-16
  7.08504989e-03  6.30023624e-03 -2.35922393e-15  6.15459737e-03
  3.69973149e-15  6.58003286e-03  3.56745883e-15 -2.17122327e-15
 -6.93889390e-16  1.18793869e-02  3.53016227e-16 -3.72965547e-15
  1.39428304e-03 -2.52966051e-15  1.74469814e-15  1.70740158e-15
  3.46944695e-16  3.39572120e-16 -2.35922393e-16  2.15235815e-15
  2.46287366e-15  7.04297731e-16  7.76505596e-16 -3.21270788e-15
  9.22005527e-16 -3.62123526e-16 -8.41340886e-16 -2.93168267e-16
 -1.01654796e-15 -6.22332047e-16 -6.93889390e-17  2.29946571e-02
  1.58900670e-15 -1.24900090e-16 -2.73565892e-15]",55,
405,10,2,2,1.4779288903810084e-14,,,"[ 2.81330083e-02 -1.96065815e-02  5.30940315e-03 -1.43290598e-02
 -6.52152243e-03  1.63449438e-02  1.96838441e-02  2.69007025e-03
  8.07703741e-03 -3.63857207e-03 -3.43128304e-15 -2.56305394e-16
 -3.70282147e-16  8.11539775e-03 -9.20704485e-16 -3.45968913e-15
  6.97867423e-03  2.71484224e-15  9.06393016e-16  3.82506526e-16
  7.08504989e-03  6.30023624e-03 -2.43121495e-15  6.15459737e-03
  3.35799097e-15  6.58003286e-03  4.13970073e-15 -2.54776669e-15
 -1.17700988e-15  1.18793869e-02  2.55004351e-16 -3.37447084e-15
  1.39428304e-03 -2.74780199e-15  1.21040331e-15  1.44892778e-15
  7.37257477e-16  3.90312782e-16 -3.27862737e-16  1.96934483e-15
  2.44422538e-15  3.57353036e-16  3.95950633e-16 -2.13370988e-15
  4.15466272e-16 -3.87493856e-16 -8.30065183e-16 -7.44196371e-16
 -3.95516953e-16 -7.32053307e-16  8.89045781e-17  2.29946571e-02
  1.68701858e-15  5.76795556e-17 -2.59861577e-15]",55,
5,10,2,3,0.04628055348098883,,,"[ 3.36545531e-03 -5.00273206e-03  1.63727674e-03 -3.90957347e-03
  1.07674705e-03  4.98632052e-03  1.62086520e-03 -3.36545531e-03
  3.89316192e-03 -4.98632052e-03  1.63727674e-03 -5.00273206e-03
  5.44118153e-04  2.28870826e-03 -1.62086520e-03 -4.98632052e-03
  0.00000000e+00 -5.27706613e-04  1.62086520e-03  3.36545531e-03
  1.09315859e-03 -3.89316192e-03  1.64115405e-05  3.38186685e-03
 -1.63727674e-03 -1.07674705e-03 -1.64115405e-05  2.27229672e-03
  5.27706613e-04 -3.38186685e-03 -1.64115405e-05  5.00273206e-03
 -2.28870826e-03  3.38186685e-03 -4.98632052e-03 -1.07674705e-03
  2.28870826e-03 -5.44118153e-04  1.64115405e-05  1.07674705e-03
  3.90957347e-03  5.44118153e-04 -2.28870826e-03  5.00273206e-03
 -3.90957347e-03 -3.36545531e-03  1.62086520e-03  1.09315859e-03
  0.00000000e+00  4.98632052e-03 -2.27229672e-03  3.36545531e-03
  5.27706613e-04 -1.62086520e-03 -1.09315859e-03]",53,
25,10,2,3,0.029339883522233663,,,"[ 2.10099183e-02 -1.51279485e-02  3.25890836e-03 -7.41828158e-03
  1.42528423e-03  9.71712832e-03  8.99512493e-03 -2.93929410e-03
  4.52849001e-03 -9.71510538e-04  5.40684841e-03 -1.07352960e-03
  5.02334304e-03  6.32825368e-03  3.28406224e-03 -1.79638105e-03
  1.91762610e-03 -5.66429864e-03  6.59510361e-04  1.39970217e-03
  5.60093729e-03  4.87391370e-03  7.45466537e-04  3.35425412e-03
  3.04677343e-03  8.77822201e-03 -6.00465947e-03  4.17487648e-03
 -3.33483439e-03  8.53359051e-03  2.99855825e-03  1.23749504e-03
  1.39424161e-04  4.95728842e-03  4.82189782e-04 -1.17198793e-04
 -8.00619743e-04 -5.67108739e-03  1.71319492e-03  1.04657345e-02
 -4.96453633e-03  1.82617082e-04 -2.45908905e-03  4.01913966e-03
 -3.07501792e-03 -5.14372696e-03  3.19083001e-03 -3.15746459e-04
 -3.28667894e-03  1.06927208e-02 -3.72169123e-03  9.77841522e-03
 -4.83420082e-05 -3.01364615e-03  3.27329164e-03]",55,
45,10,2,3,0.015266625085539545,,,"[ 0.02190331 -0.01975524  0.00173678 -0.01389777 -0.00383584  0.01444701
  0.01522588  0.00191399  0.01051722 -0.00329398  0.00238676  0.0025073
  0.00234187  0.00713513  0.00223719 -0.00139361  0.00694425 -0.00252728
 -0.00120386  0.00019802  0.00495034  0.00891353  0.00083791  0.01074973
 -0.00066934  0.00576396  0.00025724 -0.00100745 -0.00314286  0.01063233
  0.00116651 -0.0025431  -0.00107715 -0.00040175 -0.00355853  0.00067158
 -0.00408687 -0.00353351  0.00346271  0.00176713 -0.00426644  0.00135476
  0.00422292  0.00424461 -0.00173985 -0.00215246  0.00029457 -0.0024804
  0.00024875  0.00470616 -0.0035409   0.02131488 -0.00181535  0.0003059
  0.00259912]",55,
65,10,2,3,5.1727511163335295e-14,,,"[ 2.81330083e-02 -1.96065815e-02  5.30940315e-03 -1.43290598e-02
 -6.52152243e-03  1.63449438e-02  1.96838441e-02  2.69007025e-03
  8.07703741e-03 -3.63857207e-03 -2.15955726e-14 -1.79448470e-14
  7.18565832e-15  8.11539775e-03 -1.65223737e-14 -1.54867438e-14
  6.97867423e-03  1.21335234e-14 -4.23055688e-15  5.07233144e-15
  7.08504989e-03  6.30023624e-03 -3.21617732e-15  6.15459737e-03
  7.49053597e-15  6.58003286e-03  2.26901831e-15 -5.24233434e-15
 -3.16391878e-15  1.18793869e-02 -1.05367104e-14 -9.83393054e-15
  1.39428304e-03 -8.99584227e-15 -5.38501535e-15  1.90385901e-16
 -2.79117007e-15  4.18415302e-15 -4.72278466e-16  5.09011236e-15
 -1.27328703e-15  1.23017915e-14  7.28757332e-15 -5.91562389e-15
  3.09474668e-15 -1.43739187e-14 -1.57903204e-14 -9.89399535e-15
 -3.98661139e-15  4.23706209e-15 -2.20461670e-15  2.29946571e-02
  5.40800044e-16 -3.60649011e-15  2.09988277e-15]",55,
85,10,2,3,1.199396137963049e-13,,,"[ 2.81330083e-02 -1.96065815e-02  5.30940315e-03 -1.43290598e-02
 -6.52152243e-03  1.63449438e-02  1.96838441e-02  2.69007025e-03
  8.07703741e-03 -3.63857207e-03 -1.13190707e-14 -2.41646980e-15
  4.34808439e-15  8.11539775e-03  1.78329573e-15 -6.86777024e-15
  6.97867423e-03  3.84371354e-15 -7.21384757e-15  6.09668566e-15
  7.08504989e-03  6.30023624e-03 -3.59825017e-15  6.15459737e-03
  2.64697118e-15  6.58003286e-03  4.45867301e-15 -8.53917631e-15
 -4.66467143e-15  1.18793869e-02  6.52256027e-16 -4.31599201e-15
  1.39428304e-03 -3.57699981e-15 -2.58365378e-15  3.02839351e-15
 -3.42521150e-15  3.74700271e-16  1.61155811e-15  2.76861867e-15
 -4.66206934e-15  1.22063817e-14  2.64892275e-15  5.46004214e-16
  4.81472501e-15 -5.86585901e-15 -4.46344350e-15 -6.23199409e-15
  2.29937597e-15  8.62352724e-15 -7.37084005e-15  2.29946571e-02
  2.51534904e-17 -1.30819834e-15 -3.42044101e-15]",55,
105,10,2,3,1.1311840353300795e-13,,,"[ 2.81330083e-02 -1.96065815e-02  5.30940315e-03 -1.43290598e-02
 -6.52152243e-03  1.63449438e-02  1.96838441e-02  2.69007025e-03
  8.07703741e-03 -3.63857207e-03 -5.66951000e-15 -1.85355203e-15
  1.20335599e-15  8.11539775e-03 -1.22124533e-15 -6.87123969e-15
  6.97867423e-03  4.52762827e-15 -3.00280634e-15  3.27602528e-15
  7.08504989e-03  6.30023624e-03 -6.11012976e-15  6.15459737e-03
  3.86322918e-15  6.58003286e-03  4.13037660e-15 -6.20120275e-15
 -3.60995955e-15  1.18793869e-02  7.91445902e-15 -2.72221481e-15
  1.39428304e-03 -2.67971409e-15  1.87306767e-15  1.09948942e-15
 -4.89018548e-15  8.25294694e-16  3.69019051e-15  4.79651041e-16
  3.72965547e-16  5.51208384e-15 -1.51441359e-15  1.89258331e-15
  2.73479156e-15 -3.31939337e-15 -2.84321178e-15 -2.96681082e-15
  1.38561038e-16  4.15553009e-15 -8.70224032e-15  2.29946571e-02
 -1.12800394e-15 -4.59441513e-15 -3.70450198e-15]",55,
125,10,2,3,2.285105438204482e-13,,,"[ 2.81330083e-02 -1.96065815e-02  5.30940315e-03 -1.43290598e-02
 -6.52152243e-03  1.63449438e-02  1.96838441e-02  2.69007025e-03
  8.07703741e-03 -3.63857207e-03 -5.43705705e-15 -1.63280847e-15
  1.42247325e-16  8.11539775e-03 -1.49186219e-15 -6.37250669e-15
  6.97867423e-03  3.87710697e-15 -3.55531576e-15  2.79941001e-15
  7.08504989e-03  6.30023624e-03 -6.46878384e-15  6.15459737e-03
  2.83930865e-15  6.58003286e-03  2.82499718e-15 -1.90971371e-15
 -4.75747913e-15  1.18793869e-02  4.08310538e-16  7.67615138e-17
  1.39428304e-03 -2.79355532e-15  1.96674274e-15 -1.33421919e-15
 -4.22318430e-15  9.15066634e-16  1.92641042e-15  3.02535774e-15
  3.10472134e-15  4.18241830e-15  1.39406715e-15 -2.35922393e-16
  2.18054741e-15 -2.29417180e-15 -3.16760507e-15 -4.66467143e-15
 -1.44350677e-15  7.58941521e-16 -4.37323788e-15  2.29946571e-02
 -1.66533454e-16 -2.68643614e-15 -3.53016227e-15]",55,
145,10,2,3,2.3305801732931285e-14,,,"[ 2.81330083e-02 -1.96065815e-02  5.30940315e-03 -1.43290598e-02
 -6.52152243e-03  1.63449438e-02  1.96838441e-02  2.69007025e-03
  8.07703741e-03 -3.63857207e-03 -5.88071258e-15 -1.84921523e-15
  2.42340870e-15  8.11539775e-03 -1.13884596e-15 -7.67571770e-15
  6.97867423e-03  3.95907265e-15 -4.42961640e-15  2.79463952e-15
  7.08504989e-03  6.30023624e-03 -4.21017388e-15  6.15459737e-03
  8.84708973e-17  6.58003286e-03  5.77229237e-15 -1.16833626e-15
 -5.00120778e-15  1.18793869e-02  6.78276879e-16 -1.23794204e-15
  1.39428304e-03 -8.91647867e-16 -2.18206529e-15 -1.79543880e-15
 -2.78596590e-15  1.04083409e-16  1.00787434e-15  2.87075051e-15
  1.87566976e-15  3.93088340e-15  2.52792579e-15 -6.01949046e-16
  2.57129387e-15  4.44739731e-16 -2.68752035e-15 -8.23256394e-15
  1.34310965e-15 -8.03176969e-16 -4.23879681e-15  2.29946571e-02
  9.43689571e-16 -2.97548444e-15 -5.76275139e-15]",55,
165,10,2,3,1.9895196601282804e-14,,,"[ 2.81330083e-02 -1.96065815e-02  5.30940315e-03 -1.43290598e-02
 -6.52152243e-03  1.63449438e-02  1.96838441e-02  2.69007025e-03
  8.07703741e-03 -3.63857207e-03 -3.57699981e-15 -2.31932529e-15
  2.21957869e-15  8.11539775e-03 -1.79804088e-15 -6.86473448e-15
  6.97867423e-03  3.80598331e-15 -3.00649262e-15  1.62717062e-15
  7.08504989e-03  6.30023624e-03 -3.88925003e-15  6.15459737e-03
 -1.00006808e-15  6.58003286e-03  6.46791648e-15  8.40473524e-16
 -4.88845076e-15  1.18793869e-02  8.27896779e-16 -1.73645820e-15
  1.39428304e-03 -7.10802944e-16 -6.78710560e-16 -1.66229877e-15
 -1.92641042e-15  1.39471767e-15  2.10118381e-16  3.69409364e-15
 -1.14621854e-15  1.88000657e-15  1.63064007e-15 -1.15272375e-15
  2.15105711e-15  2.48152193e-15 -4.99600361e-16 -7.75074449e-15
  1.31925720e-15  2.77555756e-16 -2.85708956e-15  2.29946571e-02
  9.92261828e-16 -3.38878231e-15 -1.02001740e-15]",55,
185,10,2,3,1.199396137963049e-13,,,"[ 2.81330083e-02 -1.96065815e-02  5.30940315e-03 -1.43290598e-02
 -6.52152243e-03  1.63449438e-02  1.96838441e-02  2.69007025e-03
  8.07703741e-03 -3.63857207e-03 -2.11289319e-15 -3.19145751e-15
  2.73132211e-15  8.11539775e-03 -5.32560107e-16 -5.95183625e-15
  6.97867423e-03  5.02722863e-15 -9.22872889e-16  1.48579066e-15
  7.08504989e-03  6.30023624e-03 -4.10782519e-15  6.15459737e-03
 -1.61849700e-15  6.58003286e-03  6.60409227e-15 -8.45677695e-16
 -3.39311912e-15  1.18793869e-02  1.91773680e-15 -3.04964387e-15
  1.39428304e-03 -3.17107451e-15 -3.98986399e-16 -1.37303363e-15
 -1.21430643e-16  2.11701316e-15 -1.67834496e-16  3.50153934e-15
 -4.52762827e-16  1.82145965e-15 -7.78348740e-16 -1.10762094e-15
  2.80764995e-15  2.29634020e-15  3.07046055e-16 -8.21218094e-15
 -6.15826834e-17  1.03302783e-15 -1.57751416e-15  2.29946571e-02
 -2.74086309e-16 -3.47291640e-15 -1.99406464e-15]",55,
205,10,2,3,1.1709744285326451e-13,,,"[ 2.81330083e-02 -1.96065815e-02  5.30940315e-03 -1.43290598e-02
 -6.52152243e-03  1.63449438e-02  1.96838441e-02  2.69007025e-03
  8.07703741e-03 -3.63857207e-03 -2.75647560e-15 -2.15626128e-15
  1.54086813e-15  8.11539775e-03  2.52727526e-16 -3.75047216e-15
  6.97867423e-03  3.05159543e-15  5.72025066e-16  8.04803273e-16
  7.08504989e-03  6.30023624e-03 -2.91086599e-15  6.15459737e-03
 -1.03389519e-15  6.58003286e-03  7.04818148e-15 -1.22298005e-15
 -3.72141554e-15  1.18793869e-02  9.61036806e-16 -2.05131051e-15
  1.39428304e-03 -3.95256744e-15  6.81746326e-16  5.68989300e-16
 -3.93782229e-16  2.61075883e-15 -2.76254714e-16  1.86656246e-15
 -4.55364912e-17  1.26721550e-15 -1.21452327e-15  9.40220124e-16
  1.96414066e-15  1.14491749e-15 -2.51534904e-17 -6.07673634e-15
 -8.60422844e-16  2.37743852e-15 -1.21083699e-15  2.29946571e-02
 -1.05644660e-15 -1.70111321e-15 -1.31838984e-15]",55,
225,10,2,3,1.1084466677857563e-13,,,"[ 2.81330083e-02 -1.96065815e-02  5.30940315e-03 -1.43290598e-02
 -6.52152243e-03  1.63449438e-02  1.96838441e-02  2.69007025e-03
  8.07703741e-03 -3.63857207e-03 -1.84075845e-15 -1.32532874e-15
  1.91686944e-15  8.11539775e-03 -7.10369263e-16 -2.96984659e-15
  6.97867423e-03  3.59521440e-15  7.98840161e-16  9.35449634e-16
  7.08504989e-03  6.30023624e-03 -3.61342900e-15  6.15459737e-03
  3.49546780e-16  6.58003286e-03  6.34561848e-15 -1.61242547e-15
 -4.81645973e-15  1.18793869e-02  1.95243127e-15 -3.59564808e-15
  1.39428304e-03 -1.84661314e-15 -5.85469173e-17  1.37173259e-15
 -1.84704682e-15  1.99232991e-15 -2.86229374e-17  1.78849990e-15
  2.93168267e-16 -1.53089347e-16 -2.19919569e-15  7.27282817e-16
  1.85875620e-15  1.82145965e-15  7.25981775e-16 -5.24840588e-15
 -6.07153217e-16  1.32446137e-15 -1.76247905e-15  2.29946571e-02
 -1.35481903e-15 -1.63584424e-15 -1.30798150e-15]",55,
245,10,2,3,1.6484591469634323e-14,,,"[ 2.81330083e-02 -1.96065815e-02  5.30940315e-03 -1.43290598e-02
 -6.52152243e-03  1.63449438e-02  1.96838441e-02  2.69007025e-03
  8.07703741e-03 -3.63857207e-03 -2.74823567e-15 -9.82287168e-16
  2.55177823e-15  8.11539775e-03 -7.89299182e-16 -2.56825811e-15
  6.97867423e-03  3.93175076e-15  1.09461051e-15  3.98986399e-17
  7.08504989e-03  6.30023624e-03 -2.84668122e-15  6.15459737e-03
  5.91540705e-16  6.58003286e-03  5.12047002e-15 -2.00100353e-15
 -4.93095148e-15  1.18793869e-02  2.33840725e-15 -3.88578059e-15
  1.39428304e-03 -2.01227923e-15  1.53306187e-16  5.93709110e-16
 -1.53826604e-15  1.90993055e-15  6.57893878e-16  2.85774009e-15
  1.83967425e-15 -3.16153353e-16 -2.04090217e-15 -5.29090660e-17
  1.18481613e-15  6.27536217e-16 -4.44089210e-16 -4.36413058e-15
 -3.74700271e-16  1.54477126e-15 -1.33552024e-15  2.29946571e-02
 -9.09862463e-16 -6.87817858e-16 -2.38199217e-15]",55,
265,10,2,3,1.5916157281026246e-14,,,"[ 2.81330083e-02 -1.96065815e-02  5.30940315e-03 -1.43290598e-02
 -6.52152243e-03  1.63449438e-02  1.96838441e-02  2.69007025e-03
  8.07703741e-03 -3.63857207e-03 -4.01241540e-15  2.76688394e-16
  2.29460548e-15  8.11539775e-03 -1.06251813e-15 -2.39044895e-15
  6.97867423e-03  4.15032592e-15  6.37510877e-16  1.06685494e-16
  7.08504989e-03  6.30023624e-03 -2.53616572e-15  6.15459737e-03
  9.62771529e-16  6.58003286e-03  4.46344350e-15 -2.61075883e-15
 -4.88714971e-15  1.18793869e-02  2.70009709e-15 -4.41096812e-15
  1.39428304e-03 -1.48362225e-15  6.34041430e-16  1.24206201e-15
 -1.33920652e-15  1.77288739e-15  6.17561557e-16  2.49453236e-15
  2.07125983e-15  1.61329283e-16 -1.97671740e-15 -5.08707659e-16
  1.63150743e-15 -5.28656979e-16 -2.10768902e-16 -4.18675511e-15
 -9.21138166e-16  8.89913143e-16 -1.35048223e-15  2.29946571e-02
  1.29280267e-15 -8.29197822e-16 -2.79366374e-15]",55,
285,10,2,3,1.0913936421275138e-13,,,"[ 2.81330083e-02 -1.96065815e-02  5.30940315e-03 -1.43290598e-02
 -6.52152243e-03  1.63449438e-02  1.96838441e-02  2.69007025e-03
  8.07703741e-03 -3.63857207e-03 -3.88751531e-15  7.00611444e-16
  1.98018685e-15  8.11539775e-03 -9.66457817e-16 -3.36709827e-15
  6.97867423e-03  4.15119328e-15 -1.25333771e-16  4.25440932e-16
  7.08504989e-03  6.30023624e-03 -3.35929201e-15  6.15459737e-03
  1.27675648e-15  6.58003286e-03  3.69929781e-15 -2.46981255e-15
 -4.13384604e-15  1.18793869e-02  1.60808866e-15 -3.18018181e-15
  1.39428304e-03 -3.26041277e-15  9.22872889e-16  6.68735900e-16
 -4.75097392e-16  6.93022029e-16  1.02348685e-16  2.59341160e-15
  2.65933109e-15  2.89698820e-16 -1.49533164e-15 -7.28583860e-16
  1.83533744e-15 -5.73326109e-16  4.02889527e-16 -3.36449618e-15
 -1.04430353e-15 -1.30104261e-17 -1.00180281e-15  2.29946571e-02
  3.83373888e-16 -9.79251402e-16 -2.06258621e-15]",55,
305,10,2,3,1.5347723092418165e-14,,,"[ 2.81330083e-02 -1.96065815e-02  5.30940315e-03 -1.43290598e-02
 -6.52152243e-03  1.63449438e-02  1.96838441e-02  2.69007025e-03
  8.07703741e-03 -3.63857207e-03 -4.40619763e-15 -6.37510877e-17
  2.22727652e-15  8.11539775e-03 -7.86697096e-16 -2.67125731e-15
  6.97867423e-03  2.87964097e-15  7.07767178e-16  6.24500451e-16
  7.08504989e-03  6.30023624e-03 -2.51534904e-15  6.15459737e-03
  2.31368744e-15  6.58003286e-03  3.64508770e-15 -3.36536354e-15
 -2.91260072e-15  1.18793869e-02 -8.32667268e-17 -2.98415806e-15
  1.39428304e-03 -2.95434250e-15  8.60422844e-16  2.17707796e-16
 -1.99493200e-16  7.93635990e-16  1.49619900e-16  4.19976554e-15
  2.54657406e-15  7.64362532e-16 -1.16096369e-15 -1.61676228e-15
  9.68843061e-16 -7.69783542e-16  3.20923843e-16 -1.75163703e-15
 -1.07813064e-15  1.21040331e-15  9.02056208e-17  2.29946571e-02
  7.67615138e-16 -6.79144241e-16 -2.25514052e-15]",55,
325,10,2,3,1.4779288903810084e-14,,,"[ 2.81330083e-02 -1.96065815e-02  5.30940315e-03 -1.43290598e-02
 -6.52152243e-03  1.63449438e-02  1.96838441e-02  2.69007025e-03
  8.07703741e-03 -3.63857207e-03 -3.38010869e-15  5.89805982e-16
  1.39645240e-15  8.11539775e-03 -9.78384040e-16 -2.70009709e-15
  6.97867423e-03  3.29933563e-15  1.09634524e-15  8.69096461e-16
  7.08504989e-03  6.30023624e-03 -1.51181151e-15  6.15459737e-03
  2.63331024e-15  6.58003286e-03  4.12170298e-15 -2.96984659e-15
 -3.09995085e-15  1.18793869e-02  4.30211422e-16 -3.16142511e-15
  1.39428304e-03 -2.83150239e-15  1.34441069e-15 -9.10729825e-17
  4.18502039e-16 -1.51788304e-18  7.35089073e-16  3.16587034e-15
  2.20656826e-15  5.46437895e-17 -7.97972799e-16 -2.30338752e-15
  5.63351449e-16 -7.63278329e-16  8.22801029e-16 -2.16320017e-15
 -1.68723542e-15  4.85722573e-17 -7.19910243e-17  2.29946571e-02
  1.17961196e-15  1.37476835e-16 -2.24516586e-15]",55,
345,10,2,3,1.3642420526593923e-14,,,"[ 2.81330083e-02 -1.96065815e-02  5.30940315e-03 -1.43290598e-02
 -6.52152243e-03  1.63449438e-02  1.96838441e-02  2.69007025e-03
  8.07703741e-03 -3.63857207e-03 -3.77996245e-15  3.06612374e-16
  1.69786060e-15  8.11539775e-03 -1.05818132e-15 -2.80743311e-15
  6.97867423e-03  3.61689845e-15  1.13277443e-15  9.40220124e-16
  7.08504989e-03  6.30023624e-03 -1.44263941e-15  6.15459737e-03
  2.94252470e-15  6.58003286e-03  4.04884459e-15 -2.52315530e-15
 -2.52185425e-15  1.18793869e-02 -5.48172618e-16 -3.34975103e-15
  1.39428304e-03 -2.53616572e-15  1.01047642e-15 -1.51788304e-17
  6.25367813e-16  1.72496566e-16  9.38485401e-16  3.02709247e-15
  2.81892565e-15  6.66133815e-16  5.37764278e-17 -2.62550398e-15
  8.25728375e-16 -1.53176083e-15  9.36750677e-17 -1.82492910e-15
 -1.31838984e-15 -9.52363188e-16  1.35742112e-16  2.29946571e-02
  1.35655376e-15  3.85975973e-16 -1.85734674e-15]",55,
365,10,2,3,1.3073986337985844e-14,,,"[ 2.81330083e-02 -1.96065815e-02  5.30940315e-03 -1.43290598e-02
 -6.52152243e-03  1.63449438e-02  1.96838441e-02  2.69007025e-03
  8.07703741e-03 -3.63857207e-03 -3.43215040e-15  5.12177106e-16
  1.17354043e-15  8.11539775e-03 -7.02563008e-16 -3.38878231e-15
  6.97867423e-03  3.38444550e-15  8.95117314e-16  1.85615412e-16
  7.08504989e-03  6.30023624e-03 -1.92597674e-15  6.15459737e-03
  3.19210804e-15  6.58003286e-03  3.93088340e-15 -2.83106871e-15
 -1.63671160e-15  1.18793869e-02 -7.66747776e-16 -2.70443390e-15
  1.39428304e-03 -2.98068861e-15  1.54130181e-15  7.32053307e-16
  1.11369247e-15 -3.46944695e-17  8.43942971e-16  2.65239219e-15
  2.45593476e-15  4.30211422e-16  5.76795556e-17 -2.50450702e-15
  1.15402479e-15 -7.45931095e-16 -1.62196645e-16 -1.63280847e-15
 -1.15185639e-15 -6.68302219e-16  5.80265003e-16  2.29946571e-02
  5.95443833e-16  1.10154941e-16 -1.91166527e-15]",55,
385,10,2,3,1.1880274541908874e-13,,,"[ 2.81330083e-02 -1.96065815e-02  5.30940315e-03 -1.43290598e-02
 -6.52152243e-03  1.63449438e-02  1.96838441e-02  2.69007025e-03
  8.07703741e-03 -3.63857207e-03 -3.28816835e-15  2.40259201e-16
  3.17454396e-16  8.11539775e-03 -1.15445847e-15 -3.35625625e-15
  6.97867423e-03  3.17280924e-15  8.90563664e-16  4.30211422e-16
  7.08504989e-03  6.30023624e-03 -2.28810026e-15  6.15459737e-03
  3.20197428e-15  6.58003286e-03  4.02802791e-15 -2.26164573e-15
 -1.16573418e-15  1.18793869e-02  5.20417043e-18 -3.65332764e-15
  1.39428304e-03 -2.44509274e-15  1.82753118e-15  1.47798440e-15
  9.92261828e-16 -1.97107955e-16  4.15249432e-16  2.70104577e-15
  2.40953091e-15  3.43475248e-16 -9.63855731e-17 -1.87350135e-15
  5.62050406e-16 -7.11236625e-16 -7.71951947e-16 -9.73179870e-16
 -1.05991604e-15 -4.66640615e-16  2.90999863e-16  2.29946571e-02
  1.06685494e-15  1.23165367e-16 -2.55871713e-15]",55,
405,10,2,3,1.5347723092418165e-14,,,"[ 2.81330083e-02 -1.96065815e-02  5.30940315e-03 -1.43290598e-02
 -6.52152243e-03  1.63449438e-02  1.96838441e-02  2.69007025e-03
  8.07703741e-03 -3.63857207e-03 -3.42781359e-15 -2.39825521e-16
 -3.64644296e-16  8.11539775e-03 -9.24607613e-16 -3.47280798e-15
  6.97867423e-03  2.71917905e-15  9.17668719e-16  3.79037080e-16
  7.08504989e-03  6.30023624e-03 -2.44812851e-15  6.15459737e-03
  3.32156178e-15  6.58003286e-03  4.15206064e-15 -2.54212883e-15
 -1.17874460e-15  1.18793869e-02  2.44596010e-16 -3.34801631e-15
  1.39428304e-03 -2.73392420e-15  1.19479079e-15  1.46172137e-15
  7.59808882e-16  3.59087760e-16 -3.45426812e-16  1.97671740e-15
  2.45463372e-15  3.59087760e-16  4.12430506e-16 -2.13544460e-15
  4.11996826e-16 -4.17417836e-16 -8.34401992e-16 -7.68482500e-16
 -4.17200996e-16 -7.21644966e-16  1.08853898e-16  2.29946571e-02
  1.68007969e-15  3.94649591e-17 -2.61075883e-15]",55,
5,10,2,4,0.04350217971972938,,,"[ 0.00071542 -0.00289287 -0.00082574  0.00371861  0.00073205  0.00144748
  0.00300319  0.          0.00072997 -0.00144748 -0.00217745 -0.00011032
  0.00300319  0.00144748  0.00073205  0.00371861  0.00071542  0.00144539
 -0.00073205 -0.00371861  0.00082574  0.00072997  0.00144539  0.00011032
 -0.00289287  0.00073205 -0.00144539  0.00289287  0.0015578   0.00227322
  0.00217745 -0.00082574  0.00155571 -0.00227322 -0.00155571 -0.00227113
  0.00071542  0.00371861 -0.0015578   0.00227113  0.00071542 -0.00227113
  0.00073205 -0.00289287 -0.00071542 -0.00155571  0.00144748 -0.00217745
  0.          0.00300319 -0.00227322  0.00155571  0.00072997 -0.00144748
  0.00217745]",53,
25,10,2,4,0.03745663217692254,,,"[ 0.00638528 -0.01034498  0.00525686  0.00023693  0.00445562  0.01049612
  0.00529619 -0.00201361 -0.00046513  0.00149392 -0.00354577  0.00230511
  0.00142812  0.00656289  0.00239042  0.00181962  0.00267455  0.00121235
 -0.00088143 -0.00644684  0.00861373  0.00839683 -0.00535747  0.00010337
  0.00453565  0.0097773  -0.00430391  0.00195526 -0.00332868  0.0044194
 -0.00126162 -0.00052606  0.00349808  0.00041301  0.00210823 -0.00200064
  0.00231926  0.00828328 -0.00352646 -0.0010712   0.00206545 -0.00828943
 -0.00233723 -0.00346258  0.00349636 -0.00120595 -0.00281293  0.00273389
 -0.00176739 -0.0036165  -0.0016935   0.01026534  0.00425768 -0.00188139
 -0.00137251]",55,
45,10,2,4,0.0185786916427503,,,"[ 0.02431131 -0.01971454  0.01103443 -0.01207997 -0.00619785  0.01068605
  0.01276668  0.00203762  0.00429824  0.00224413  0.00087172  0.00517195
  0.00468377  0.00466592 -0.00162109  0.00090931  0.00658254 -0.00011077
 -0.00238929  0.00065354  0.00655839  0.00779612 -0.00381813  0.00529333
 -0.00097967  0.00797841 -0.00467093  0.0007039   0.00164025  0.01138261
 -0.00486582 -0.00131147 -0.00020667  0.00027554 -0.00423478  0.00332048
  0.00128251  0.00671194 -0.00441074  0.00313853 -0.00465104  0.00038752
 -0.00057495 -0.00170408  0.00336552 -0.00072594 -0.00025026  0.00086811
  0.001099   -0.00226436 -0.00182427  0.01935583 -0.00109448 -0.00273918
  0.00187492]",55,
65,10,2,4,1.1311840353300795e-13,,,"[ 2.81330083e-02 -1.96065815e-02  5.30940315e-03 -1.43290598e-02
 -6.52152243e-03  1.63449438e-02  1.96838441e-02  2.69007025e-03
  8.07703741e-03 -3.63857207e-03  4.31989514e-15  4.20887283e-15
 -8.15450138e-15  8.11539775e-03  2.09554596e-15 -1.88152445e-15
  6.97867423e-03  8.45851167e-15 -4.57446581e-15 -3.39615489e-15
  7.08504989e-03  6.30023624e-03 -6.30398511e-15  6.15459737e-03
  1.76048412e-14  6.58003285e-03 -3.86409654e-15 -7.85829735e-15
  3.33934269e-15  1.18793869e-02 -1.31405303e-15 -2.91346808e-15
  1.39428304e-03 -5.73683896e-15 -7.54561344e-15 -5.72979164e-15
  1.64781383e-14  9.96728741e-15 -3.45556916e-15  1.22922506e-14
 -5.52639531e-15  9.43949779e-15  7.43502482e-15 -1.96257940e-14
  3.10168558e-15 -2.05044315e-15 -1.77618337e-14  4.59354776e-15
  7.87564458e-15  2.82976767e-15 -4.31425728e-15  2.29946571e-02
  8.94336688e-15 -1.80758186e-15 -4.16723947e-15]",55,
85,10,2,4,3.126388037344441e-14,,,"[ 2.81330083e-02 -1.96065815e-02  5.30940315e-03 -1.43290598e-02
 -6.52152243e-03  1.63449438e-02  1.96838441e-02  2.69007025e-03
  8.07703741e-03 -3.63857207e-03  8.49754295e-15  4.62585699e-15
  6.49220261e-16  8.11539775e-03 -7.76115283e-15 -3.95625373e-15
  6.97867423e-03  5.53897206e-15  8.27463098e-16  5.98479599e-17
  7.08504989e-03  6.30023624e-03  7.34655392e-16  6.15459737e-03
  4.87153720e-15  6.58003286e-03 -3.75047216e-15 -4.16680579e-15
  6.63531730e-15  1.18793869e-02 -6.43582410e-16 -6.18645760e-16
  1.39428304e-03 -4.75487705e-15 -5.15754973e-15 -3.63424568e-15
  6.14786000e-15  9.41174222e-15 -8.20524204e-16  7.86436888e-15
 -4.00937963e-16 -1.69092171e-15  1.61849700e-15 -7.97105437e-15
  5.16253706e-15 -4.86156254e-16 -5.06701885e-15  6.07153217e-18
  6.61103117e-15 -1.64538522e-15 -5.93101956e-15  2.29946571e-02
  5.57540125e-15  2.81762461e-15 -1.29215215e-15]",55,
105,10,2,4,1.1652900866465642e-13,,,"[ 2.81330083e-02 -1.96065815e-02  5.30940315e-03 -1.43290598e-02
 -6.52152243e-03  1.63449438e-02  1.96838441e-02  2.69007025e-03
  8.07703741e-03 -3.63857207e-03 -1.37043155e-16  5.34121358e-15
 -3.22832039e-15  8.11539775e-03 -6.28837260e-15 -5.06625991e-15
  6.97867423e-03  8.40733733e-15 -3.32980171e-15 -1.41791960e-15
  7.08504989e-03  6.30023624e-03 -7.47665818e-16  6.15459737e-03
  6.66567496e-15  6.58003286e-03  2.12416890e-15  1.02435421e-15
  1.01416271e-14  1.18793869e-02 -5.82303303e-15 -3.65592973e-15
  1.39428304e-03 -6.21551421e-15 -2.12720466e-15 -2.18748630e-15
 -3.35235312e-16  4.90926744e-15  1.81235235e-15  8.83841611e-15
  2.33840725e-15  1.83837320e-15  3.31852601e-15 -1.26487362e-14
  5.26488575e-15 -1.24076097e-15 -3.49199836e-15  6.89162269e-15
  2.83887497e-15  3.79817705e-15  1.06056657e-15  2.29946571e-02
  2.76037873e-15  4.69936590e-15 -4.25180724e-15]",55,
125,10,2,4,2.3305801732931285e-14,,,"[ 2.81330083e-02 -1.96065815e-02  5.30940315e-03 -1.43290598e-02
 -6.52152243e-03  1.63449438e-02  1.96838441e-02  2.69007025e-03
  8.07703741e-03 -3.63857207e-03  6.28403579e-16  3.38314446e-15
 -1.37259995e-15  8.11539775e-03 -8.63632083e-15 -7.13665238e-15
  6.97867423e-03  5.43402129e-15  2.39912257e-15 -1.89258331e-15
  7.08504989e-03  6.30023624e-03  2.06432094e-16  6.15459737e-03
  5.31432537e-15  6.58003286e-03  4.08830955e-15 -5.47305257e-16
  5.99173489e-15  1.18793869e-02 -7.34655392e-16 -1.54563862e-15
  1.39428304e-03 -5.01682029e-15 -4.74620343e-15 -1.70696790e-15
 -1.08853898e-15  1.08246745e-15  5.20330307e-15  3.67414432e-15
  5.19376209e-15  4.82383231e-15 -7.45931095e-17 -8.23906915e-15
  3.09648140e-16 -1.39818712e-15 -1.01481323e-15  8.06342840e-15
  4.82426599e-15  1.01134379e-15 -1.34441069e-15  2.29946571e-02
  1.23078631e-15  4.68895756e-15  1.19695920e-16]",55,
145,10,2,4,2.7853275241795927e-14,,,"[ 2.81330083e-02 -1.96065815e-02  5.30940315e-03 -1.43290598e-02
 -6.52152243e-03  1.63449438e-02  1.96838441e-02  2.69007025e-03
  8.07703741e-03 -3.63857207e-03 -3.48245738e-16  1.14274909e-15
 -4.15553009e-15  8.11539775e-03 -7.56165963e-15 -4.42354486e-15
  6.97867423e-03  1.02799713e-14 -1.47451495e-16 -2.13284251e-15
  7.08504989e-03  6.30023624e-03 -7.92768629e-16  6.15459737e-03
  5.67167840e-15  6.58003286e-03  1.17484147e-15 -1.78416310e-15
  7.14098919e-15  1.18793869e-02 -4.01588485e-16 -2.54830879e-15
  1.39428304e-03 -4.03843625e-15 -5.33861150e-16 -1.81452076e-15
  5.92408067e-16  3.25260652e-15  4.69155964e-15  2.33146835e-15
  6.05591965e-15  2.85188539e-15 -7.45931095e-16 -1.05592618e-14
  1.72691722e-15 -3.69908097e-15  7.65013053e-16  7.65706942e-15
  2.98415806e-15  4.11129464e-16 -9.61036806e-16  2.29946571e-02
 -9.84021892e-16  5.13868462e-15 -1.84054161e-15]",55,
165,10,2,4,1.0970779840135947e-13,,,"[ 2.81330083e-02 -1.96065815e-02  5.30940315e-03 -1.43290598e-02
 -6.52152243e-03  1.63449438e-02  1.96838441e-02  2.69007025e-03
  8.07703741e-03 -3.63857207e-03 -1.59594560e-16  1.59746348e-15
 -3.49329940e-15  8.11539775e-03 -5.97265293e-15 -4.67594713e-15
  6.97867423e-03  6.93932758e-15 -4.04190570e-16 -1.80714818e-15
  7.08504989e-03  6.30023624e-03 -1.81712284e-15  6.15459737e-03
  5.07666825e-15  6.58003286e-03  1.25637348e-15 -1.68073021e-15
  7.06726344e-15  1.18793869e-02 -4.09394740e-16 -3.73485964e-15
  1.39428304e-03 -2.64241753e-15 -1.39385031e-15  1.88044025e-15
  1.49836740e-15  2.25947733e-15  3.74613535e-15  1.75120335e-15
  3.43128304e-15  1.27675648e-15  8.63024929e-16 -8.61962411e-15
 -1.16226473e-16 -4.10348838e-15 -2.26056153e-16  4.37237052e-15
  4.42094278e-15 -1.95156391e-15 -7.78890841e-16  2.29946571e-02
 -1.17961196e-16  3.55032843e-15 -3.29423988e-15]",55,
185,10,2,4,2.0463630789890885e-14,,,"[ 2.81330083e-02 -1.96065815e-02  5.30940315e-03 -1.43290598e-02
 -6.52152243e-03  1.63449438e-02  1.96838441e-02  2.69007025e-03
  8.07703741e-03 -3.63857207e-03 -1.13624388e-15  3.30031141e-15
 -3.09084355e-15  8.11539775e-03 -4.05795189e-15 -4.99947306e-15
  6.97867423e-03  6.47138593e-15  7.28583860e-16 -9.22872889e-16
  7.08504989e-03  6.30023624e-03 -2.71267384e-15  6.15459737e-03
  5.67818362e-15  6.58003286e-03  8.43942971e-16 -8.70831185e-16
  5.06929568e-15  1.18793869e-02 -1.36089057e-15 -3.48159002e-15
  1.39428304e-03 -2.04827474e-15 -1.08073273e-15  2.48759346e-15
  6.81312645e-16  1.70523318e-15  2.50320598e-15  3.59955121e-16
  3.90312782e-15  2.04610634e-15  6.66567496e-16 -6.41587478e-15
 -6.26343595e-16 -4.84161322e-15 -7.13838710e-16  4.08700851e-15
  4.19629609e-15 -1.50162001e-15 -4.71844785e-16  2.29946571e-02
  5.66387215e-16  4.28650171e-15 -4.50941368e-15]",55,
205,10,2,4,1.9326762412674726e-14,,,"[ 2.81330083e-02 -1.96065815e-02  5.30940315e-03 -1.43290598e-02
 -6.52152243e-03  1.63449438e-02  1.96838441e-02  2.69007025e-03
  8.07703741e-03 -3.63857207e-03 -4.80518403e-16  2.47805249e-15
 -4.08527379e-15  8.11539775e-03 -2.72698530e-15 -4.18697195e-15
  6.97867423e-03  6.94697121e-15 -8.32667268e-17 -1.13797860e-15
  7.08504989e-03  6.30023624e-03 -4.05318140e-15  6.15459737e-03
  4.75639493e-15  6.58003286e-03  6.93022029e-16 -6.32306707e-16
  5.01508557e-15  1.18793869e-02 -3.03359768e-15 -4.76355067e-15
  1.39428304e-03 -8.59555482e-16 -1.18394877e-15  1.24032729e-15
  1.58293517e-16  1.14144805e-15  2.27942665e-15  2.57606436e-15
  2.66713734e-15  2.39174999e-15 -9.73071450e-16 -6.12183915e-15
 -1.32923186e-15 -3.59087760e-15  8.17488438e-16  4.51028104e-15
  4.00200706e-15 -1.14079753e-15 -1.35915584e-15  2.29946571e-02
  2.28202873e-15  3.31180396e-15 -2.06692302e-15]",55,
225,10,2,4,1.1368683772161603e-13,,,"[ 2.81330083e-02 -1.96065815e-02  5.30940315e-03 -1.43290598e-02
 -6.52152243e-03  1.63449438e-02  1.96838441e-02  2.69007025e-03
  8.07703741e-03 -3.63857207e-03 -1.08160009e-15  1.88304233e-15
 -2.80331314e-15  8.11539775e-03 -3.88057642e-15 -4.41487125e-15
  6.97867423e-03  5.44529699e-15  7.59808882e-16  6.93889390e-18
  7.08504989e-03  6.30023624e-03 -3.02665878e-15  6.15459737e-03
  3.39398648e-15  6.58003286e-03  1.50400525e-15 -1.03909936e-15
  2.99153063e-15  1.18793869e-02 -1.07899800e-15 -3.42954831e-15
  1.39428304e-03 -8.85576334e-16  3.94649591e-16  1.61502756e-15
 -5.37764278e-16  4.91360425e-16  2.19702728e-15  1.37737044e-15
  1.39818712e-15  5.91540705e-16 -1.27849120e-15 -5.87247265e-15
 -2.01661604e-15 -2.48065457e-15  2.14151613e-15  2.46590942e-15
  3.67045803e-15 -3.41523684e-16 -1.08832214e-15  2.29946571e-02
  3.39051703e-15  1.35091591e-15 -2.22391550e-15]",55,
245,10,2,4,1.1539214028744026e-13,,,"[ 2.81330083e-02 -1.96065815e-02  5.30940315e-03 -1.43290598e-02
 -6.52152243e-03  1.63449438e-02  1.96838441e-02  2.69007025e-03
  8.07703741e-03 -3.63857207e-03 -2.21307347e-15  1.03823200e-15
 -2.78943535e-15  8.11539775e-03 -3.30898503e-15 -4.67074296e-15
  6.97867423e-03  5.22585447e-15  1.60548658e-15  7.37257477e-17
  7.08504989e-03  6.30023624e-03 -2.75647560e-15  6.15459737e-03
  3.72011449e-15  6.58003286e-03  1.90342533e-15 -5.48172618e-16
  2.37310172e-15  1.18793869e-02 -1.58900670e-15 -4.66814087e-15
  1.39428304e-03 -1.49012747e-15 -1.90819582e-17  2.29503916e-15
 -1.23252103e-15  2.50233861e-16  2.40692882e-15  1.50400525e-15
  1.66706926e-15  1.68831962e-15 -1.37216627e-15 -6.16520723e-15
 -2.58690638e-15 -2.85925797e-15  9.28944421e-16  2.46330734e-15
  2.58994215e-15  1.73472348e-17 -7.83227649e-16  2.29946571e-02
  2.91260072e-15  9.84238732e-16 -6.47919218e-16]",55,
265,10,2,4,1.1937117960769683e-14,,,"[ 2.81330083e-02 -1.96065815e-02  5.30940315e-03 -1.43290598e-02
 -6.52152243e-03  1.63449438e-02  1.96838441e-02  2.69007025e-03
  8.07703741e-03 -3.63857207e-03 -2.87137393e-15  3.10515502e-16
 -1.79283671e-15  8.11539775e-03 -2.53790045e-15 -4.98906472e-15
  6.97867423e-03  5.63655025e-15  1.97650056e-15  1.39645240e-16
  7.08504989e-03  6.30023624e-03 -2.52922683e-15  6.15459737e-03
  4.15466272e-15  6.58003286e-03  2.56088553e-15 -3.09648140e-16
  1.70349845e-15  1.18793869e-02 -1.75510648e-15 -3.87927537e-15
  1.39428304e-03 -6.17561557e-16  6.55725474e-16  1.88564442e-15
 -1.06078341e-15  1.33573708e-16  1.71043735e-15  6.81258435e-16
  3.03142927e-15  1.02695630e-15 -2.20223145e-15 -4.40272818e-15
 -2.59861577e-15 -3.37577188e-15  6.15826834e-16  1.52829138e-15
  1.94982919e-15  5.74193471e-16 -9.81853487e-16  2.29946571e-02
  2.84668122e-15  7.99490682e-16 -8.83516350e-16]",55,
285,10,2,4,1.4779288903810084e-14,,,"[ 2.81330083e-02 -1.96065815e-02  5.30940315e-03 -1.43290598e-02
 -6.52152243e-03  1.63449438e-02  1.96838441e-02  2.69007025e-03
  8.07703741e-03 -3.63857207e-03 -2.82846663e-15  1.23599048e-16
 -8.90346824e-16  8.11539775e-03 -1.68094705e-15 -4.84334794e-15
  6.97867423e-03  6.18255447e-15  2.82933399e-15  8.19223162e-16
  7.08504989e-03  6.30023624e-03 -2.73565892e-15  6.15459737e-03
  4.70066694e-15  6.58003286e-03  2.57953381e-15 -1.89952221e-15
  1.71303943e-15  1.18793869e-02 -1.59421087e-15 -3.17107451e-15
  1.39428304e-03 -1.52221985e-15  6.03683770e-16  9.74914593e-16
 -1.14578486e-15  7.27499658e-16  7.65880415e-16  1.76941795e-16
  3.52669283e-15  1.30104261e-17 -1.32532874e-15 -4.17374468e-15
 -1.85279309e-15 -2.98220650e-15  8.95225734e-16 -2.92734587e-17
  8.69096461e-16  1.00700698e-15  3.24393290e-16  2.29946571e-02
  3.12336962e-15  4.31946146e-16 -2.15712864e-15]",55,
305,10,2,4,1.4210854715202004e-14,,,"[ 2.81330083e-02 -1.96065815e-02  5.30940315e-03 -1.43290598e-02
 -6.52152243e-03  1.63449438e-02  1.96838441e-02  2.69007025e-03
  8.07703741e-03 -3.63857207e-03 -2.68101513e-15 -8.97719399e-17
 -8.68229100e-16  8.11539775e-03 -1.79804088e-15 -4.07486545e-15
  6.97867423e-03  4.66900824e-15  2.89698820e-15  6.45317133e-16
  7.08504989e-03  6.30023624e-03 -1.93768612e-15  6.15459737e-03
  3.93522021e-15  6.58003286e-03  3.66720543e-15 -2.41993925e-15
  1.40512602e-15  1.18793869e-02 -8.07947459e-16 -3.38401182e-15
  1.39428304e-03 -2.18575158e-15 -3.47378376e-16  8.38738801e-16
  1.82145965e-16  4.21537805e-16  5.61183044e-16  1.01481323e-15
  3.52842755e-15  7.04297731e-16 -1.33443603e-15 -2.70443390e-15
 -1.39862080e-15 -1.55951640e-15 -6.31873026e-16 -5.96744876e-16
  1.14318277e-15  1.07899800e-15 -1.26634814e-16  2.29946571e-02
  2.51404800e-15  1.74339709e-16 -2.56652338e-15]",55,
325,10,2,4,1.1596057447604835e-13,,,"[ 2.81330083e-02 -1.96065815e-02  5.30940315e-03 -1.43290598e-02
 -6.52152243e-03  1.63449438e-02  1.96838441e-02  2.69007025e-03
  8.07703741e-03 -3.63857207e-03 -3.14245158e-15 -5.79397641e-16
 -1.19305607e-15  8.11539775e-03 -7.35522754e-16 -4.29344060e-15
  6.97867423e-03  5.27702881e-15  3.01104627e-15  2.02095285e-16
  7.08504989e-03  6.30023624e-03 -2.36789754e-15  6.15459737e-03
  4.04190570e-15  6.58003286e-03  3.33934269e-15 -2.65672900e-15
  1.38430933e-15  1.18793869e-02  9.36750677e-17 -3.11296128e-15
  1.39428304e-03 -2.50754278e-15  1.50053581e-16  4.23272528e-16
  1.47451495e-16  2.86229374e-16  5.20417043e-18  1.70263109e-15
  3.34671527e-15  1.09547788e-15 -2.45463372e-16 -2.22391550e-15
 -1.47765914e-15 -1.06793914e-15 -8.05128533e-16 -3.33934269e-16
  6.76542156e-16  3.92047506e-16 -1.70436582e-16  2.29946571e-02
  1.97238059e-15  1.83880688e-16 -3.12944115e-15]",55,
345,10,2,4,1.085709300241433e-13,,,"[ 2.81330083e-02 -1.96065815e-02  5.30940315e-03 -1.43290598e-02
 -6.52152243e-03  1.63449438e-02  1.96838441e-02  2.69007025e-03
  8.07703741e-03 -3.63857207e-03 -3.49893725e-15 -1.17581726e-16
 -3.14852311e-16  8.11539775e-03 -4.31512465e-16 -4.28997116e-15
  6.97867423e-03  4.53456717e-15  1.93204827e-15 -2.71050543e-17
  7.08504989e-03  6.30023624e-03 -2.29156971e-15  6.15459737e-03
  3.57873453e-15  6.58003286e-03  3.96449366e-15 -2.45897053e-15
  4.89192020e-16  1.18793869e-02 -5.41233725e-16 -2.72178113e-15
  1.39428304e-03 -2.54397198e-15  4.64905892e-16  1.39341663e-15
  4.54931232e-16  2.77555756e-16  2.28549818e-16  1.94028821e-15
  3.38986651e-15  9.74914593e-16 -1.33573708e-16 -2.19442520e-15
 -9.19186602e-16 -1.63931368e-15 -6.95624114e-16 -1.57859836e-16
  8.91647867e-16  1.52655666e-16 -8.17488438e-16  2.29946571e-02
  1.87003191e-15 -7.38992201e-16 -2.91953961e-15]",55,
365,10,2,4,1.1084466677857563e-13,,,"[ 2.81330083e-02 -1.96065815e-02  5.30940315e-03 -1.43290598e-02
 -6.52152243e-03  1.63449438e-02  1.96838441e-02  2.69007025e-03
  8.07703741e-03 -3.63857207e-03 -3.18018181e-15 -5.89805982e-16
 -2.07516296e-16  8.11539775e-03 -1.01134379e-15 -3.64465402e-15
  6.97867423e-03  4.10695783e-15  1.08702110e-15  3.64291930e-17
  7.08504989e-03  6.30023624e-03 -3.15979881e-15  6.15459737e-03
  3.42607887e-15  6.58003286e-03  4.37345472e-15 -2.86142637e-15
 -4.90926744e-16  1.18793869e-02 -1.56125113e-16 -3.04964387e-15
  1.39428304e-03 -2.53052787e-15  7.05598774e-16  7.37257477e-16
  1.59160879e-16  1.09461051e-15  2.34187669e-17  1.67834496e-15
  3.20620266e-15  8.56953397e-16 -1.84748050e-16 -2.41646980e-15
 -6.47485537e-16 -6.84456831e-16  1.56125113e-16 -7.30318583e-16
  8.53483950e-16 -6.07153217e-16 -5.48172618e-16  2.29946571e-02
  1.60982339e-15  3.89445420e-16 -2.51415642e-15]",55,
385,10,2,4,1.4779288903810084e-14,,,"[ 2.81330083e-02 -1.96065815e-02  5.30940315e-03 -1.43290598e-02
 -6.52152243e-03  1.63449438e-02  1.96838441e-02  2.69007025e-03
  8.07703741e-03 -3.63857207e-03 -3.61342900e-15 -2.39391840e-16
 -6.93889390e-17  8.11539775e-03 -1.08767162e-15 -3.29250516e-15
  6.97867423e-03  2.87400312e-15  6.02816408e-16  5.02636127e-16
  7.08504989e-03  6.30023624e-03 -2.68188249e-15  6.15459737e-03
  3.38531286e-15  6.58003286e-03  4.09221268e-15 -2.53811729e-15
 -1.23425575e-15  1.18793869e-02 -1.64365049e-16 -3.16413562e-15
  1.39428304e-03 -2.67667832e-15  8.41774567e-16  1.05818132e-15
 -1.77809156e-17  8.38738801e-16 -9.06393016e-17  1.49164535e-15
  2.70920439e-15  5.25621213e-16  6.38811920e-16 -1.95633440e-15
 -1.21430643e-16 -4.12864187e-16 -2.94902991e-16 -8.48713461e-16
  4.25007252e-17 -7.91467586e-16 -2.55871713e-16  2.29946571e-02
  1.60548658e-15  2.11202583e-16 -2.54570670e-15]",55,
405,10,2,4,1.4779288903810084e-14,,,"[ 2.81330083e-02 -1.96065815e-02  5.30940315e-03 -1.43290598e-02
 -6.52152243e-03  1.63449438e-02  1.96838441e-02  2.69007025e-03
  8.07703741e-03 -3.63857207e-03 -3.41913997e-15 -2.53269627e-16
 -3.40114222e-16  8.11539775e-03 -9.17885559e-16 -3.45470180e-15
  6.97867423e-03  2.71050543e-15  9.12464548e-16  4.11129464e-16
  7.08504989e-03  6.30023624e-03 -2.42297502e-15  6.15459737e-03
  3.33674061e-15  6.58003286e-03  4.14685647e-15 -2.52998577e-15
 -1.19609184e-15  1.18793869e-02  2.45463372e-16 -3.40266010e-15
  1.39428304e-03 -2.72611794e-15  1.17961196e-15  1.43309843e-15
  7.26849136e-16  3.60822483e-16 -3.50197302e-16  1.97064587e-15
  2.45029691e-15  3.40005801e-16  3.88144378e-16 -2.16666962e-15
  4.11996826e-16 -4.08961059e-16 -8.65627015e-16 -7.75421394e-16
 -3.94649591e-16 -7.23379689e-16  1.05818132e-16  2.29946571e-02
  1.67747760e-15  5.72458747e-17 -2.62376926e-15]",55,
5,10,2,5,0.0457218547705196,,,"[ 0.00000000e+00  4.19303831e-04 -2.12561451e-03 -3.58654255e-03
 -2.53455976e-03  3.58654255e-03  4.19303831e-04  4.14124543e-04
 -4.14124543e-04 -3.58654255e-03  4.19303831e-04 -2.12561451e-03
 -3.58654255e-03 -2.53455976e-03  3.58654255e-03  4.19303831e-04
  4.14124543e-04 -4.14124543e-04 -3.58654255e-03  2.53455976e-03
  1.07363172e-03  2.12561451e-03 -1.07363172e-03  0.00000000e+00
 -5.17928810e-06  5.17928810e-06  1.07363172e-03 -1.46092804e-03
 -4.19303831e-04  1.46092804e-03  2.53455976e-03  2.53973905e-03
 -2.53973905e-03 -1.46092804e-03  1.04162421e-03  0.00000000e+00
  1.07363172e-03  1.07881101e-03 -1.07881101e-03  0.00000000e+00
 -1.04162421e-03  2.12561451e-03  2.12043522e-03 -2.12043522e-03
  1.04162421e-03 -1.07363172e-03 -1.07881101e-03  1.07881101e-03
  0.00000000e+00 -5.17928810e-06  5.17928810e-06  1.07363172e-03
  0.00000000e+00  1.07881101e-03 -1.07881101e-03]",49,
25,10,2,5,0.031039523698134987,,,"[ 1.28900005e-02 -1.21628089e-02  1.77065356e-03 -5.13913418e-03
 -5.80753130e-03  6.27133532e-03  7.70165702e-03 -6.91987802e-03
  7.12812867e-04 -7.01339147e-03  6.21003484e-03 -5.86145368e-03
 -8.24858394e-03  5.21897861e-03 -2.06810292e-03 -2.72118027e-03
  6.84182411e-03 -6.78759531e-04 -3.81300578e-03  7.48171228e-03
  5.13718078e-03  9.29614260e-03 -5.20412372e-03  1.23551368e-02
 -1.21029172e-03  5.04800716e-03  3.29413943e-05  5.09600185e-03
 -1.75423460e-03  2.32929349e-03  2.40953174e-03  6.84992301e-03
 -2.75082177e-04 -9.47502589e-04  3.15161776e-03  2.50208228e-03
 -1.82523556e-03  5.29646041e-05  9.14308477e-04  2.45343695e-03
 -2.35719162e-03 -6.33318314e-03  9.52701171e-04  2.83568390e-03
 -4.79266490e-03 -3.28647640e-03  5.21504569e-03 -2.00250639e-03
 -9.93185692e-04 -3.61506529e-04 -3.62449206e-04  7.71938445e-03
 -8.14859650e-04 -9.94714011e-04 -7.20769634e-04]",55,
45,10,2,5,0.015302707612393647,,,"[ 2.06183942e-02 -1.77374357e-02  7.55112255e-04 -1.38851700e-02
 -4.95833172e-03  1.27860977e-02  1.95769546e-02  8.30295925e-04
  1.21165894e-02 -2.70027274e-03  9.54258025e-04 -3.09865572e-03
 -4.47515547e-03  5.51234372e-03  5.37147212e-04  1.25664641e-03
  9.35511279e-03 -7.16052297e-04 -9.76266219e-04 -1.03994180e-04
  4.06996501e-03  7.60067253e-03 -1.95778918e-03  7.55902784e-03
  2.91014168e-03  9.99601706e-03  3.37485703e-03  2.23111738e-03
 -5.40411077e-03  7.46706117e-03  2.12701579e-04 -3.69766516e-04
  1.81956587e-03  1.32804793e-03  4.12342456e-03 -1.47526910e-03
  3.07410047e-03 -3.45434264e-03 -3.06769511e-03 -1.81078870e-03
 -2.48998586e-03 -2.38678972e-03 -2.05548689e-03  4.49310451e-03
 -1.10850978e-03 -1.49463496e-03  4.35039422e-03  4.25656626e-05
  3.51781707e-04  1.52420662e-03 -3.29431713e-03  2.10680706e-02
  3.04377399e-03 -1.56406834e-03  1.20222678e-04]",55,
65,10,2,5,1.3301360013429075e-13,,,"[ 2.81330083e-02 -1.96065815e-02  5.30940315e-03 -1.43290598e-02
 -6.52152243e-03  1.63449438e-02  1.96838441e-02  2.69007025e-03
  8.07703741e-03 -3.63857207e-03  1.06052320e-14  8.21966193e-15
 -1.29241236e-14  8.11539775e-03 -1.67834496e-14 -6.82266743e-15
  6.97867423e-03  8.92341756e-15 -3.99203240e-15  5.27746249e-15
  7.08504989e-03  6.30023624e-03 -1.73064688e-14  6.15459737e-03
  4.63951794e-15  6.58003286e-03  1.51428349e-14 -3.10810405e-14
  2.15166426e-14  1.18793869e-02  4.53977134e-15  4.69155964e-15
  1.39428304e-03  1.60700446e-14 -1.24696260e-14 -2.08355468e-14
  1.70779189e-14 -1.45417532e-14  1.02114497e-14 -1.68007969e-15
 -2.49258079e-15  8.48279780e-16 -1.17406085e-14 -2.64779518e-14
  1.84990911e-14 -1.54824070e-16  1.57356767e-14  6.47398801e-15
  1.88824650e-14  9.19403442e-15  2.09467860e-16  2.29946571e-02
  1.98625838e-14 -5.42621503e-15 -2.34777475e-14]",55,
85,10,2,5,1.1027623258996755e-13,,,"[ 2.81330083e-02 -1.96065815e-02  5.30940315e-03 -1.43290598e-02
 -6.52152243e-03  1.63449438e-02  1.96838441e-02  2.69007025e-03
  8.07703741e-03 -3.63857207e-03  5.97612237e-16 -8.88178420e-16
 -6.36079731e-15  8.11539775e-03 -9.29334734e-15 -6.06285855e-16
  6.97867423e-03  5.88851884e-15 -2.93135741e-15  2.66366790e-15
  7.08504989e-03  6.30023624e-03 -7.98753425e-15  6.15459737e-03
  5.18118534e-15  6.58003286e-03  1.09374315e-14 -1.01702501e-14
  1.92554306e-15  1.18793869e-02  6.94930224e-15  4.26004718e-15
  1.39428304e-03 -3.92047506e-16  4.77656109e-15 -3.40504534e-15
  1.09816670e-14 -1.08519964e-14 -6.72508924e-15  6.50174359e-15
 -8.19049689e-15  9.72442613e-15 -4.02022166e-15 -5.24927324e-15
  6.79317713e-15  7.57380270e-15  4.61956862e-15  2.73739365e-15
  8.06646416e-15  5.48671351e-15  4.73579509e-16  2.29946571e-02
  1.38960024e-14 -1.46323925e-15 -1.91795364e-16]",55,
105,10,2,5,1.085709300241433e-13,,,"[ 2.81330083e-02 -1.96065815e-02  5.30940315e-03 -1.43290598e-02
 -6.52152243e-03  1.63449438e-02  1.96838441e-02  2.69007025e-03
  8.07703741e-03 -3.63857207e-03 -3.89271948e-15 -1.82807328e-15
 -2.16493490e-15  8.11539775e-03 -8.01789191e-15 -5.94142791e-16
  6.97867423e-03  5.89805982e-15 -8.47846099e-16  1.36609474e-15
  7.08504989e-03  6.30023624e-03 -6.03423561e-15  6.15459737e-03
  4.82253126e-16  6.58003286e-03  7.84788901e-15  2.32192737e-15
 -9.53230550e-16  1.18793869e-02  2.57346228e-15 -3.69626205e-15
  1.39428304e-03 -6.70210415e-15  5.90933552e-15  3.59055233e-15
 -5.58580959e-16 -5.49213452e-15 -4.29148904e-15  6.77019205e-15
 -3.04183762e-15  2.91260072e-15  1.05210979e-15 -4.66033462e-15
 -1.72604986e-15  2.21957869e-15 -4.04580883e-15  5.04804532e-16
  4.42701431e-15  9.20574381e-15  1.12410081e-15  2.29946571e-02
  4.48382650e-15 -3.99029768e-15  4.73579509e-15]",55,
125,10,2,5,2.6147972675971688e-14,,,"[ 2.81330083e-02 -1.96065815e-02  5.30940315e-03 -1.43290598e-02
 -6.52152243e-03  1.63449438e-02  1.96838441e-02  2.69007025e-03
  8.07703741e-03 -3.63857207e-03 -2.73999573e-15 -2.60728938e-15
 -3.18018181e-15  8.11539775e-03 -4.84941948e-15 -3.15372728e-15
  6.97867423e-03  6.11056344e-15 -9.15066634e-16 -7.46798456e-16
  7.08504989e-03  6.30023624e-03 -8.08251036e-15  6.15459737e-03
  2.99933689e-15  6.58003286e-03  9.12291076e-15 -1.23967676e-15
  1.37303363e-15  1.18793869e-02  2.95618564e-15 -4.16507107e-15
  1.39428304e-03 -3.26214750e-15  6.16694196e-16  6.27969898e-16
 -1.23599048e-15 -2.05955045e-15 -5.78096598e-15  2.40822987e-15
 -3.94866431e-16 -1.51831672e-15  1.40946282e-17 -4.48946436e-15
 -1.08160009e-15  1.68962067e-15 -3.26648431e-15  2.78856799e-15
  8.33708103e-15  9.94863913e-15 -3.63164360e-15  2.29946571e-02
  4.23099056e-15 -3.44082401e-15  2.37310172e-15]",55,
145,10,2,5,2.0463630789890885e-14,,,"[ 2.81330083e-02 -1.96065815e-02  5.30940315e-03 -1.43290598e-02
 -6.52152243e-03  1.63449438e-02  1.96838441e-02  2.69007025e-03
  8.07703741e-03 -3.63857207e-03 -3.96883047e-15 -2.22651758e-15
 -1.31882352e-15  8.11539775e-03 -2.96022430e-15 -3.41133372e-15
  6.97867423e-03  4.09871789e-15  8.77336398e-16  3.90312782e-17
  7.08504989e-03  6.30023624e-03 -8.38608696e-15  6.15459737e-03
  3.71360928e-15  6.58003286e-03  7.79237785e-15 -4.23359264e-15
  1.92380833e-15  1.18793869e-02  3.43084935e-15 -3.25781069e-15
  1.39428304e-03 -1.56190165e-15  1.38344197e-15  5.98479599e-16
  9.69710423e-16  1.12757026e-16 -2.77382284e-15  1.91253263e-15
  3.57830085e-15 -3.12814011e-15 -5.64869332e-16 -3.94259278e-15
  2.59080951e-15  1.18915294e-15 -5.36571655e-16  3.26648431e-15
  8.40646996e-15  6.95125381e-15 -4.24313362e-15  2.29946571e-02
  2.60208521e-15 -1.39211559e-15  2.57086019e-15]",55,
165,10,2,5,1.1368683772161603e-13,,,"[ 2.81330083e-02 -1.96065815e-02  5.30940315e-03 -1.43290598e-02
 -6.52152243e-03  1.63449438e-02  1.96838441e-02  2.69007025e-03
  8.07703741e-03 -3.63857207e-03 -1.37238311e-15  7.01695646e-16
 -1.21951060e-15  8.11539775e-03 -1.60245081e-15 -4.13297868e-15
  6.97867423e-03  4.08397274e-15  2.74780199e-15  2.13110779e-15
  7.08504989e-03  6.30023624e-03 -9.18059032e-15  6.15459737e-03
  3.89618893e-15  6.58003286e-03  7.08114123e-15 -4.41834069e-15
  1.25767452e-15  1.18793869e-02  3.19579432e-15 -4.04190570e-15
  1.39428304e-03 -3.72965547e-15 -8.03176969e-16  2.01141187e-15
  3.25510018e-15  6.07153217e-18 -1.34180861e-15  3.67240960e-15
  2.68990559e-15 -9.69710423e-16  1.15445847e-15 -2.62290190e-15
  2.87790625e-15  2.15886337e-15  1.99493200e-15 -3.90312782e-18
  5.46784840e-15  4.78349999e-15 -3.19536064e-15  2.29946571e-02
  3.57179564e-15  2.82217825e-15  2.08166817e-17]",55,
185,10,2,5,1.142552719102241e-13,,,"[ 2.81330083e-02 -1.96065815e-02  5.30940315e-03 -1.43290598e-02
 -6.52152243e-03  1.63449438e-02  1.96838441e-02  2.69007025e-03
  8.07703741e-03 -3.63857207e-03 -1.96836904e-15  1.34224229e-15
 -3.09648140e-16  8.11539775e-03 -1.51484728e-15 -4.81732709e-15
  6.97867423e-03  3.73789541e-15  2.88202621e-15  1.08940634e-15
  7.08504989e-03  6.30023624e-03 -7.70737640e-15  6.15459737e-03
  9.51495827e-16  6.58003286e-03  5.97742342e-15 -4.57099636e-15
  9.42822209e-16  1.18793869e-02  2.58647270e-15 -3.92394450e-15
  1.39428304e-03 -5.22065030e-15 -2.49800181e-16  1.98820994e-15
  2.82304562e-15  1.18871926e-15 -1.78307889e-15  3.16630402e-15
  2.64588698e-15 -1.64972203e-15  3.66026653e-16 -3.07479736e-15
  3.25694333e-15  1.92901251e-15  2.11723000e-15  5.68989300e-16
  4.56926164e-15  2.49041239e-15 -1.87740448e-15  2.29946571e-02
  3.12510434e-15  2.64718802e-15 -1.52395457e-15]",55,
205,10,2,5,1.1652900866465642e-13,,,"[ 2.81330083e-02 -1.96065815e-02  5.30940315e-03 -1.43290598e-02
 -6.52152243e-03  1.63449438e-02  1.96838441e-02  2.69007025e-03
  8.07703741e-03 -3.63857207e-03 -5.34294831e-16  3.25260652e-16
 -1.43158055e-15  8.11539775e-03 -1.20400651e-15 -4.08353906e-15
  6.97867423e-03  4.27175656e-15  2.62116717e-15  7.00828284e-16
  7.08504989e-03  6.30023624e-03 -7.13274925e-15  6.15459737e-03
  1.11195775e-15  6.58003286e-03  4.25354196e-15 -3.32112809e-15
  1.68268177e-16  1.18793869e-02  1.93595140e-15 -6.42194631e-15
  1.39428304e-03 -7.13968815e-15  2.41993925e-16  2.39044895e-15
  3.41740525e-15  1.22991894e-15 -2.08947443e-15  4.05751821e-15
  1.79110199e-15 -1.57903204e-15 -1.09287579e-15 -2.10248485e-15
  2.00447298e-15  1.94364923e-15  1.74730022e-15  4.67074296e-16
  3.28383154e-15  1.23382207e-15 -2.09294387e-15  2.29946571e-02
  2.90262606e-15  1.05460345e-15 -3.58393870e-15]",55,
225,10,2,5,1.7053025658242404e-14,,,"[ 2.81330083e-02 -1.96065815e-02  5.30940315e-03 -1.43290598e-02
 -6.52152243e-03  1.63449438e-02  1.96838441e-02  2.69007025e-03
  8.07703741e-03 -3.63857207e-03 -1.99628725e-15 -4.86589935e-16
 -9.95731275e-16  8.11539775e-03 -6.84348411e-16 -3.09648140e-15
  6.97867423e-03  3.22138149e-15  3.65723077e-15  8.43942971e-16
  7.08504989e-03  6.30023624e-03 -6.03206721e-15  6.15459737e-03
  1.64451786e-15  6.58003286e-03  4.40489659e-15 -2.37158383e-15
 -1.12930498e-15  1.18793869e-02  1.65568514e-15 -6.10622664e-15
  1.39428304e-03 -6.26929064e-15  4.09611581e-16  1.86786350e-15
  2.69207399e-15  1.33226763e-15 -2.18748630e-15  3.18191654e-15
  1.86656246e-15 -1.33313499e-15 -1.48102017e-15 -8.93382590e-16
  2.25860997e-15  1.89561908e-15  1.46237189e-15  6.90419943e-16
  2.68188249e-15  1.66273245e-15 -1.14491749e-16  2.29946571e-02
  3.42607887e-15  1.13993016e-15 -2.82499718e-15]",55,
245,10,2,5,1.1084466677857563e-13,,,"[ 2.81330083e-02 -1.96065815e-02  5.30940315e-03 -1.43290598e-02
 -6.52152243e-03  1.63449438e-02  1.96838441e-02  2.69007025e-03
  8.07703741e-03 -3.63857207e-03 -2.39001527e-15 -2.57606436e-16
 -8.48062939e-16  8.11539775e-03 -1.49446427e-15 -3.13204324e-15
  6.97867423e-03  3.26474958e-15  1.94158925e-15  1.18481613e-15
  7.08504989e-03  6.30023624e-03 -6.44493139e-15  6.15459737e-03
  4.68375339e-16  6.58003286e-03  3.97902197e-15 -1.78069365e-15
 -3.64291930e-16  1.18793869e-02  1.38387565e-15 -5.89936086e-15
  1.39428304e-03 -4.82469967e-15  7.11236625e-17  2.39218367e-15
  7.99707522e-16  1.24639882e-15 -1.00960906e-15  4.05578349e-15
  1.09200843e-15 -7.81926607e-16 -2.34621350e-15 -1.65189043e-15
  1.31361935e-15  1.20389809e-15  7.73686670e-16  2.98372438e-16
  1.72604986e-15  1.76421378e-15 -6.35776154e-16  2.29946571e-02
  3.15199256e-15  1.02348685e-16 -2.80157841e-15]",55,
265,10,2,5,1.1254996934439987e-13,,,"[ 2.81330083e-02 -1.96065815e-02  5.30940315e-03 -1.43290598e-02
 -6.52152243e-03  1.63449438e-02  1.96838441e-02  2.69007025e-03
  8.07703741e-03 -3.63857207e-03 -2.61336092e-15 -1.58120045e-15
  8.07513778e-16  8.11539775e-03 -7.85179213e-16 -2.88311042e-15
  6.97867423e-03  3.27255584e-15  1.61589492e-15  4.27284076e-16
  7.08504989e-03  6.30023624e-03 -5.17554749e-15  6.15459737e-03
  1.06880650e-15  6.58003286e-03  4.73752981e-15 -1.44849410e-15
 -2.06432094e-16  1.18793869e-02  1.78416310e-15 -5.07146408e-15
  1.39428304e-03 -4.66293670e-15 -7.75421394e-16  2.12937307e-15
  1.24032729e-15  4.34981912e-16 -1.54130181e-15  3.69322628e-15
  1.22428109e-15 -1.01307851e-15 -7.30318583e-16 -8.34401992e-16
  1.23382207e-15  1.64440944e-15 -2.39825521e-16 -7.46147935e-16
  1.31665512e-15  9.53664231e-16 -1.34267597e-15  2.29946571e-02
  3.59781649e-15  1.41813644e-16 -1.66186509e-15]",55,
285,10,2,5,1.3642420526593923e-14,,,"[ 2.81330083e-02 -1.96065815e-02  5.30940315e-03 -1.43290598e-02
 -6.52152243e-03  1.63449438e-02  1.96838441e-02  2.69007025e-03
  8.07703741e-03 -3.63857207e-03 -2.66453526e-15 -1.00787434e-15
  3.36536354e-16  8.11539775e-03 -1.69135539e-15 -2.47891985e-15
  6.97867423e-03  2.70703598e-15  6.10622664e-16 -5.86336535e-16
  7.08504989e-03  6.30023624e-03 -3.75741105e-15  6.15459737e-03
  1.50747470e-15  6.58003286e-03  4.37497261e-15 -1.58900670e-15
 -1.52308721e-15  1.18793869e-02  1.54303653e-15 -3.90399518e-15
  1.39428304e-03 -4.69372805e-15  6.26018334e-16  1.12670290e-15
  6.55725474e-16 -6.46184495e-16 -1.26548078e-15  3.91266880e-15
  1.35828848e-15  1.64798730e-17 -6.10188983e-16 -1.60982339e-15
  1.17874460e-15  7.96238075e-16 -1.00874170e-15 -3.54534110e-16
  6.92154667e-16  5.31692745e-16 -1.10892198e-15  2.29946571e-02
  3.88751531e-15  1.16226473e-16 -2.23844381e-15]",55,
305,10,2,5,1.1652900866465642e-13,,,"[ 2.81330083e-02 -1.96065815e-02  5.30940315e-03 -1.43290598e-02
 -6.52152243e-03  1.63449438e-02  1.96838441e-02  2.69007025e-03
  8.07703741e-03 -3.63857207e-03 -1.37216627e-15 -1.19695920e-16
  4.15466272e-16  8.11539775e-03 -2.07212719e-15 -2.76428186e-15
  6.97867423e-03  2.17404220e-15  1.08420217e-16 -4.49727061e-16
  7.08504989e-03  6.30023624e-03 -3.49590148e-15  6.15459737e-03
  2.13717932e-15  6.58003286e-03  5.15820026e-15 -1.89345067e-15
 -1.00397121e-15  1.18793869e-02  1.60006557e-15 -4.96607963e-15
  1.39428304e-03 -4.13384604e-15  3.58437238e-16  1.69482484e-15
  8.27029417e-16 -1.02673946e-15 -5.63785130e-16  4.21798013e-15
  1.30863202e-15 -5.22151766e-16 -3.25911173e-16 -1.68018811e-15
  4.76181594e-16  5.98479599e-16 -6.12357387e-16 -5.95010152e-16
  2.63677968e-16  1.94289029e-16 -1.40078921e-15  2.29946571e-02
  4.19109192e-15  2.92300906e-16 -2.61126027e-15]",55,
325,10,2,5,1.3642420526593923e-14,,,"[ 2.81330083e-02 -1.96065815e-02  5.30940315e-03 -1.43290598e-02
 -6.52152243e-03  1.63449438e-02  1.96838441e-02  2.69007025e-03
  8.07703741e-03 -3.63857207e-03 -2.17534324e-15 -1.56298585e-15
  6.11490025e-16  8.11539775e-03 -1.63237479e-15 -2.68426774e-15
  6.97867423e-03  3.18148285e-15  4.55364912e-16 -8.29197822e-16
  7.08504989e-03  6.30023624e-03 -3.09019303e-15  6.15459737e-03
  2.78509854e-15  6.58003286e-03  4.75747913e-15 -1.72691722e-15
 -7.70217223e-16  1.18793869e-02  1.66880398e-15 -4.63865057e-15
  1.39428304e-03 -4.17547941e-15  3.63858249e-16  1.19348975e-15
  2.35055031e-16 -3.80663383e-16 -1.03042574e-15  3.04790915e-15
  9.95731275e-16  2.70616862e-16  1.10588622e-16 -2.12893939e-15
  4.64905892e-16  1.76291273e-16 -1.10328413e-15 -1.59421087e-15
  1.52655666e-16  2.27682456e-16 -7.20560764e-16  2.29946571e-02
  2.86229374e-15  1.26634814e-16 -1.79283671e-15]",55,
345,10,2,5,1.1141310096718371e-13,,,"[ 2.81330083e-02 -1.96065815e-02  5.30940315e-03 -1.43290598e-02
 -6.52152243e-03  1.63449438e-02  1.96838441e-02  2.69007025e-03
  8.07703741e-03 -3.63857207e-03 -3.16760507e-15 -1.20910226e-15
  7.06032455e-16  8.11539775e-03 -2.17707796e-15 -2.59211055e-15
  6.97867423e-03  2.92300906e-15 -2.28116137e-16 -6.07153217e-16
  7.08504989e-03  6.30023624e-03 -2.62116717e-15  6.15459737e-03
  2.80114473e-15  6.58003286e-03  4.46951504e-15 -1.95243127e-15
 -9.81853487e-16  1.18793869e-02  8.93382590e-16 -4.08180434e-15
  1.39428304e-03 -4.00547651e-15  1.04424932e-15  1.17440779e-15
  2.16189913e-16  5.85469173e-16 -4.10262102e-16  2.94122365e-15
  1.37173259e-15  8.10983225e-16  1.92120625e-16 -2.09814804e-15
  1.63064007e-16  3.57786717e-17 -3.27862737e-16 -1.13971332e-15
  7.80625564e-17 -3.94215910e-16  9.43255890e-17  2.29946571e-02
  2.19615992e-15 -2.35055031e-16 -1.51744936e-15]",55,
365,10,2,5,1.5347723092418165e-14,,,"[ 2.81330083e-02 -1.96065815e-02  5.30940315e-03 -1.43290598e-02
 -6.52152243e-03  1.63449438e-02  1.96838441e-02  2.69007025e-03
  8.07703741e-03 -3.63857207e-03 -2.86229374e-15 -1.24553146e-15
  5.15646553e-16  8.11539775e-03 -1.95850280e-15 -2.04350425e-15
  6.97867423e-03  3.24913707e-15 -2.40042361e-16  4.83987850e-16
  7.08504989e-03  6.30023624e-03 -3.30551558e-15  6.15459737e-03
  2.82933399e-15  6.58003286e-03  4.49076540e-15 -2.26381414e-15
 -9.88792381e-16  1.18793869e-02  7.45714254e-16 -4.33507397e-15
  1.39428304e-03 -3.64790663e-15  1.04386985e-15  1.30971622e-15
  7.86697096e-16  4.45823933e-16 -3.19189120e-16  3.25954541e-15
  1.26634814e-15  7.58074159e-16 -5.72458747e-17 -2.62029981e-15
  5.21284405e-16 -2.34187669e-17 -8.20524204e-16 -8.59555482e-16
 -9.71445147e-17  1.18178037e-16 -7.48316339e-16  2.29946571e-02
  2.62376926e-15 -6.25367813e-16 -1.63150743e-15]",55,
385,10,2,5,1.1596057447604835e-13,,,"[ 2.81330083e-02 -1.96065815e-02  5.30940315e-03 -1.43290598e-02
 -6.52152243e-03  1.63449438e-02  1.96838441e-02  2.69007025e-03
  8.07703741e-03 -3.63857207e-03 -3.20923843e-15 -5.36463235e-16
  2.29850861e-17  8.11539775e-03 -1.65340831e-15 -2.75083775e-15
  6.97867423e-03  2.79550688e-15  4.42354486e-16  3.23525928e-16
  7.08504989e-03  6.30023624e-03 -2.66106581e-15  6.15459737e-03
  3.05365542e-15  6.58003286e-03  4.24747043e-15 -2.25860997e-15
 -7.19042881e-16  1.18793869e-02  4.73579509e-16 -4.01588485e-15
  1.39428304e-03 -3.03750081e-15  1.15012166e-15  1.54693966e-15
  2.60208521e-16  4.07660017e-17 -1.28369537e-16  2.32691470e-15
  1.99970249e-15  6.45317133e-16 -9.54097912e-17 -2.43208231e-15
  4.59484881e-16 -3.01841885e-16 -9.43689571e-16 -4.52329146e-16
 -1.78676518e-16  2.60208521e-17 -6.62664368e-16  2.29946571e-02
  1.90819582e-15 -4.01154804e-16 -2.15712864e-15]",55,
405,10,2,5,1.5347723092418165e-14,,,"[ 2.81330083e-02 -1.96065815e-02  5.30940315e-03 -1.43290598e-02
 -6.52152243e-03  1.63449438e-02  1.96838441e-02  2.69007025e-03
  8.07703741e-03 -3.63857207e-03 -3.43561984e-15 -2.33753988e-16
 -3.59629861e-16  8.11539775e-03 -9.25908655e-16 -3.46782065e-15
  6.97867423e-03  2.68621930e-15  9.31546507e-16  4.31946146e-16
  7.08504989e-03  6.30023624e-03 -2.45550108e-15  6.15459737e-03
  3.32893435e-15  6.58003286e-03  4.15292800e-15 -2.53768360e-15
 -1.19695920e-15  1.18793869e-02  2.29850861e-16 -3.36839931e-15
  1.39428304e-03 -2.74086309e-15  1.20910226e-15  1.46367293e-15
  7.52869989e-16  3.62557206e-16 -3.45860493e-16  1.95806912e-15
  2.43988857e-15  3.53883589e-16  3.93348548e-16 -2.14411822e-15
  4.07660017e-16 -4.07660017e-16 -8.62157568e-16 -7.63278329e-16
 -3.79037080e-16 -7.39859563e-16  1.31622144e-16  2.29946571e-02
  1.68701858e-15  5.57279917e-17 -2.59514632e-15]",55,
