sample_size,n,k,repeat,mae,alphas,coef_path,coefficients,non_zero_coef,num_iter
25,50,2,1,0.020333986288184745,,,"[ 3.37997024e-05 -2.02338894e-04 -3.48670362e-06 ...  1.46970230e-04
 -7.52487092e-05 -1.97693854e-05]",1275,
125,50,2,1,0.01895946137349597,,,"[-1.94834259e-04 -4.28526681e-04 -4.02554545e-04 ...  9.22530500e-05
 -2.91530323e-04 -3.46194931e-04]",1275,
225,50,2,1,0.018187801299029048,,,"[-2.68016831e-04 -8.31443620e-04 -6.40434212e-04 ...  5.99500819e-05
 -1.61681402e-04 -1.67609420e-05]",1275,
325,50,2,1,0.017500606175661914,,,"[-5.81842662e-04 -7.11373001e-04 -9.08260486e-04 ... -3.19496206e-05
 -4.31108554e-05  6.30175210e-05]",1275,
425,50,2,1,0.017006586592810322,,,"[-6.63607410e-04 -8.31397022e-04 -7.62082180e-04 ... -1.90650097e-04
 -1.06326395e-04  5.70516515e-05]",1275,
525,50,2,1,0.01511404679869429,,,"[-9.04142475e-04 -1.21921959e-03 -1.15425451e-03 ... -2.23838623e-06
 -2.28855005e-04  1.55073427e-05]",1275,
625,50,2,1,0.014563362056801452,,,"[-1.00324814e-03 -1.19362986e-03 -8.98456358e-04 ... -2.01952125e-04
 -2.47702700e-04  8.07467701e-05]",1275,
725,50,2,1,0.01331135500533037,,,"[-1.11217471e-03 -1.20108916e-03 -1.10249585e-03 ... -1.26599465e-04
 -7.02545323e-05  3.22328407e-04]",1275,
825,50,2,1,0.011611447758709233,,,"[-0.00119922 -0.00118929 -0.00135803 ...  0.00013561 -0.00014928
  0.00028637]",1275,
925,50,2,1,0.0094680363583808,,,"[-1.28703861e-03 -1.23187124e-03 -1.32118855e-03 ... -2.51258705e-04
 -2.17244015e-05  1.96937251e-04]",1275,
1025,50,2,1,0.007824783210048168,,,"[-0.00135676 -0.00151502 -0.00140383 ...  0.00010203 -0.00012827
  0.00042134]",1275,
1125,50,2,1,0.005857641239043119,,,"[-1.56828057e-03 -1.64168481e-03 -1.60570825e-03 ... -1.76040279e-04
 -9.08642561e-05  4.50293203e-04]",1275,
1225,50,2,1,0.0036542206684981693,,,"[-1.95785247e-03 -1.28237226e-03 -1.76486869e-03 ...  7.06174509e-05
 -1.45915566e-05  1.81530375e-04]",1275,
1325,50,2,1,1.517719283583574e-13,,,"[-1.96937671e-03 -1.38276396e-03 -1.72927897e-03 ... -2.12668967e-15
 -1.65297463e-15 -2.72514216e-16]",1275,
1425,50,2,1,7.787548383930699e-14,,,"[-1.96937671e-03 -1.38276396e-03 -1.72927897e-03 ...  1.63817527e-15
  6.47051857e-16 -5.33400364e-16]",1275,
1525,50,2,1,9.322320693172514e-14,,,"[-1.96937671e-03 -1.38276396e-03 -1.72927897e-03 ...  2.44525537e-15
  1.40902914e-15 -6.92764531e-16]",1275,
1625,50,2,1,8.58335624798201e-14,,,"[-1.96937671e-03 -1.38276396e-03 -1.72927897e-03 ...  1.90632557e-15
  1.36528159e-15 -7.31348575e-16]",1275,
1725,50,2,1,5.1159076974727215e-14,,,"[-1.96937671e-03 -1.38276396e-03 -1.72927897e-03 ...  1.91288500e-15
  1.20693386e-15  1.19641710e-16]",1275,
1825,50,2,1,4.718003765447065e-14,,,"[-1.96937671e-03 -1.38276396e-03 -1.72927897e-03 ...  8.87988684e-16
  1.21848061e-15 -3.01706360e-16]",1275,
1925,50,2,1,8.242295734817162e-14,,,"[-1.96937671e-03 -1.38276396e-03 -1.72927897e-03 ...  1.01906873e-15
  8.92623649e-16 -1.09455630e-15]",1275,
2025,50,2,1,3.865352482534945e-14,,,"[-1.96937671e-03 -1.38276396e-03 -1.72927897e-03 ...  7.77007039e-16
  7.41269025e-16 -1.31410724e-15]",1275,
25,50,2,2,0.019539409796220184,,,"[ 2.48444528e-05  5.38661940e-05 -1.39942577e-04 ... -1.10668198e-04
  9.80600252e-05  3.75510949e-05]",1275,
125,50,2,2,0.018389106109842714,,,"[-1.35296806e-04  1.92415370e-04 -3.91915023e-04 ... -3.45499694e-05
  1.71175371e-04  2.19116324e-04]",1275,
225,50,2,2,0.017776135573657256,,,"[-3.32766370e-04 -1.06664035e-04 -1.97935343e-04 ... -1.00816052e-04
  9.05619266e-05  3.46803220e-04]",1275,
325,50,2,2,0.016036822396299614,,,"[-4.88607447e-04 -3.62664968e-04 -2.08170053e-04 ... -1.00356323e-04
 -8.78104537e-05  1.71224513e-04]",1275,
425,50,2,2,0.015247100325203745,,,"[-0.00035671 -0.00088769 -0.00046659 ...  0.00013468 -0.00012807
  0.00030803]",1275,
525,50,2,2,0.014499536121813322,,,"[-6.22549683e-04 -9.87630655e-04 -5.02690961e-04 ...  1.06590771e-05
 -3.70661536e-04  4.46008720e-04]",1275,
625,50,2,2,0.012932790236100118,,,"[-9.21217800e-04 -7.94832772e-04 -6.91682986e-04 ... -3.57992248e-05
 -4.00237493e-04  3.05014078e-04]",1275,
725,50,2,2,0.012799590572760167,,,"[-1.24227847e-03 -9.95500050e-04 -4.68492823e-04 ... -9.27548290e-05
 -3.39649659e-04  1.30106914e-04]",1275,
825,50,2,2,0.011043170142633585,,,"[-1.09751585e-03 -8.96496793e-04 -6.66245427e-04 ... -4.33648169e-06
 -2.42222642e-05 -2.63053720e-04]",1275,
925,50,2,2,0.009568918417636496,,,"[-8.98618734e-04 -9.01323658e-04 -8.96409908e-04 ...  1.55398664e-04
  4.16605331e-05 -1.58404552e-04]",1275,
1025,50,2,2,0.00729172065809621,,,"[-0.00109443 -0.00114155 -0.0013343  ...  0.00012605 -0.00032343
 -0.00017699]",1275,
1125,50,2,2,0.005691291783583665,,,"[-1.40267803e-03 -1.12392216e-03 -1.45158116e-03 ...  1.44799715e-04
 -9.12198047e-05 -2.89139993e-04]",1275,
1225,50,2,2,0.0036113090978074068,,,"[-0.00171286 -0.00132881 -0.00166168 ...  0.00022338 -0.00020802
 -0.00026909]",1275,
1325,50,2,2,1.2789769243681803e-13,,,"[-1.96937671e-03 -1.38276396e-03 -1.72927897e-03 ...  4.67143414e-15
  1.36085669e-15  1.30212681e-15]",1275,
1425,50,2,2,1.0686562745831906e-13,,,"[-1.96937671e-03 -1.38276396e-03 -1.72927897e-03 ...  1.67525499e-15
 -9.60196549e-16 -2.27910139e-15]",1275,
1525,50,2,2,8.412825991399586e-14,,,"[-1.96937671e-03 -1.38276396e-03 -1.72927897e-03 ...  5.24337111e-16
  5.56954656e-16 -1.51983461e-15]",1275,
1625,50,2,2,8.58335624798201e-14,,,"[-1.96937671e-03 -1.38276396e-03 -1.72927897e-03 ... -7.54486127e-16
  1.00494699e-15 -1.13385863e-15]",1275,
1725,50,2,2,4.831690603168681e-14,,,"[-1.96937671e-03 -1.38276396e-03 -1.72927897e-03 ... -3.98037723e-16
  2.95526407e-16 -1.03931620e-15]",1275,
1825,50,2,2,8.86757334228605e-14,,,"[-1.96937671e-03 -1.38276396e-03 -1.72927897e-03 ... -1.30158471e-16
 -4.26728423e-16 -1.80302821e-15]",1275,
1925,50,2,2,4.376943252282217e-14,,,"[-1.96937671e-03 -1.38276396e-03 -1.72927897e-03 ...  1.81061763e-17
  3.54825490e-16 -1.82959117e-15]",1275,
2025,50,2,2,3.865352482534945e-14,,,"[-1.96937671e-03 -1.38276396e-03 -1.72927897e-03 ...  7.74554032e-16
  7.36606956e-16 -1.31193884e-15]",1275,
25,50,2,3,0.019388517384016382,,,"[ 8.46409728e-05 -4.95917956e-05 -7.99662495e-05 ...  4.17509935e-05
 -1.08034702e-04 -1.37157238e-05]",1275,
125,50,2,3,0.018985793546997344,,,"[-4.39297348e-05 -7.81441210e-05 -3.01246187e-04 ...  2.16798922e-04
 -3.15692474e-05  1.03209157e-04]",1275,
225,50,2,3,0.01796627427679539,,,"[-1.60065640e-04 -5.54808112e-04 -6.50802860e-04 ...  3.69334740e-04
 -3.45000880e-05  2.23240787e-05]",1275,
325,50,2,3,0.016587897718184762,,,"[-0.00043095 -0.00087215 -0.00075438 ...  0.00038334 -0.00017804
  0.00010081]",1275,
425,50,2,3,0.01580501748152642,,,"[-0.00051807 -0.00093197 -0.00073609 ...  0.00072052 -0.00031745
  0.00020944]",1275,
525,50,2,3,0.01536450106001837,,,"[-7.99047300e-04 -1.02155386e-03 -9.50662847e-04 ...  4.23362208e-04
 -5.33837110e-05  3.23120313e-04]",1275,
625,50,2,3,0.014238228604897927,,,"[-0.00113932 -0.00112092 -0.00114342 ...  0.00036114 -0.00017144
  0.00037914]",1275,
725,50,2,3,0.013431711240179993,,,"[-0.00130196 -0.00132632 -0.00114783 ...  0.00041033 -0.00016007
  0.00029568]",1275,
825,50,2,3,0.011882024563942651,,,"[-1.48102555e-03 -1.17389906e-03 -1.17197188e-03 ...  4.52024961e-04
  7.24332910e-05  2.45837137e-04]",1275,
925,50,2,3,0.010597655189607735,,,"[-0.00162138 -0.00131394 -0.00122165 ...  0.00049963 -0.00017705
  0.0003134 ]",1275,
1025,50,2,3,0.009013149199930126,,,"[-0.0017487  -0.00096577 -0.00134481 ...  0.00057895 -0.00013021
  0.0003008 ]",1275,
1125,50,2,3,0.006637814639291264,,,"[-0.00160934 -0.00111539 -0.0014073  ...  0.00028583 -0.00019941
  0.00029474]",1275,
1225,50,2,3,0.004265443200234245,,,"[-1.80531135e-03 -1.30731432e-03 -1.69339530e-03 ...  5.12254085e-05
 -2.11745702e-04  2.50090235e-04]",1275,
1325,50,2,3,1.9269918993813918e-13,,,"[-1.96937671e-03 -1.38276396e-03 -1.72927897e-03 ... -3.46223701e-15
 -1.87805500e-15 -5.99290040e-15]",1275,
1425,50,2,3,1.0913936421275138e-13,,,"[-1.96937671e-03 -1.38276396e-03 -1.72927897e-03 ... -7.97810169e-16
  2.07440402e-15 -6.59032291e-16]",1275,
1525,50,2,3,6.536993168992921e-14,,,"[-1.96937671e-03 -1.38276396e-03 -1.72927897e-03 ...  7.37528528e-16
  2.47574856e-15 -9.27345223e-16]",1275,
1625,50,2,3,5.74118530494161e-14,,,"[-1.96937671e-03 -1.38276396e-03 -1.72927897e-03 ...  1.03595518e-16
  2.07661308e-15 -7.20425239e-16]",1275,
1725,50,2,3,8.810729923425243e-14,,,"[-1.96937671e-03 -1.38276396e-03 -1.72927897e-03 ... -1.67231409e-16
  7.94449142e-16 -6.10460033e-16]",1275,
1825,50,2,3,4.718003765447065e-14,,,"[-1.96937671e-03 -1.38276396e-03 -1.72927897e-03 ...  4.09841974e-16
  7.55797334e-16 -5.60993309e-16]",1275,
1925,50,2,3,4.376943252282217e-14,,,"[-1.96937671e-03 -1.38276396e-03 -1.72927897e-03 ...  7.30826803e-16
  7.36200380e-16 -3.40459811e-16]",1275,
2025,50,2,3,3.865352482534945e-14,,,"[-1.96937671e-03 -1.38276396e-03 -1.72927897e-03 ...  7.81059245e-16
  7.34790917e-16 -1.31426987e-15]",1275,
25,50,2,4,0.02002324075734748,,,"[ 1.41626266e-04 -2.09523023e-04  2.91257266e-05 ... -6.76503002e-05
  6.56851533e-05 -5.24476529e-05]",1275,
125,50,2,4,0.018714392831603845,,,"[-6.83704628e-05 -6.82645571e-04 -1.48322019e-04 ... -4.62011055e-05
  1.92509474e-04  1.59484827e-04]",1275,
225,50,2,4,0.017092281174240043,,,"[-4.08692299e-04 -5.81455529e-04 -1.57153291e-04 ... -3.18031219e-04
  5.13315566e-06  4.35996432e-04]",1275,
325,50,2,4,0.016712617216676905,,,"[-6.26060337e-04 -6.07659397e-04 -3.82713548e-04 ... -3.65053244e-04
 -1.94521842e-05  6.06101161e-04]",1275,
425,50,2,4,0.015424121058372294,,,"[-0.00076535 -0.00074925 -0.00054827 ... -0.00056256  0.00020465
  0.0003117 ]",1275,
525,50,2,4,0.01440113404815122,,,"[-0.00096087 -0.0009434  -0.00050996 ... -0.00037542  0.00023896
  0.00033454]",1275,
625,50,2,4,0.013333888408424173,,,"[-1.22490438e-03 -1.19005743e-03 -4.13744666e-04 ... -4.52092668e-04
 -4.20901749e-05  1.65606230e-04]",1275,
725,50,2,4,0.011736912631986911,,,"[-1.29773232e-03 -1.43121971e-03 -3.83601818e-04 ... -1.29374269e-04
  2.40352571e-04 -6.99653596e-05]",1275,
825,50,2,4,0.010749015136038906,,,"[-1.43143212e-03 -1.46983953e-03 -7.78640877e-04 ... -2.77672780e-04
  2.02507888e-04 -6.22838925e-05]",1275,
925,50,2,4,0.009637900728669137,,,"[-1.51470272e-03 -1.64204667e-03 -8.46850492e-04 ... -7.81986735e-05
 -5.56710400e-05 -1.33598472e-04]",1275,
1025,50,2,4,0.00808846214433629,,,"[-1.81721517e-03 -1.84337664e-03 -9.79392656e-04 ...  9.35320067e-05
 -5.00156456e-05  2.12706505e-05]",1275,
1125,50,2,4,0.006638711044818137,,,"[-1.66156265e-03 -1.71742431e-03 -1.27060544e-03 ...  4.72547277e-05
 -2.69733927e-04  2.09781135e-04]",1275,
1225,50,2,4,0.004254253583371223,,,"[-1.68837640e-03 -1.39223958e-03 -1.39950696e-03 ... -2.01435144e-05
 -1.90593334e-04 -1.91755341e-05]",1275,
1325,50,2,4,1.4779288903810084e-13,,,"[-1.96937671e-03 -1.38276396e-03 -1.72927897e-03 ...  1.05948236e-15
 -4.29129253e-15 -4.93919142e-15]",1275,
1425,50,2,4,9.777068044058978e-14,,,"[-1.96937671e-03 -1.38276396e-03 -1.72927897e-03 ...  5.29090660e-17
 -1.01030024e-15 -7.43979531e-16]",1275,
1525,50,2,4,9.492850949754938e-14,,,"[-1.96937671e-03 -1.38276396e-03 -1.72927897e-03 ... -3.24013819e-16
 -2.74547095e-16 -8.42912979e-16]",1275,
1625,50,2,4,4.6043169277254495e-14,,,"[-1.96937671e-03 -1.38276396e-03 -1.72927897e-03 ... -7.50023958e-16
 -1.69027119e-16 -1.63768738e-15]",1275,
1725,50,2,4,5.0022208597511053e-14,,,"[-1.96937671e-03 -1.38276396e-03 -1.72927897e-03 ... -1.73851818e-16
 -2.53730413e-16 -1.20286810e-15]",1275,
1825,50,2,4,4.661160346586257e-14,,,"[-1.96937671e-03 -1.38276396e-03 -1.72927897e-03 ...  3.02844772e-16
 -1.50107791e-16 -1.08200666e-15]",1275,
1925,50,2,4,8.810729923425243e-14,,,"[-1.96937671e-03 -1.38276396e-03 -1.72927897e-03 ...  8.46741568e-16
  4.30211422e-16 -1.41434173e-15]",1275,
2025,50,2,4,3.865352482534945e-14,,,"[-1.96937671e-03 -1.38276396e-03 -1.72927897e-03 ...  7.81370953e-16
  7.35007758e-16 -1.31025833e-15]",1275,
25,50,2,5,0.01938415603066687,,,"[-1.99821108e-06  7.25591738e-05 -1.05312103e-04 ... -8.17822883e-07
  8.19977056e-05 -3.97507396e-05]",1275,
125,50,2,5,0.018173653568813963,,,"[-1.90201733e-04 -2.84084926e-05 -3.54868522e-04 ...  3.87942848e-05
  1.60570902e-04  1.91858721e-04]",1275,
225,50,2,5,0.017403906419811505,,,"[-6.50018578e-04 -2.27616212e-04 -6.86754154e-04 ...  3.37209677e-04
 -1.76866162e-05 -3.98455063e-05]",1275,
325,50,2,5,0.016323745063948535,,,"[-0.00070406 -0.00022503 -0.0007189  ...  0.00044452  0.0002858
 -0.00032173]",1275,
425,50,2,5,0.015242505572246046,,,"[-0.00081969 -0.00021572 -0.0005595  ...  0.00035814  0.00052966
 -0.00038673]",1275,
525,50,2,5,0.014366029577959693,,,"[-8.54919422e-04 -6.73062287e-04 -4.43529263e-04 ... -4.10946689e-05
  5.42727747e-04 -4.64611028e-04]",1275,
625,50,2,5,0.012932244235049666,,,"[-0.00101031 -0.00068148 -0.00078807 ...  0.00022112  0.00049906
 -0.00031937]",1275,
725,50,2,5,0.01173590846641389,,,"[-0.00100217 -0.00115948 -0.00093773 ...  0.00045987  0.00039895
 -0.00021518]",1275,
825,50,2,5,0.01083382518525525,,,"[-0.00131983 -0.00123739 -0.00076699 ...  0.0003338   0.00030876
 -0.00017841]",1275,
925,50,2,5,0.010625003119217808,,,"[-0.00142264 -0.00107377 -0.00084504 ...  0.00029515  0.00027598
 -0.00037933]",1275,
1025,50,2,5,0.008028371462734185,,,"[-1.29951698e-03 -1.44002544e-03 -1.05300214e-03 ...  4.07484700e-05
 -9.01604482e-05 -3.23765230e-04]",1275,
1125,50,2,5,0.00694466203078889,,,"[-1.59000240e-03 -1.54274287e-03 -1.06585627e-03 ...  6.79671817e-05
 -9.61008482e-05 -2.49601678e-04]",1275,
1225,50,2,5,0.0034701942898709604,,,"[-1.91685697e-03 -1.56772252e-03 -1.41107272e-03 ...  8.81570742e-05
 -2.38093677e-04 -2.08665635e-04]",1275,
1325,50,2,5,1.4779288903810084e-13,,,"[-1.96937671e-03 -1.38276396e-03 -1.72927897e-03 ...  1.06289760e-15
 -6.83418708e-15 -6.22630203e-15]",1275,
1425,50,2,5,1.0800249583553522e-13,,,"[-1.96937671e-03 -1.38276396e-03 -1.72927897e-03 ...  1.47203484e-15
 -2.70913663e-15 -3.48014328e-15]",1275,
1525,50,2,5,9.947598300641403e-14,,,"[-1.96937671e-03 -1.38276396e-03 -1.72927897e-03 ...  1.41352858e-15
 -3.68651778e-15 -1.61088048e-15]",1275,
1625,50,2,5,1.4154011296341197e-13,,,"[-1.96937671e-03 -1.38276396e-03 -1.72927897e-03 ...  4.91699238e-16
 -2.14688293e-15 -1.56805450e-15]",1275,
1725,50,2,5,8.86757334228605e-14,,,"[-1.96937671e-03 -1.38276396e-03 -1.72927897e-03 ...  1.28875046e-15
 -5.23317284e-16 -2.43495545e-15]",1275,
1825,50,2,5,8.810729923425243e-14,,,"[-1.96937671e-03 -1.38276396e-03 -1.72927897e-03 ...  1.13723321e-15
  4.93854090e-17 -1.95259390e-15]",1275,
1925,50,2,5,4.376943252282217e-14,,,"[-1.96937671e-03 -1.38276396e-03 -1.72927897e-03 ...  1.24157412e-15
  6.92019142e-16 -1.52520141e-15]",1275,
2025,50,2,5,3.808509063674137e-14,,,"[-1.96937671e-03 -1.38276396e-03 -1.72927897e-03 ...  7.65555154e-16
  7.34790917e-16 -1.30570468e-15]",1275,
