sample_size,n,k,repeat,mae,alphas,coef_path,coefficients,non_zero_coef,num_iter
5,10,2,1,0.05180023291926375,,,"[-0.0015866  -0.0015866   0.00109303  0.00488603 -0.0015866  -0.0053796
  0.00223262  0.0053796  -0.00602563 -0.0002235  -0.0015866   0.00086953
  0.00466253 -0.0015866  -0.0053796   0.00086953  0.00379301 -0.00624913
 -0.0015866   0.00086953  0.00466253 -0.0015866  -0.0053796   0.00086953
  0.00379301 -0.00624913 -0.0015866   0.00109303  0.00086953  0.00086953
  0.00086953  0.0002235   0.0002235   0.00086953  0.00466253  0.00086953
  0.00086953  0.00401651  0.0002235   0.00466253 -0.0053796   0.00086953
  0.00379301 -0.00624913 -0.0015866   0.00086953  0.         -0.00624913
 -0.0053796   0.0013631   0.          0.00223262  0.0002235   0.0051561
 -0.00624913]",53,
25,10,2,1,0.03318043097167276,,,"[-0.04187163 -0.00998412  0.02888315  0.00062247  0.00274263 -0.01731174
 -0.02329233 -0.00858246 -0.02662848 -0.01745771 -0.01212468 -0.01045792
 -0.00059432  0.00642426 -0.02989406 -0.01521209  0.01066893 -0.0098877
  0.01169831 -0.00123511  0.01602298  0.03486022  0.00820204  0.0012141
 -0.0055614   0.01191433  0.02767867 -0.01613465 -0.01198598 -0.00211822
  0.01554418 -0.00700108  0.00035957 -0.00814694  0.01596236 -0.00234625
 -0.01089496 -0.00061821  0.01653329 -0.00337232  0.01207074  0.00965707
 -0.00583035 -0.00929698 -0.00540083  0.01323475  0.00674489 -0.01033116
 -0.01853754  0.00684353 -0.0137988   0.03894782  0.0100745   0.00585321
  0.0006348 ]",55,
45,10,2,1,0.026908974237045982,,,"[-6.14587817e-02 -1.32215494e-02  1.91550196e-02  1.39811365e-02
 -1.38341351e-02 -2.57314907e-02 -4.27750709e-02 -2.74651478e-02
 -2.05076332e-02 -1.55682181e-02  8.51270799e-04 -1.16175250e-02
  4.56029049e-03  1.42195323e-02 -1.29732204e-02  7.00357558e-03
 -4.93552838e-03 -1.50024112e-02  6.27355921e-03  5.95352360e-03
  7.95347075e-03  3.81448018e-02 -1.12317475e-02  1.69527565e-02
  1.20127724e-02  2.16103542e-02  1.97303377e-02 -1.29830577e-02
  8.92629899e-04  2.09108249e-02 -1.02408456e-03 -9.64375759e-03
 -1.30880569e-02 -2.48934065e-02  1.09471375e-02 -1.06895120e-02
 -2.51498635e-02  2.00250189e-02  1.82208277e-02 -2.14513154e-03
  2.21326773e-02 -1.51609432e-02  1.21775425e-02 -1.14546265e-02
 -1.01931467e-02  1.20575218e-02  1.36609684e-02  6.98448919e-03
 -9.03918614e-03  5.40543850e-03 -1.01650339e-02  7.36342627e-02
  8.56264244e-05 -6.47326569e-04 -1.19596343e-02]",55,
65,10,2,1,1.0572875908110291e-13,,,"[-8.64541606e-02 -1.30266697e-02 -3.71661462e-02  1.44880198e-02
 -1.57882231e-02 -5.64486615e-02 -9.76661971e-02 -1.93374890e-02
 -3.21027066e-02 -3.87121700e-02 -2.26381414e-16  4.79477569e-14
  2.54067600e-14  3.24615910e-02  9.59302082e-16 -3.08364445e-14
  2.79146969e-02 -1.20632671e-14 -6.71034409e-14  1.01897657e-14
  2.83401996e-02  2.52009450e-02  1.55986335e-14  2.46183895e-02
  1.17874460e-14  2.63201314e-02 -5.07059672e-14 -1.68545733e-14
 -3.70814490e-14  4.75175477e-02 -7.54301135e-14 -9.53750967e-15
  5.57713217e-03  1.32227129e-14 -6.46826342e-14 -2.12919959e-14
 -4.69659034e-14 -2.23952801e-15 -2.24889551e-14  8.02899414e-14
  1.31422651e-14  2.86159985e-14 -6.87401525e-14 -1.78598455e-14
  3.21253441e-14  3.62904151e-15 -5.63104251e-14 -6.34700625e-14
  1.97515615e-14 -4.51912813e-14 -1.82770465e-14  9.19786283e-02
 -7.03395675e-14  6.97387027e-14 -3.13638004e-15]",55,
85,10,2,1,1.3073986337985842e-13,,,"[-8.64541606e-02 -1.30266697e-02 -3.71661462e-02  1.44880198e-02
 -1.57882231e-02 -5.64486615e-02 -9.76661971e-02 -1.93374890e-02
 -3.21027066e-02 -3.87121700e-02 -6.07500161e-15  4.12274381e-14
  1.00579267e-14  3.24615910e-02 -1.64590563e-14 -2.23085439e-15
  2.79146969e-02  1.04291575e-14 -2.11124521e-14 -4.48599491e-15
  2.83401996e-02  2.52009450e-02  1.03337477e-14  2.46183895e-02
  2.54648733e-14  2.63201314e-02  1.11629456e-14 -8.14452672e-15
 -3.42651255e-14  4.75175477e-02 -4.92305849e-14 -2.10335221e-14
  5.57713217e-03  9.66240976e-16 -1.32953544e-14 -2.08427026e-14
 -1.69517178e-14 -1.05124243e-15  1.26357258e-14  3.96557787e-15
  4.06237544e-14  4.01068068e-15  7.57900687e-15 -3.52287644e-14
 -2.30397298e-14 -1.43808576e-14  3.35322048e-15 -2.60243216e-14
 -8.15753715e-15 -5.15837373e-14 -2.28220220e-14  9.19786283e-02
 -1.92831862e-14 -2.07498949e-14  2.03517758e-14]",55,
105,10,2,1,1.3358203432289884e-13,,,"[-8.64541606e-02 -1.30266697e-02 -3.71661462e-02  1.44880198e-02
 -1.57882231e-02 -5.64486615e-02 -9.76661971e-02 -1.93374890e-02
 -3.21027066e-02 -3.87121700e-02 -1.64260966e-14  1.44866757e-14
  1.68753900e-14  3.24615910e-02 -2.41820453e-14 -1.51129109e-14
  2.79146969e-02 -7.90686960e-15  6.31092401e-15  1.11716192e-15
  2.83401996e-02  2.52009450e-02  3.23491234e-14  2.46183895e-02
  1.56333280e-14  2.63201314e-02 -4.79477569e-15  8.78463968e-15
 -3.71161435e-14  4.75175477e-02 -2.55004351e-14 -3.63359516e-14
  5.57713217e-03 -1.27189925e-14 -6.72769132e-15  1.16538723e-14
 -1.10788115e-14  1.26600119e-14  1.19522447e-14  2.69419903e-14
  2.00030964e-14 -5.99520433e-15 -3.41046635e-15 -2.76514922e-14
 -2.31654973e-14 -1.20025517e-14 -1.25316424e-14 -1.71685582e-14
 -5.52682899e-15 -3.63459263e-14 -6.67521594e-15  9.19786283e-02
 -4.16333634e-16 -1.48943358e-14 -1.12427428e-14]",55,
125,10,2,1,6.934897101018578e-14,,,"[-8.64541606e-02 -1.30266697e-02 -3.71661462e-02  1.44880198e-02
 -1.57882231e-02 -5.64486615e-02 -9.76661971e-02 -1.93374890e-02
 -3.21027066e-02 -3.87121700e-02 -2.49869569e-14  1.26244501e-14
 -1.29063427e-15  3.24615910e-02 -1.64659952e-14  5.76969028e-15
  2.79146969e-02 -6.04724604e-15  1.67851844e-14  6.22765728e-16
  2.83401996e-02  2.52009450e-02  2.42826592e-14  2.46183895e-02
  2.11133194e-14  2.63201314e-02 -2.30544750e-15 -1.79543880e-16
 -2.25201802e-14  4.75175477e-02 -9.42128320e-15 -3.30672989e-14
  5.57713217e-03 -1.66706926e-14  6.61905426e-15  4.15553009e-15
  5.39152056e-15  7.76115283e-15  5.60922836e-15  2.94378237e-14
  2.02893258e-14 -1.48769885e-14 -7.40553452e-15 -3.08919557e-14
 -1.17458127e-14 -8.43075609e-16 -5.57193180e-15 -3.01147995e-15
 -1.05367104e-14 -2.28931457e-14  3.20229954e-15  9.19786283e-02
  2.73739365e-15 -7.78543896e-15 -1.35377820e-14]",55,
145,10,2,1,4.831690603168681e-14,,,"[-8.64541606e-02 -1.30266697e-02 -3.71661462e-02  1.44880198e-02
 -1.57882231e-02 -5.64486615e-02 -9.76661971e-02 -1.93374890e-02
 -3.21027066e-02 -3.87121700e-02 -1.38942677e-14  3.59955121e-15
  1.29757316e-14  3.24615910e-02 -3.36519007e-14  7.75768338e-15
  2.79146969e-02 -9.37618039e-15  3.58740815e-15  3.50414142e-15
  2.83401996e-02  2.52009450e-02  2.26953872e-14  2.46183895e-02
  1.81903104e-14  2.63201314e-02 -2.01670278e-14 -5.61356517e-15
 -3.05831749e-15  4.75175477e-02 -6.73679862e-15 -2.88380431e-14
  5.57713217e-03 -3.92567923e-15  5.38284695e-15 -6.23112673e-15
  4.00721123e-15  1.18984683e-14  1.51562790e-14  2.47996068e-14
  8.82453832e-15 -1.40963630e-14 -6.63358257e-15 -1.42056505e-14
 -1.91079791e-14  5.29611077e-15 -2.67841305e-15 -7.73513198e-15
  2.75127143e-15 -2.51309390e-14 -8.58536332e-15  9.19786283e-02
  6.71337985e-15 -4.48252546e-15 -1.90125693e-14]",55,
165,10,2,1,5.684341886080802e-14,,,"[-8.64541606e-02 -1.30266697e-02 -3.71661462e-02  1.44880198e-02
 -1.57882231e-02 -5.64486615e-02 -9.76661971e-02 -1.93374890e-02
 -3.21027066e-02 -3.87121700e-02 -1.44554507e-14  9.27036226e-15
  9.28770949e-15  3.24615910e-02 -3.19987092e-14  1.39055434e-14
  2.79146969e-02 -3.10862447e-15  6.97011893e-15  1.19210197e-14
  2.83401996e-02  2.52009450e-02  1.38352871e-14  2.46183895e-02
  9.78210568e-15  2.63201314e-02 -1.70974346e-14  5.01898870e-15
 -7.73686670e-16  4.75175477e-02 -1.48518350e-14 -2.40424000e-14
  5.57713217e-03 -4.52762827e-15  9.11944131e-15 -4.14251966e-15
  5.01682029e-15  4.72538675e-15  1.25732758e-14  2.42037293e-14
  3.05658276e-15 -1.05714049e-14 -8.71004657e-15 -1.36401307e-14
 -1.87454219e-14  1.07552856e-15  2.01574868e-15 -2.42861287e-15
  4.73579509e-16 -1.72431514e-14 -1.06928355e-14  9.19786283e-02
  4.95957442e-15  3.42174206e-15 -1.30507584e-14]",55,
185,10,2,1,5.1159076974727215e-14,,,"[-8.64541606e-02 -1.30266697e-02 -3.71661462e-02  1.44880198e-02
 -1.57882231e-02 -5.64486615e-02 -9.76661971e-02 -1.93374890e-02
 -3.21027066e-02 -3.87121700e-02 -2.11046458e-14  1.00336406e-14
  8.99107178e-15  3.24615910e-02 -2.84824248e-14  1.26270522e-14
  2.79146969e-02 -5.32646843e-15  8.91821339e-15  1.05228326e-14
  2.83401996e-02  2.52009450e-02  9.77343206e-15  2.46183895e-02
  1.63011965e-14  2.63201314e-02 -1.64694647e-14  7.09154957e-15
 -3.45556916e-15  4.75175477e-02 -1.33161711e-14 -2.02589681e-14
  5.57713217e-03 -3.20923843e-15  7.81319454e-15 -1.81105131e-15
  1.09634524e-15  2.81719092e-15  1.08073273e-14  2.58404409e-14
  1.70002901e-15 -6.95971059e-15 -9.02836833e-15 -1.74357057e-14
 -1.58987407e-14  7.48359708e-15  1.41206491e-15 -2.88657986e-15
 -3.11556336e-15 -1.79578574e-14 -1.92380833e-15  9.19786283e-02
  3.79037080e-15 -4.52762827e-16 -1.51406665e-14]",55,
205,10,2,1,5.968558980384842e-14,,,"[-8.64541606e-02 -1.30266697e-02 -3.71661462e-02  1.44880198e-02
 -1.57882231e-02 -5.64486615e-02 -9.76661971e-02 -1.93374890e-02
 -3.21027066e-02 -3.87121700e-02 -2.45099080e-14  1.52430152e-14
  8.33708103e-15  3.24615910e-02 -2.53321669e-14  3.59087760e-15
  2.79146969e-02 -6.31439345e-16  2.89698820e-15  7.87564458e-15
  2.83401996e-02  2.52009450e-02  7.91554322e-15  2.46183895e-02
  1.08732467e-14  2.63201314e-02 -3.68975683e-15  1.18976010e-14
 -6.18949336e-15  4.75175477e-02 -1.32333380e-14 -1.71529457e-14
  5.57713217e-03 -4.25527669e-15  5.18335375e-15  8.43075609e-15
  5.68989300e-16 -4.49293380e-16  8.20350732e-15  1.86378690e-14
 -5.95010152e-16 -6.09581829e-15 -7.87564458e-15 -1.42906520e-14
 -1.07934495e-14  7.22165383e-15  5.89805982e-15 -7.52696516e-15
 -3.39138440e-15 -1.69534525e-14 -2.71831169e-15  9.19786283e-02
  8.79851747e-15 -3.08780779e-15 -1.21881671e-14]",55,
225,10,2,1,5.400124791776761e-14,,,"[-8.64541606e-02 -1.30266697e-02 -3.71661462e-02  1.44880198e-02
 -1.57882231e-02 -5.64486615e-02 -9.76661971e-02 -1.93374890e-02
 -3.21027066e-02 -3.87121700e-02 -1.97689087e-14  1.40304435e-14
  3.26821903e-15  3.24615910e-02 -1.89293026e-14  2.25514052e-17
  2.79146969e-02 -1.96023753e-15 -1.04625510e-15  5.25968158e-15
  2.83401996e-02  2.52009450e-02 -1.07379383e-15  2.46183895e-02
  7.77503062e-15  2.63201314e-02 -7.37951367e-15  4.67507977e-15
 -9.91567939e-15  4.75175477e-02 -9.22005527e-15 -2.00048311e-14
  5.57713217e-03 -4.03843625e-15  1.07483467e-14  6.71684930e-15
 -1.04777298e-15  5.76882292e-15  3.04790915e-15  1.12618248e-14
 -9.12984965e-15 -1.61329283e-15 -2.14758766e-15 -1.33779706e-14
 -1.03857895e-14  1.28022593e-14 -2.13024043e-15 -4.08614115e-15
  6.58674504e-15 -1.93699223e-14 -7.54257767e-15  9.19786283e-02
  5.63785130e-15  2.19095575e-15 -1.74946863e-14]",55,
245,10,2,1,5.854872142663226e-14,,,"[-8.64541606e-02 -1.30266697e-02 -3.71661462e-02  1.44880198e-02
 -1.57882231e-02 -5.64486615e-02 -9.76661971e-02 -1.93374890e-02
 -3.21027066e-02 -3.87121700e-02 -1.40200351e-14  1.10085552e-14
  6.64746036e-15  3.24615910e-02 -1.83880688e-14 -9.67975700e-16
  2.79146969e-02 -1.36175793e-15 -2.20309881e-16  9.08301212e-15
  2.83401996e-02  2.52009450e-02 -4.00721123e-16  2.46183895e-02
  6.85042301e-15  2.63201314e-02 -6.61970478e-15  2.08427026e-15
 -6.44623244e-15  4.75175477e-02 -1.30104261e-14 -1.40373824e-14
  5.57713217e-03 -3.64985819e-15  1.04074735e-14  7.52869989e-15
 -4.78783679e-15  9.02403152e-15 -6.24500451e-16  1.07865106e-14
 -7.75941811e-15 -3.65679709e-15 -4.58313942e-15 -6.70817568e-15
 -7.67528402e-15  7.52523044e-15  5.59968738e-15 -5.31259065e-15
  7.87998139e-15 -1.86222565e-14 -1.34614542e-14  9.19786283e-02
  9.15587051e-15 -8.08381140e-16 -1.30655035e-14]",55,
265,10,2,1,5.684341886080802e-14,,,"[-8.64541606e-02 -1.30266697e-02 -3.71661462e-02  1.44880198e-02
 -1.57882231e-02 -5.64486615e-02 -9.76661971e-02 -1.93374890e-02
 -3.21027066e-02 -3.87121700e-02 -1.15810139e-14  1.13034582e-14
  5.02722863e-15  3.24615910e-02 -1.92103278e-14 -3.17454396e-15
  2.79146969e-02 -8.11850587e-16 -3.27689265e-15  5.53029844e-15
  2.83401996e-02  2.52009450e-02 -2.10421958e-15  2.46183895e-02
  1.13277443e-14  2.63201314e-02 -4.97171748e-15  6.96621580e-15
 -7.81319454e-15  4.75175477e-02 -9.84282100e-15 -1.20528587e-14
  5.57713217e-03  2.70616862e-16  1.11421289e-14  7.76462228e-15
 -6.18602392e-15  7.45497414e-15  2.24473218e-15  5.03416753e-15
 -9.14025799e-15 -2.85188539e-15 -1.52655666e-15 -8.32146851e-15
 -5.67774994e-15  4.68028394e-15  6.31786290e-15 -1.33920652e-15
  6.49480469e-15 -1.95971711e-14 -1.12826415e-14  9.19786283e-02
  1.04152797e-14 -2.94209102e-15 -1.26123070e-14]",55,
285,10,2,1,6.139089236967266e-14,,,"[-8.64541606e-02 -1.30266697e-02 -3.71661462e-02  1.44880198e-02
 -1.57882231e-02 -5.64486615e-02 -9.76661971e-02 -1.93374890e-02
 -3.21027066e-02 -3.87121700e-02 -1.15983612e-14  5.12090370e-15
  5.82173199e-15  3.24615910e-02 -1.71859055e-14 -1.71737624e-15
  2.79146969e-02 -3.26821903e-15 -3.83373888e-15  5.55805402e-15
  2.83401996e-02  2.52009450e-02 -3.14678839e-15  2.46183895e-02
  1.28261117e-14  2.63201314e-02 -3.89879101e-15  7.74727504e-15
 -8.07687250e-15  4.75175477e-02 -1.22055144e-14 -1.01828268e-14
  5.57713217e-03  4.64905892e-16  8.58688121e-15  6.22418783e-15
 -7.18522464e-15  5.21110932e-15  1.38083989e-15  1.35308431e-15
 -4.44783099e-15 -6.84174939e-15 -2.12677098e-15 -7.35696226e-15
 -7.08808012e-15  5.29090660e-15  6.24240243e-15 -7.45063733e-16
  3.89098476e-15 -1.49654594e-14 -1.18863253e-14  9.19786283e-02
  1.01602754e-14 -1.87176663e-15 -1.30616004e-14]",55,
305,10,2,1,6.366462912410498e-14,,,"[-8.64541606e-02 -1.30266697e-02 -3.71661462e-02  1.44880198e-02
 -1.57882231e-02 -5.64486615e-02 -9.76661971e-02 -1.93374890e-02
 -3.21027066e-02 -3.87121700e-02 -1.37459488e-14  7.84788901e-15
  2.63677968e-15  3.24615910e-02 -1.21500032e-14 -3.59608177e-15
  2.79146969e-02 -2.51534904e-15 -5.40886780e-15  6.58501031e-15
  2.83401996e-02  2.52009450e-02 -5.62917768e-15  2.46183895e-02
  1.35256389e-14  2.63201314e-02  4.54497551e-16  5.39325529e-15
 -1.01724185e-14  4.75175477e-02 -1.12201914e-14 -9.64159308e-15
  5.57713217e-03 -1.52655666e-15  9.25995391e-15  9.24260668e-15
 -8.43075609e-15  5.57887070e-15  1.81105131e-15  1.27155231e-15
 -6.39419073e-15 -7.29971639e-15 -3.60475538e-15 -3.89965837e-15
 -5.43315393e-15  6.16173779e-15  4.97865638e-15 -1.48232121e-15
  1.96977851e-15 -1.61069075e-14 -8.88525364e-15  9.19786283e-02
  7.64405900e-15 -3.89271948e-15 -1.38916656e-14]",55,
325,10,2,1,6.821210263296962e-14,,,"[-8.64541606e-02 -1.30266697e-02 -3.71661462e-02  1.44880198e-02
 -1.57882231e-02 -5.64486615e-02 -9.76661971e-02 -1.93374890e-02
 -3.21027066e-02 -3.87121700e-02 -1.32550221e-14  9.00234748e-15
  1.07119175e-16  3.24615910e-02 -1.54060792e-14 -4.17374468e-15
  2.79146969e-02 -1.35221695e-15 -4.62130334e-15  9.77343206e-15
  2.83401996e-02  2.52009450e-02 -8.16360868e-15  2.46183895e-02
  1.11993748e-14  2.63201314e-02  2.67841305e-15  3.83894305e-15
 -6.91807722e-15  4.75175477e-02 -8.10809753e-15 -9.05872599e-15
  5.57713217e-03 -6.50521303e-16  8.98239816e-15  9.63140158e-15
 -1.26218480e-14  4.18458670e-15 -6.93889390e-17  1.69959533e-15
 -4.06098766e-15 -7.38992201e-15 -6.37163933e-15  1.01307851e-15
 -3.64985819e-15  4.95783969e-15  6.96664948e-15 -3.40873163e-15
  9.05525654e-16 -1.64521174e-14 -4.72191730e-15  9.19786283e-02
  8.81586470e-15 -3.33413852e-15 -1.26287869e-14]",55,
345,10,2,1,4.433786671143025e-14,,,"[-8.64541606e-02 -1.30266697e-02 -3.71661462e-02  1.44880198e-02
 -1.57882231e-02 -5.64486615e-02 -9.76661971e-02 -1.93374890e-02
 -3.21027066e-02 -3.87121700e-02 -1.40547296e-14  1.00024156e-14
 -1.93421668e-15  3.24615910e-02 -1.33218089e-14 -3.03923553e-15
  2.79146969e-02 -2.43381704e-15 -5.30131494e-15  4.60048666e-15
  2.83401996e-02  2.52009450e-02 -8.89739671e-15  2.46183895e-02
  1.28820565e-14  2.63201314e-02 -1.69309011e-15  3.84067778e-15
 -6.90419943e-15  4.75175477e-02 -6.85649454e-15 -6.98052727e-15
  5.57713217e-03 -4.66640615e-16  6.12010442e-15  1.09200843e-14
 -9.99894612e-15  2.01314659e-15 -4.51028104e-16  2.12677098e-15
 -5.10008702e-15 -4.21884749e-15 -6.40286435e-15 -8.67361738e-17
 -1.72604986e-16  4.10088630e-15  1.00579267e-14 -1.08940634e-15
 -3.88578059e-16 -1.44433077e-14 -3.21097315e-15  9.19786283e-02
  6.93889390e-15  3.88578059e-16 -1.44884105e-14]",55,
365,10,2,1,7.048583938740194e-14,,,"[-8.64541606e-02 -1.30266697e-02 -3.71661462e-02  1.44880198e-02
 -1.57882231e-02 -5.64486615e-02 -9.76661971e-02 -1.93374890e-02
 -3.21027066e-02 -3.87121700e-02 -1.49828067e-14  8.19049689e-15
 -7.19736770e-15  3.24615910e-02 -1.33469624e-14 -6.60235755e-15
  2.79146969e-02 -1.95937017e-15 -5.16947596e-15  4.88845076e-15
  2.83401996e-02  2.52009450e-02 -8.08381140e-15  2.46183895e-02
  1.30312428e-14  2.63201314e-02 -5.96744876e-16  1.38604406e-15
 -5.32213162e-15  4.75175477e-02 -3.35235312e-15 -5.20070098e-15
  5.57713217e-03 -3.67761377e-16  6.97358837e-15  1.17544863e-14
 -1.26912370e-14  2.29850861e-15  1.55431223e-15 -9.97465999e-18
 -4.87804241e-15 -3.84414722e-15 -3.83894305e-15  1.64798730e-15
  7.99707522e-16  2.39044895e-15  8.85055917e-15  9.67975700e-16
  2.37657116e-15 -1.30312428e-14 -8.23993651e-17  9.19786283e-02
  5.04804532e-15 -1.70696790e-15 -1.30867539e-14]",55,
385,10,2,1,4.149569576838985e-14,,,"[-8.64541606e-02 -1.30266697e-02 -3.71661462e-02  1.44880198e-02
 -1.57882231e-02 -5.64486615e-02 -9.76661971e-02 -1.93374890e-02
 -3.21027066e-02 -3.87121700e-02 -1.33174721e-14  7.75421394e-15
 -5.93275429e-15  3.24615910e-02 -1.26600119e-14 -5.70030134e-15
  2.79146969e-02 -4.19803081e-16 -8.87831475e-15  7.91207377e-15
  2.83401996e-02  2.52009450e-02 -8.68055627e-15  2.46183895e-02
  1.28126676e-14  2.63201314e-02 -7.42461648e-16  2.38351006e-15
 -5.73499581e-15  4.75175477e-02 -8.18789481e-16 -5.66213743e-15
  5.57713217e-03 -4.71844785e-16  4.03149736e-15  9.04137876e-15
 -1.20459198e-14  2.89698820e-16 -1.46757606e-15 -5.70724024e-16
 -2.51187959e-15 -5.38111222e-15 -5.52596163e-15  1.73342243e-15
 -9.65373614e-16  4.63171168e-16  7.29364485e-15  5.20417043e-16
 -3.60822483e-16 -1.29904767e-14 -1.74339709e-15  9.19786283e-02
  3.38184342e-15 -1.06078341e-15 -1.11508025e-14]",55,
405,10,2,1,4.206412995699793e-14,,,"[-8.64541606e-02 -1.30266697e-02 -3.71661462e-02  1.44880198e-02
 -1.57882231e-02 -5.64486615e-02 -9.76661971e-02 -1.93374890e-02
 -3.21027066e-02 -3.87121700e-02 -1.30589983e-14  7.80625564e-15
 -6.66827704e-15  3.24615910e-02 -1.37528877e-14 -6.11663498e-15
  2.79146969e-02 -2.81025203e-16 -7.42114703e-15  9.05612391e-15
  2.83401996e-02  2.52009450e-02 -7.74727504e-15  2.46183895e-02
  1.05054854e-14  2.63201314e-02 -1.07205911e-15  1.82492910e-15
 -4.86416463e-15  4.75175477e-02 -7.35522754e-16 -5.27355937e-15
  5.57713217e-03 -2.18228213e-15  2.87270208e-15  6.63011313e-15
 -1.09790649e-14 -1.12757026e-15 -3.50500878e-15  1.70870262e-15
 -5.20937460e-15 -7.11583570e-15 -5.47478729e-15 -9.71445147e-16
  7.81492926e-16  2.18228213e-15  5.71244441e-15 -6.90419943e-16
  2.21350716e-15 -1.02591546e-14 -3.52322338e-15  9.19786283e-02
  2.06432094e-15  4.21537805e-16 -8.69443406e-15]",55,
5,10,2,2,0.04513512809313738,,,"[-7.68527172e-03  4.22132590e-03  1.38777878e-17  3.87503894e-03
  3.37351245e-03  3.87503894e-03 -3.87503894e-03  3.37351245e-03
  0.00000000e+00  2.32902312e-03  4.22132590e-03  0.00000000e+00
 -2.32902312e-03  1.89230278e-03 -2.32902312e-03 -5.35624860e-03
  1.89230278e-03  0.00000000e+00 -5.35624860e-03  0.00000000e+00
  0.00000000e+00  4.22132590e-03  0.00000000e+00  4.22132590e-03
  4.22132590e-03  0.00000000e+00  4.22132590e-03  0.00000000e+00
  0.00000000e+00  0.00000000e+00  0.00000000e+00  0.00000000e+00
  0.00000000e+00  0.00000000e+00 -2.32902312e-03  3.87503894e-03
  0.00000000e+00 -2.32902312e-03  0.00000000e+00  6.20406206e-03
 -2.32902312e-03  5.70253557e-03  3.37351245e-03  0.00000000e+00
  5.70253557e-03  0.00000000e+00 -2.32902312e-03  0.00000000e+00
  6.20406206e-03  5.70253557e-03  0.00000000e+00 -3.87503894e-03
  0.00000000e+00  5.70253557e-03  0.00000000e+00]",33,
25,10,2,2,0.03265397563840281,,,"[-0.01825233  0.00075943  0.00715756  0.00991522  0.00801226 -0.01149686
 -0.02371948  0.00635979 -0.00458537  0.00732056 -0.01098178 -0.0066874
  0.00110923  0.00719086 -0.01194719 -0.0143856   0.00536886 -0.01466583
  0.00535801 -0.0015668   0.01853649  0.01642591  0.00625362 -0.00064178
  0.00808633  0.0027153   0.01178688  0.01157149 -0.00399501  0.02185106
 -0.00494446  0.00045662  0.00209016  0.00247891 -0.01112639  0.01598614
 -0.01076979 -0.00390778  0.01748258 -0.00129508 -0.00718375 -0.01568898
  0.01469959 -0.00918094  0.00684714 -0.02032182 -0.01505651  0.01238302
 -0.00826744 -0.01278052 -0.01441249  0.00566029 -0.0149225   0.01659926
  0.0046255 ]",55,
45,10,2,2,0.01734525412341668,,,"[-0.07791437  0.01154649 -0.0312686   0.03914374  0.00043065 -0.04284088
 -0.06454424 -0.00522385 -0.04556028 -0.03142884 -0.01553916  0.01007751
 -0.0058647   0.01877761 -0.00630383 -0.02060009  0.04522742  0.0109458
  0.01705216 -0.00163262  0.01940012  0.02021191 -0.00346146  0.01266418
 -0.00718258  0.01158007  0.00647123 -0.00185801 -0.00488893  0.03685109
 -0.01913687  0.00880845  0.01548589  0.01139228 -0.01430197  0.00607211
  0.00323322 -0.01651756 -0.00057328 -0.01663518  0.00561102 -0.00358474
 -0.00960405 -0.00498464 -0.00319049  0.00301709 -0.0152824  -0.00666778
 -0.01041059 -0.01518743  0.00490877  0.07115465  0.00653222  0.00622605
  0.01138837]",55,
65,10,2,2,9.890754881780595e-14,,,"[-8.64541606e-02 -1.30266697e-02 -3.71661462e-02  1.44880198e-02
 -1.57882231e-02 -5.64486615e-02 -9.76661971e-02 -1.93374890e-02
 -3.21027066e-02 -3.87121700e-02 -1.32463485e-14 -8.43517964e-14
  4.68123804e-14  3.24615910e-02 -1.23335370e-13 -1.58867711e-13
  2.79146969e-02  3.34836325e-14  1.53602825e-13  6.92154667e-15
  2.83401996e-02  2.52009450e-02  7.01175229e-14  2.46183895e-02
 -1.40501760e-14  2.63201314e-02 -3.49945767e-14  1.13312137e-14
  1.87974636e-14  4.75175477e-02  1.37390099e-15 -7.43675954e-14
  5.57713217e-03 -1.25038868e-14 -7.92421684e-15  1.71477416e-14
 -7.35175809e-15  5.95704042e-15 -9.13557424e-14 -4.95723254e-14
 -1.74704001e-14 -7.15053017e-15  4.75262191e-14  5.10737286e-14
  1.20866858e-14  1.28300148e-14  1.35308431e-16  3.59347968e-14
 -6.40876241e-14 -4.07087558e-14 -4.02976263e-14  9.19786283e-02
  7.60511445e-14  5.63889213e-14  6.84868828e-15]",55,
85,10,2,2,1.460875864722766e-13,,,"[-8.64541606e-02 -1.30266697e-02 -3.71661462e-02  1.44880198e-02
 -1.57882231e-02 -5.64486615e-02 -9.76661971e-02 -1.93374890e-02
 -3.21027066e-02 -3.87121700e-02 -5.25274269e-15 -4.51383722e-14
  8.45556264e-14  3.24615910e-02 -8.15788409e-14  1.12947846e-14
  2.79146969e-02 -1.89778748e-14  2.25791608e-14  2.76757783e-14
  2.83401996e-02  2.52009450e-02  1.48136711e-14  2.46183895e-02
  1.24084770e-14  2.63201314e-02  5.38631639e-15  6.80878964e-15
  2.19477214e-14  4.75175477e-02  3.22823365e-14 -7.89819599e-14
  5.57713217e-03  8.85055917e-15 -7.65013053e-15 -4.23966418e-15
 -4.73353995e-14  5.14727150e-14 -3.47812057e-14  1.71564152e-14
  1.92762473e-14  2.53894128e-14 -2.23814023e-14 -5.79397641e-15
 -2.50494070e-15  1.10970261e-14 -3.93608757e-14 -1.39714629e-14
 -9.21485110e-15  1.09946774e-14  1.80862270e-14  9.19786283e-02
  4.22630680e-14  1.14526444e-14 -4.90094076e-14]",55,
105,10,2,2,3.581135388230905e-14,,,"[-8.64541606e-02 -1.30266697e-02 -3.71661462e-02  1.44880198e-02
 -1.57882231e-02 -5.64486615e-02 -9.76661971e-02 -1.93374890e-02
 -3.21027066e-02 -3.87121700e-02 -9.19403442e-16 -1.20129601e-15
  2.77798617e-14  3.24615910e-02 -4.21815360e-14 -5.01161612e-15
  2.79146969e-02  2.73045475e-15 -7.78196951e-15  4.32986980e-15
  2.83401996e-02  2.52009450e-02 -2.76341450e-15  2.46183895e-02
  2.29746777e-14  2.63201314e-02  6.12964540e-15  1.12479470e-14
  1.06442632e-14  4.75175477e-02  1.15636667e-14 -3.27728296e-14
  5.57713217e-03 -1.47139245e-14  6.03380193e-15  9.35883315e-15
 -2.16146545e-14  1.06477327e-14 -2.15522045e-14  1.61155811e-15
  8.55912563e-15  1.34293618e-14 -1.01793574e-14 -1.44762674e-15
  7.08808012e-15  6.10622664e-16 -1.55570001e-14 -1.92137972e-14
 -2.08982137e-14 -1.58250149e-14  1.38812573e-14  9.19786283e-02
  3.65861855e-14 -1.68268177e-15 -1.21708199e-14]",55,
125,10,2,2,6.650680006714537e-14,,,"[-8.64541606e-02 -1.30266697e-02 -3.71661462e-02  1.44880198e-02
 -1.57882231e-02 -5.64486615e-02 -9.76661971e-02 -1.93374890e-02
 -3.21027066e-02 -3.87121700e-02 -7.48880125e-15  1.72240694e-14
 -3.38271078e-15  3.24615910e-02 -1.63619118e-14 -1.98105421e-15
  2.79146969e-02 -6.77582990e-15 -3.33136296e-14  3.87450488e-15
  2.83401996e-02  2.52009450e-02 -1.21395949e-14  2.46183895e-02
  2.63886135e-14  2.63201314e-02  5.47652201e-15  1.07171216e-14
  1.89084859e-16  4.75175477e-02  1.78676518e-15 -2.50632848e-14
  5.57713217e-03 -1.44884105e-14  7.42374912e-15  5.68642355e-15
 -1.11889664e-14  3.87190280e-15 -1.40443213e-14 -5.73499581e-15
  1.57807795e-14  1.62578284e-14 -5.64825964e-15  6.03683770e-15
  5.55805402e-15 -6.09581829e-15 -4.06445710e-15 -4.39752401e-16
  5.83734450e-15 -2.72525058e-14  1.19765309e-14  9.19786283e-02
  2.68968875e-14 -9.04875133e-15 -1.21651821e-14]",55,
145,10,2,2,7.048583938740194e-14,,,"[-8.64541606e-02 -1.30266697e-02 -3.71661462e-02  1.44880198e-02
 -1.57882231e-02 -5.64486615e-02 -9.76661971e-02 -1.93374890e-02
 -3.21027066e-02 -3.87121700e-02 -1.64432270e-14  2.10421958e-14
  5.25100796e-15  3.24615910e-02 -1.83915383e-14 -1.22870464e-14
  2.79146969e-02 -7.87217513e-15 -2.29746777e-14  4.83814377e-15
  2.83401996e-02  2.52009450e-02 -1.15948917e-14  2.46183895e-02
  2.70738293e-14  2.63201314e-02  1.62127256e-14  1.85147037e-14
 -4.29430796e-15  4.75175477e-02  3.33066907e-16 -1.87679733e-14
  5.57713217e-03 -8.95117314e-15  1.06021962e-14  2.85535484e-15
 -1.03979325e-14  5.89459037e-15 -9.99547667e-15  8.01095301e-15
 -7.68829445e-15  1.01585407e-14  1.11854970e-14  2.35922393e-15
 -1.07379383e-15 -1.76794343e-14  1.35932932e-14  5.89805982e-16
 -9.36750677e-15 -1.45924939e-14  6.08540995e-15  9.19786283e-02
  2.87721236e-14 -3.15025783e-15 -2.21047139e-14]",55,
165,10,2,2,7.673861546209083e-14,,,"[-8.64541606e-02 -1.30266697e-02 -3.71661462e-02  1.44880198e-02
 -1.57882231e-02 -5.64486615e-02 -9.76661971e-02 -1.93374890e-02
 -3.21027066e-02 -3.87121700e-02 -1.13468263e-14  1.61242547e-14
 -2.49453236e-15  3.24615910e-02 -1.74625939e-14 -1.04421680e-14
  2.79146969e-02 -1.94046168e-14 -2.54379851e-14  1.21534727e-14
  2.83401996e-02  2.52009450e-02 -1.12011095e-14  2.46183895e-02
  2.61353439e-14  2.63201314e-02  6.69950206e-15  7.03690578e-15
 -6.88685220e-16  4.75175477e-02  7.63972219e-15 -1.46887710e-14
  5.57713217e-03 -7.92595156e-15  1.90299165e-15 -3.61863317e-15
 -1.24154159e-14  1.35828848e-15 -9.20617749e-15 -2.78943535e-15
 -5.93622373e-15  1.40278414e-14  1.14613180e-14  7.13665238e-15
 -1.48145385e-15 -1.42876162e-14  1.91929805e-14 -4.32293090e-15
 -2.92127433e-15 -1.35516598e-14  7.36910533e-15  9.19786283e-02
  1.93699223e-14  3.86496390e-15 -2.36590261e-14]",55,
185,10,2,2,1.5973000699887052e-13,,,"[-8.64541606e-02 -1.30266697e-02 -3.71661462e-02  1.44880198e-02
 -1.57882231e-02 -5.64486615e-02 -9.76661971e-02 -1.93374890e-02
 -3.21027066e-02 -3.87121700e-02 -5.40366363e-15  1.27502175e-14
 -5.44529699e-15  3.24615910e-02 -1.07899800e-14 -8.47759363e-15
  2.79146969e-02 -1.81660242e-14 -3.12597170e-14  1.55223057e-14
  2.83401996e-02  2.52009450e-02 -1.00596614e-14  2.46183895e-02
  1.86795024e-14  2.63201314e-02  1.34805361e-14  3.35148576e-15
 -4.85722573e-15  4.75175477e-02  5.55805402e-15 -9.76302372e-15
  5.57713217e-03 -9.78384040e-15  1.15350438e-14  8.88872309e-15
 -1.13398874e-14 -3.34975103e-15 -6.22332047e-15 -3.09127723e-15
  2.76254714e-15  8.55912563e-15  6.67434857e-15  1.21985755e-14
  4.23272528e-16 -1.53765889e-14  7.22165383e-15 -3.92567923e-15
 -6.25888230e-15 -2.27248775e-14  3.59087760e-15  9.19786283e-02
  1.65015571e-14  1.19348975e-15 -2.60711591e-14]",55,
205,10,2,2,7.389644451905042e-14,,,"[-8.64541606e-02 -1.30266697e-02 -3.71661462e-02  1.44880198e-02
 -1.57882231e-02 -5.64486615e-02 -9.76661971e-02 -1.93374890e-02
 -3.21027066e-02 -3.87121700e-02 -9.30418936e-15  1.17614252e-15
 -5.85295701e-15  3.24615910e-02 -1.24665903e-14  3.51281504e-16
  2.79146969e-02 -1.44966504e-14 -2.75127143e-14  1.79422449e-14
  2.83401996e-02  2.52009450e-02 -8.23646706e-15  2.46183895e-02
  8.16360868e-15  2.63201314e-02  7.96953649e-15 -2.22391550e-15
  4.14078494e-15  4.75175477e-02  3.26821903e-15 -1.45924939e-14
  5.57713217e-03 -1.05644660e-14  8.57820759e-15  1.01706837e-14
 -1.47965407e-14 -4.87630769e-15 -6.92024563e-15 -5.54070678e-15
  3.21964677e-15 -3.29597460e-16 -5.91540705e-15 -1.06512021e-15
 -1.99059519e-15 -8.86096752e-15  8.90520296e-15  4.75314232e-15
  7.11930515e-15 -1.95711503e-14  2.28289609e-15  9.19786283e-02
  1.57027169e-14  1.68268177e-15 -1.91895111e-14]",55,
225,10,2,2,1.8417267710901798e-13,,,"[-8.64541606e-02 -1.30266697e-02 -3.71661462e-02  1.44880198e-02
 -1.57882231e-02 -5.64486615e-02 -9.76661971e-02 -1.93374890e-02
 -3.21027066e-02 -3.87121700e-02 -8.24340596e-15  5.18682319e-15
 -8.47412418e-15  3.24615910e-02 -1.11672824e-14  1.59594560e-16
  2.79146969e-02 -4.69069228e-15 -2.06640260e-14  1.40512602e-14
  2.83401996e-02  2.52009450e-02 -9.60776597e-15  2.46183895e-02
  8.03870859e-15  2.63201314e-02  6.74460487e-15 -9.85322934e-16
 -1.62717062e-15  4.75175477e-02  1.87870552e-15 -1.25836841e-14
  5.57713217e-03 -9.69363478e-15  1.27502175e-14  1.21768914e-14
 -1.43864955e-14 -3.75914577e-15 -4.84855212e-15 -3.69496100e-15
  8.70831185e-16 -4.16680579e-15 -3.80945275e-15 -3.63598041e-15
 -1.00752739e-14 -5.76275139e-15  1.42351408e-14  3.79514128e-15
  3.55618313e-15 -1.77149961e-14 -1.23512311e-15  9.19786283e-02
  1.67088565e-14  2.55242875e-15 -1.82492910e-14]",55,
245,10,2,2,3.694822225952521e-14,,,"[-8.64541606e-02 -1.30266697e-02 -3.71661462e-02  1.44880198e-02
 -1.57882231e-02 -5.64486615e-02 -9.76661971e-02 -1.93374890e-02
 -3.21027066e-02 -3.87121700e-02 -1.11750886e-14  6.11663498e-15
 -1.15289722e-14  3.24615910e-02 -2.21558882e-14 -5.41233725e-16
  2.79146969e-02 -1.94158925e-15 -1.27051147e-14  1.04916076e-14
  2.83401996e-02  2.52009450e-02 -9.66587921e-15  2.46183895e-02
  8.78117024e-15  2.63201314e-02  3.96210842e-15  5.13478149e-16
 -6.76368683e-15  4.75175477e-02 -5.30825384e-15 -9.84282100e-15
  5.57713217e-03 -6.96491476e-15  1.00093545e-14  6.74807432e-15
 -1.13554999e-14 -1.87350135e-15 -4.78783679e-15  1.28803218e-15
  1.75554016e-15 -7.40033035e-15 -3.49546780e-15 -3.34888367e-15
 -9.74220704e-15 -1.57512892e-15  1.37875822e-14 -6.27969898e-16
  6.76542156e-16 -1.16833626e-14  1.40165657e-15  9.19786283e-02
  1.71373332e-14  1.58380253e-15 -1.18477277e-14]",55,
265,10,2,2,7.787548383930699e-14,,,"[-8.64541606e-02 -1.30266697e-02 -3.71661462e-02  1.44880198e-02
 -1.57882231e-02 -5.64486615e-02 -9.76661971e-02 -1.93374890e-02
 -3.21027066e-02 -3.87121700e-02 -1.14352972e-14  6.89726054e-15
 -8.56259508e-15  3.24615910e-02 -1.96197225e-14 -2.84147705e-15
  2.79146969e-02 -3.14939047e-15 -8.64239236e-15  9.93302662e-15
  2.83401996e-02  2.52009450e-02 -1.06182424e-14  2.46183895e-02
  1.33643097e-14  2.63201314e-02  4.27088920e-15 -2.01227923e-15
 -5.43835810e-15  4.75175477e-02 -5.06192310e-15 -1.08506953e-14
  5.57713217e-03 -5.96744876e-15  1.00110892e-14  2.27942665e-15
 -7.11236625e-15 -2.79984369e-15 -6.96318003e-15  5.65519853e-16
 -2.27942665e-15 -9.62077640e-15 -2.98719383e-15 -3.46337542e-15
 -6.43235465e-15 -2.53269627e-15  9.69103270e-15 -7.11236625e-16
 -1.58553726e-15 -9.16107468e-15  3.55791785e-15  9.19786283e-02
  1.13867249e-14  2.19615992e-15 -1.49741330e-14]",55,
285,10,2,2,3.524291969370097e-14,,,"[-8.64541606e-02 -1.30266697e-02 -3.71661462e-02  1.44880198e-02
 -1.57882231e-02 -5.64486615e-02 -9.76661971e-02 -1.93374890e-02
 -3.21027066e-02 -3.87121700e-02 -1.34649236e-14  6.48786580e-15
 -7.10369263e-15  3.24615910e-02 -2.16927171e-14  2.69315820e-15
  2.79146969e-02 -3.83373888e-15 -5.80958892e-15  7.14185655e-15
  2.83401996e-02  2.52009450e-02 -1.18976010e-14  2.46183895e-02
  1.16243820e-14  2.63201314e-02  1.83186799e-15 -1.38083989e-15
 -3.98812927e-15  4.75175477e-02 -3.03403136e-15 -1.00371100e-14
  5.57713217e-03 -1.42334061e-15  1.11534046e-14  5.03763697e-15
 -5.92061122e-15 -3.81292220e-15 -4.46691295e-15 -3.53883589e-16
  1.17961196e-16 -1.19695920e-14 -4.24660307e-15 -6.42194631e-15
 -6.80878964e-15  2.56739074e-16  7.26155247e-15 -8.70831185e-16
 -1.19348975e-15 -1.05505882e-14  7.97972799e-17  9.19786283e-02
  8.06733153e-15  1.59941504e-15 -1.53453639e-14]",55,
305,10,2,2,3.524291969370097e-14,,,"[-8.64541606e-02 -1.30266697e-02 -3.71661462e-02  1.44880198e-02
 -1.57882231e-02 -5.64486615e-02 -9.76661971e-02 -1.93374890e-02
 -3.21027066e-02 -3.87121700e-02 -1.31804290e-14  2.18922103e-15
 -8.62504512e-15  3.24615910e-02 -2.26069163e-14  1.75554016e-15
  2.79146969e-02 -6.66133815e-16 -5.90326399e-15  5.90846816e-15
  2.83401996e-02  2.52009450e-02 -1.08888593e-14  2.46183895e-02
  7.98666688e-15  2.63201314e-02 -4.37150316e-16 -3.59261232e-15
 -4.31599201e-15  4.75175477e-02 -9.66240976e-16 -1.20337768e-14
  5.57713217e-03 -4.68028394e-15  9.41738007e-15  5.03416753e-15
 -7.65359998e-15 -5.82867088e-16 -1.88737914e-15 -3.12163490e-15
  3.26474958e-15 -9.25648447e-15 -6.62664368e-15 -7.78196951e-15
 -6.26668856e-15  1.29410371e-15  5.60836100e-15 -3.17801341e-15
  2.15105711e-15 -1.22540866e-14  5.55111512e-16  9.19786283e-02
  7.79064313e-15  1.26981758e-15 -1.51510748e-14]",55,
325,10,2,2,3.865352482534945e-14,,,"[-8.64541606e-02 -1.30266697e-02 -3.71661462e-02  1.44880198e-02
 -1.57882231e-02 -5.64486615e-02 -9.76661971e-02 -1.93374890e-02
 -3.21027066e-02 -3.87121700e-02 -1.00024156e-14  6.37684350e-15
 -6.99093561e-15  3.24615910e-02 -2.24160968e-14  1.34614542e-15
  2.79146969e-02  4.37150316e-16 -4.32640035e-15  8.01789191e-15
  2.83401996e-02  2.52009450e-02 -9.31026090e-15  2.46183895e-02
  7.68829445e-15  2.63201314e-02  3.52148866e-15 -2.15105711e-15
 -4.88151186e-15  4.75175477e-02 -2.11636264e-16 -8.61116733e-15
  5.57713217e-03 -5.25968158e-15  9.38658873e-15  4.73839717e-15
 -8.51575754e-15 -1.67921232e-15  5.55111512e-17  1.76421378e-15
  2.79463952e-15 -1.26018987e-14 -4.93875774e-15 -7.74900977e-15
 -4.71931522e-15 -1.13103971e-15  6.19816698e-15 -4.14945855e-15
  3.67761377e-16 -1.47347412e-14  5.03069808e-16  9.19786283e-02
  2.45506740e-15 -6.92154667e-16 -1.08038578e-14]",55,
345,10,2,2,3.808509063674137e-14,,,"[-8.64541606e-02 -1.30266697e-02 -3.71661462e-02  1.44880198e-02
 -1.57882231e-02 -5.64486615e-02 -9.76661971e-02 -1.93374890e-02
 -3.21027066e-02 -3.87121700e-02 -1.35603334e-14  7.95891131e-15
 -8.26769209e-15  3.24615910e-02 -1.86083787e-14 -9.67975700e-16
  2.79146969e-02 -6.93889390e-17 -6.67521594e-15  7.90166543e-15
  2.83401996e-02  2.52009450e-02 -6.40806852e-15  2.46183895e-02
  9.73873759e-15  2.63201314e-02 -4.93528829e-16 -7.91033905e-16
 -6.10969608e-15  4.75175477e-02 -2.29330444e-15 -9.18709553e-15
  5.57713217e-03 -4.90579799e-15  7.65533470e-15  2.36963227e-15
 -5.09314813e-15 -2.01227923e-15 -2.04523898e-15  5.48953244e-15
 -1.45022883e-15 -1.07934495e-14 -7.72645836e-15 -6.36643516e-15
 -2.53616572e-15 -7.19910243e-16  6.22245311e-15  5.22151766e-16
  1.50573998e-15 -1.42056505e-14 -2.65412692e-16  9.19786283e-02
  5.58580959e-15 -1.42594270e-15 -1.43773882e-14]",55,
365,10,2,2,7.503331289626658e-14,,,"[-8.64541606e-02 -1.30266697e-02 -3.71661462e-02  1.44880198e-02
 -1.57882231e-02 -5.64486615e-02 -9.76661971e-02 -1.93374890e-02
 -3.21027066e-02 -3.87121700e-02 -1.32879818e-14  6.84174939e-15
 -5.60489155e-15  3.24615910e-02 -1.85233773e-14 -3.00107161e-15
  2.79146969e-02 -1.33226763e-15 -6.22071838e-15  8.28417196e-15
  2.83401996e-02  2.52009450e-02 -8.53137005e-15  2.46183895e-02
  9.55832635e-15  2.63201314e-02 -2.21610924e-15 -1.70176373e-15
 -6.25194341e-15  4.75175477e-02  9.87057658e-16 -8.84362028e-15
  5.57713217e-03 -1.86309301e-15  5.92971852e-15  1.83880688e-15
 -6.86256607e-15 -9.02056208e-16 -3.01408204e-16  4.58487415e-15
 -1.57512892e-15 -8.30932545e-15 -4.79824513e-15 -2.70963807e-15
 -1.59247615e-15  8.86443696e-16  4.99947306e-15  3.00454106e-15
  1.55084279e-15 -1.26548078e-14 -1.62370117e-15  9.19786283e-02
  5.73499581e-15  1.80411242e-16 -1.43565715e-14]",55,
385,10,2,2,1.8985701899509876e-13,,,"[-8.64541606e-02 -1.30266697e-02 -3.71661462e-02  1.44880198e-02
 -1.57882231e-02 -5.64486615e-02 -9.76661971e-02 -1.93374890e-02
 -3.21027066e-02 -3.87121700e-02 -1.42828457e-14  6.33521013e-15
 -5.37417333e-15  3.24615910e-02 -1.60253755e-14 -2.92474378e-15
  2.79146969e-02 -2.74780199e-15 -9.27383170e-15  8.73433270e-15
  2.83401996e-02  2.52009450e-02 -1.05263021e-14  2.46183895e-02
  1.14665222e-14  2.63201314e-02 -2.23432384e-15  8.77770079e-16
 -7.40379980e-15  4.75175477e-02  2.49800181e-16 -8.84708973e-15
  5.57713217e-03 -1.90472638e-15  3.31679129e-15  2.90392710e-15
 -9.61036806e-15 -5.48172618e-16 -4.24833779e-15  2.66540262e-15
 -4.78783679e-15 -7.25114413e-15 -5.96831612e-15 -6.88685220e-16
 -6.02816408e-16  1.82406173e-15  5.82780352e-15  2.18575158e-15
  2.13370988e-16 -1.23711805e-14 -3.62557206e-15  9.19786283e-02
  3.39485384e-15 -1.11802928e-15 -1.23945992e-14]",55,
405,10,2,2,7.16227077646181e-14,,,"[-8.64541606e-02 -1.30266697e-02 -3.71661462e-02  1.44880198e-02
 -1.57882231e-02 -5.64486615e-02 -9.76661971e-02 -1.93374890e-02
 -3.21027066e-02 -3.87121700e-02 -1.31214484e-14  7.74380560e-15
 -6.50000886e-15  3.24615910e-02 -1.36141098e-14 -6.16173779e-15
  2.79146969e-02 -3.98986399e-16 -7.35175809e-15  9.12638021e-15
  2.83401996e-02  2.52009450e-02 -7.65706942e-15  2.46183895e-02
  1.04673215e-14  2.63201314e-02 -1.05124243e-15  1.85962357e-15
 -4.78783679e-15  4.75175477e-02 -6.41847686e-16 -5.29784550e-15
  5.57713217e-03 -2.22044605e-15  2.98719383e-15  6.67868538e-15
 -1.09513093e-14 -1.08940634e-15 -3.54404006e-15  1.75900960e-15
 -5.10355647e-15 -7.18175519e-15 -5.59925370e-15 -8.80372164e-16
  7.78023479e-16  2.22218077e-15  5.70030134e-15 -7.16440796e-16
  2.25167107e-15 -1.02452768e-14 -3.48332474e-15  9.19786283e-02
  2.05911677e-15  3.26128013e-16 -8.65453542e-15]",55,
5,10,2,3,0.05329209856008219,,,"[-4.70787787e-03  1.90819582e-16 -4.39703916e-03  4.39703916e-03
 -9.10491703e-03  4.11180718e-03 -4.39703916e-03  8.50884635e-03
  3.80096847e-03 -5.03692142e-03  0.00000000e+00 -9.10491703e-03
  4.39703916e-03 -9.10491703e-03 -5.96070688e-04 -9.10491703e-03
  3.80096847e-03  3.80096847e-03 -9.74479929e-03  0.00000000e+00
  0.00000000e+00  0.00000000e+00  0.00000000e+00  0.00000000e+00
  0.00000000e+00  0.00000000e+00  0.00000000e+00  0.00000000e+00
 -9.10491703e-03  4.11180718e-03 -4.39703916e-03  4.11180718e-03
 -5.96070688e-04  4.11180718e-03  0.00000000e+00  0.00000000e+00
  0.00000000e+00  4.39703916e-03  4.39703916e-03 -9.14872860e-03
 -5.96070688e-04 -9.10491703e-03 -5.96070688e-04 -5.96070688e-04
 -5.96070688e-04  4.11180718e-03  4.11180718e-03 -5.96070688e-04
  4.11180718e-03  4.11180718e-03 -5.96070688e-04  4.11180718e-03
  3.80096847e-03 -5.03692142e-03 -9.74479929e-03]",42,
25,10,2,3,0.03505241201895103,,,"[-8.62732812e-03  2.09610976e-02 -4.96700869e-03  5.82115793e-03
 -9.22865329e-03 -3.67105030e-03 -2.47055852e-02 -1.28593752e-02
  6.65312171e-03  5.83163778e-04  8.29290270e-03 -1.30212012e-02
  6.30458926e-03 -7.89270227e-03  7.96674888e-03 -7.89270227e-03
  1.18045955e-02 -5.01317243e-03 -8.93221131e-03  2.46634219e-03
  1.39222829e-02  3.77347912e-03 -1.38782347e-02  1.29884316e-03
  5.30488782e-05  3.11189020e-02  1.86046398e-02  2.00887798e-03
 -1.69752612e-02 -9.90419967e-03 -3.30288351e-03  4.75167738e-04
 -4.49856262e-03  1.63228568e-02  1.16823671e-02 -6.75686719e-03
  7.79623403e-04  2.36459352e-03  5.52264495e-03 -1.18200988e-02
 -8.98979257e-03 -5.86765923e-03 -2.80882941e-04 -1.02144758e-02
  2.47305143e-02  8.66596401e-03 -1.54987531e-03  1.05987116e-02
  3.32037527e-03  2.72039795e-03 -1.34524853e-02  3.57847831e-02
 -5.33031548e-03 -1.46150674e-02 -3.92795623e-03]",55,
45,10,2,3,0.022952003849543417,,,"[-0.026299    0.02429989 -0.01736683  0.03444065 -0.01371038 -0.00701064
 -0.06833889 -0.02343326 -0.01107606 -0.01809919 -0.01163739 -0.03290029
  0.00014263  0.02068156  0.01335892  0.00675415  0.0225062  -0.01561748
 -0.00881771 -0.00594151  0.01910158  0.03464306 -0.01123336 -0.00457138
 -0.00385908  0.03208924 -0.01079713  0.01476211 -0.00501749  0.01943735
  0.00503353 -0.01187417 -0.01029312  0.02169757  0.01356184 -0.01376201
  0.00018959 -0.00863629 -0.01150593 -0.01975246  0.00361121 -0.01133964
 -0.02009132  0.00332315  0.00293965 -0.0107005   0.01348336 -0.00835481
 -0.01656983  0.00261698  0.00713793  0.06415878  0.00609676 -0.0007589
  0.00871609]",55,
65,10,2,3,6.707523425575345e-14,,,"[-8.64541606e-02 -1.30266697e-02 -3.71661462e-02  1.44880198e-02
 -1.57882231e-02 -5.64486615e-02 -9.76661971e-02 -1.93374890e-02
 -3.21027066e-02 -3.87121700e-02  2.33727968e-14 -1.21638810e-14
 -2.80400703e-14  3.24615910e-02 -2.54657406e-15  1.73125403e-15
  2.79146969e-02  3.76226827e-14 -5.98496946e-14 -4.60048666e-15
  2.83401996e-02  2.52009450e-02 -4.19178581e-14  2.46183895e-02
  3.91821992e-14  2.63201314e-02  1.74790737e-14  3.10359377e-14
 -2.15409288e-14  4.75175477e-02  1.23208735e-15 -5.76370549e-14
  5.57713217e-03  6.35758807e-14  3.72896158e-14  2.60798327e-14
  1.22679644e-14  1.47533895e-14 -1.04083409e-17 -1.47486190e-14
  3.12770643e-14  3.92914867e-16 -4.68253908e-14 -3.67535863e-14
  6.80185075e-15 -1.81282940e-14  2.16233281e-14 -1.99363095e-14
 -1.80289811e-14 -3.92281693e-14 -3.24271859e-14  9.19786283e-02
  2.34222364e-14  1.95746197e-14  1.05002812e-14]",55,
85,10,2,3,1.8417267710901798e-13,,,"[-8.64541606e-02 -1.30266697e-02 -3.71661462e-02  1.44880198e-02
 -1.57882231e-02 -5.64486615e-02 -9.76661971e-02 -1.93374890e-02
 -3.21027066e-02 -3.87121700e-02  5.27659513e-14  2.66175970e-14
  4.13237153e-14  3.24615910e-02  1.44155521e-15  3.45435486e-14
  2.79146969e-02  4.94977323e-14 -2.64371858e-14  1.53904667e-14
  2.83401996e-02  2.52009450e-02 -3.35929201e-14  2.46183895e-02
  4.11823353e-14  2.63201314e-02  3.83373888e-14  2.51187959e-15
  1.39766670e-14  4.75175477e-02 -5.51485940e-14  4.22786806e-14
  5.57713217e-03  4.30116012e-14 -4.27609337e-15  4.44644321e-14
 -3.58372186e-14  3.55258357e-14  1.38023273e-14  1.82267396e-14
 -4.63171168e-15 -3.38618023e-15 -2.00187089e-15 -3.20056481e-15
 -2.66592304e-14  2.80470092e-14  9.30505673e-15 -2.22183383e-14
  2.24334440e-14 -1.54598556e-14 -3.97633315e-14  9.19786283e-02
  5.28743715e-14  1.11421289e-14  3.48575335e-14]",55,
105,10,2,3,3.751665644813329e-14,,,"[-8.64541606e-02 -1.30266697e-02 -3.71661462e-02  1.44880198e-02
 -1.57882231e-02 -5.64486615e-02 -9.76661971e-02 -1.93374890e-02
 -3.21027066e-02 -3.87121700e-02  5.58407487e-15  7.63278329e-17
  2.77902701e-15  3.24615910e-02  1.45742793e-14 -3.61516372e-15
  2.79146969e-02  4.00651734e-14 -2.13561807e-14  2.89698820e-14
  2.83401996e-02  2.52009450e-02 -2.29295749e-14  2.46183895e-02
  2.21385410e-14  2.63201314e-02  2.66453526e-14  2.37648443e-14
  7.97972799e-16  4.75175477e-02 -3.34732242e-14  2.27630415e-14
  5.57713217e-03  2.15101374e-14 -9.42301792e-15  3.62973540e-14
 -9.87925020e-15  2.35089725e-14  3.42330331e-14  5.81132364e-15
 -1.05904868e-14 -3.34454686e-15  9.37097622e-15 -2.75127143e-15
 -1.04864034e-14  1.56593488e-14  9.74567649e-15 -4.15813217e-15
  4.65491361e-14 -2.43798037e-14 -2.43902121e-14  9.19786283e-02
  3.21045274e-14 -1.62044857e-15  1.99250338e-14]",55,
125,10,2,3,8.469669410260394e-14,,,"[-8.64541606e-02 -1.30266697e-02 -3.71661462e-02  1.44880198e-02
 -1.57882231e-02 -5.64486615e-02 -9.76661971e-02 -1.93374890e-02
 -3.21027066e-02 -3.87121700e-02  7.70217223e-16 -1.40859546e-14
 -2.00187089e-14  3.24615910e-02  8.68055627e-15 -1.27987898e-14
  2.79146969e-02  1.05436493e-14 -2.81025203e-14  7.09848846e-15
  2.83401996e-02  2.52009450e-02 -3.17051073e-14  2.46183895e-02
  9.45077350e-15  2.63201314e-02  1.54182223e-14  7.24507260e-15
  1.01377240e-14  4.75175477e-02 -2.63886135e-14  3.86322918e-15
  5.57713217e-03 -1.25975619e-14 -8.78637441e-15  3.61446983e-14
  1.95329863e-15  1.30329775e-14  2.57164082e-14 -2.82412982e-15
 -3.86149446e-15 -6.11316553e-15  1.20650018e-14  9.02576625e-15
 -8.54091103e-15  1.30416511e-14 -5.38978584e-15  4.45997406e-15
  4.15813217e-14 -8.89739671e-15 -9.52189716e-15  9.19786283e-02
  4.43915738e-15 -2.81719092e-15 -1.42386103e-14]",55,
145,10,2,3,3.979039320256561e-14,,,"[-8.64541606e-02 -1.30266697e-02 -3.71661462e-02  1.44880198e-02
 -1.57882231e-02 -5.64486615e-02 -9.76661971e-02 -1.93374890e-02
 -3.21027066e-02 -3.87121700e-02  2.34621350e-16 -6.54684640e-15
 -7.74207087e-15  3.24615910e-02 -2.72178113e-15  2.58126853e-15
  2.79146969e-02  1.68949056e-14 -1.97307448e-14 -1.82492910e-15
  2.83401996e-02  2.52009450e-02 -3.29406641e-14  2.46183895e-02
  1.47069856e-14  2.63201314e-02  1.10120246e-14  5.26141630e-15
  5.18682319e-15  4.75175477e-02 -2.17256768e-14 -6.99613978e-15
  5.57713217e-03  4.63865057e-15 -1.49697962e-14  3.02145461e-14
  1.40165657e-15  2.47440957e-14  2.27092650e-14 -5.16947596e-16
  9.64506253e-16 -1.81452076e-15 -8.27463098e-16  8.03870859e-15
 -6.41804318e-15  9.00668429e-15 -4.06792655e-15 -3.85108612e-15
  3.15112519e-14 -8.16360868e-15 -8.18095591e-15  9.19786283e-02
  6.89812790e-15 -1.50573998e-15 -3.38964967e-15]",55,
165,10,2,3,4.945377440890297e-14,,,"[-8.64541606e-02 -1.30266697e-02 -3.71661462e-02  1.44880198e-02
 -1.57882231e-02 -5.64486615e-02 -9.76661971e-02 -1.93374890e-02
 -3.21027066e-02 -3.87121700e-02  4.60742555e-15 -7.58421104e-15
 -3.26128013e-15  3.24615910e-02 -7.84095011e-15 -3.45556916e-15
  2.79146969e-02  8.85055917e-15 -2.20275187e-14  3.90659727e-15
  2.83401996e-02  2.52009450e-02 -2.73704670e-14  2.46183895e-02
  2.41404119e-14  2.63201314e-02  1.44328993e-15  2.65239219e-15
  9.58608193e-15  4.75175477e-02 -9.58955138e-15 -7.16440796e-15
  5.57713217e-03 -7.42461648e-16 -5.70550551e-15  2.05321871e-14
 -4.44783099e-15  2.31169250e-14  1.97168670e-14 -3.29944405e-15
 -1.49186219e-15 -5.79397641e-16 -4.80691875e-15  1.33504319e-14
  3.70016517e-15  1.06997744e-14  5.08273978e-15 -1.59030775e-14
  1.61849700e-14 -1.03111963e-14 -8.63545346e-15  9.19786283e-02
  9.35015954e-16 -2.94209102e-15  1.55778168e-15]",55,
185,10,2,3,5.798028723802418e-14,,,"[-8.64541606e-02 -1.30266697e-02 -3.71661462e-02  1.44880198e-02
 -1.57882231e-02 -5.64486615e-02 -9.76661971e-02 -1.93374890e-02
 -3.21027066e-02 -3.87121700e-02  1.63757896e-15 -1.95850280e-15
  2.39391840e-15  3.24615910e-02 -2.07472928e-14 -1.38829920e-14
  2.79146969e-02  4.15292800e-15 -2.38437742e-14 -1.82319437e-15
  2.83401996e-02  2.52009450e-02 -2.28562828e-14  2.46183895e-02
  1.75137682e-14  2.63201314e-02  2.53096155e-15 -4.42354486e-16
  6.08367523e-15  4.75175477e-02 -8.87137586e-15 -1.24284263e-14
  5.57713217e-03 -2.24820162e-15 -4.00721123e-15  1.35100264e-14
 -1.20112253e-14  2.01470784e-14  1.81712284e-14  1.78156101e-15
 -5.45397061e-15  3.44602819e-15  3.65332764e-15  1.31301220e-14
  3.17107451e-15  1.77739767e-14 -8.34401992e-16 -6.70817568e-15
  1.15515236e-14 -1.56610835e-14 -8.35269354e-15  9.19786283e-02
  2.04350425e-15  1.02782366e-15  1.23078631e-15]",55,
205,10,2,3,1.7394086171407253e-13,,,"[-8.64541606e-02 -1.30266697e-02 -3.71661462e-02  1.44880198e-02
 -1.57882231e-02 -5.64486615e-02 -9.76661971e-02 -1.93374890e-02
 -3.21027066e-02 -3.87121700e-02  5.71764858e-15  3.08780779e-15
  3.80945275e-15  3.24615910e-02 -1.51198498e-14 -1.21378602e-14
  2.79146969e-02  8.02483080e-15 -2.30752917e-14 -4.07313072e-15
  2.83401996e-02  2.52009450e-02 -1.36522738e-14  2.46183895e-02
  2.30059027e-14  2.63201314e-02  5.71070968e-15 -3.56659147e-15
  5.30044758e-15  4.75175477e-02 -6.90419943e-15 -1.09461051e-14
  5.57713217e-03 -1.00960906e-15  5.83907922e-15  1.43322854e-14
 -8.92341756e-15  1.54945501e-14  1.03233394e-14  4.91447161e-15
 -8.32667268e-15  2.91476912e-15 -2.08687234e-15  1.07518161e-14
 -1.37043155e-16  1.59282310e-14  3.92567923e-15 -1.46410661e-15
  9.28770949e-15 -1.70453929e-14 -1.00371100e-14  9.19786283e-02
  9.08301212e-15 -1.09461051e-15  4.21190860e-15]",55,
225,10,2,3,6.139089236967266e-14,,,"[-8.64541606e-02 -1.30266697e-02 -3.71661462e-02  1.44880198e-02
 -1.57882231e-02 -5.64486615e-02 -9.76661971e-02 -1.93374890e-02
 -3.21027066e-02 -3.87121700e-02  3.28209682e-15  9.46638601e-15
  5.23886490e-16  3.24615910e-02 -1.34094125e-14 -5.24927324e-15
  2.79146969e-02  5.37764278e-15 -1.94054842e-14 -5.46784840e-15
  2.83401996e-02  2.52009450e-02 -8.78984385e-15  2.46183895e-02
  2.15764906e-14  2.63201314e-02  4.08700851e-15 -6.99440506e-15
  4.74620343e-15  4.75175477e-02 -3.27342320e-15 -5.67254577e-15
  5.57713217e-03  4.61783389e-15  4.88324658e-15  1.72813153e-14
 -1.24171506e-14  1.02053782e-14  1.01880310e-14  3.46944695e-16
 -8.36136715e-15  3.80251386e-15 -2.76775131e-15  7.48359708e-15
  2.84494650e-15  7.78196951e-15  5.31866218e-15  1.10198309e-15
  7.79931675e-15 -1.19054072e-14 -1.02036435e-14  9.19786283e-02
  7.18175519e-15  2.06258621e-15  4.64905892e-15]",55,
245,10,2,3,5.798028723802418e-14,,,"[-8.64541606e-02 -1.30266697e-02 -3.71661462e-02  1.44880198e-02
 -1.57882231e-02 -5.64486615e-02 -9.76661971e-02 -1.93374890e-02
 -3.21027066e-02 -3.87121700e-02  2.66280054e-15  1.36696210e-14
 -2.01227923e-16  3.24615910e-02 -1.53557722e-14 -1.19869392e-14
  2.79146969e-02  5.82867088e-15 -1.78242837e-14 -5.43315393e-15
  2.83401996e-02  2.52009450e-02 -6.22071838e-15  2.46183895e-02
  1.90299165e-14  2.63201314e-02  6.99440506e-15 -7.65186525e-15
  5.70724024e-15  4.75175477e-02 -1.27328703e-15 -6.30138303e-15
  5.57713217e-03  2.39391840e-15  4.82079654e-15  1.83915383e-14
 -1.18863253e-14  3.60475538e-15  1.08420217e-14 -1.03909936e-15
 -2.36616282e-15  1.95676808e-15  2.15105711e-16  4.77395901e-15
  2.89698820e-16  9.26689281e-15  6.63358257e-15 -1.76247905e-15
  3.88578059e-15 -9.57740831e-15 -1.29219552e-14  9.19786283e-02
  5.48519563e-15  4.10088630e-15 -2.81025203e-15]",55,
265,10,2,3,5.343281372915953e-14,,,"[-8.64541606e-02 -1.30266697e-02 -3.71661462e-02  1.44880198e-02
 -1.57882231e-02 -5.64486615e-02 -9.76661971e-02 -1.93374890e-02
 -3.21027066e-02 -3.87121700e-02 -2.41907189e-15  1.60513963e-14
 -1.11716192e-15  3.24615910e-02 -1.36106404e-14 -6.08540995e-15
  2.79146969e-02  5.46177686e-15 -1.29063427e-14  2.84494650e-16
  2.83401996e-02  2.52009450e-02 -4.14078494e-15  2.46183895e-02
  1.39974837e-14  2.63201314e-02  7.07073289e-15 -8.34748937e-15
  2.24993635e-15  4.75175477e-02 -1.60288449e-15 -3.01494940e-15
  5.57713217e-03  9.85322934e-16  7.83401122e-15  1.62430833e-14
 -1.08836551e-14  6.00214323e-16  1.27051147e-14  2.06779038e-15
 -6.74807432e-15 -2.41213299e-15  2.25860997e-15  2.12330153e-15
  1.00267017e-15  3.55965257e-15  1.04118103e-14  2.85188539e-15
  2.53616572e-15 -8.54698257e-15 -9.72832925e-15  9.19786283e-02
  2.24473218e-15  3.47638585e-15 -2.44596010e-15]",55,
285,10,2,3,5.2864379540551457e-14,,,"[-8.64541606e-02 -1.30266697e-02 -3.71661462e-02  1.44880198e-02
 -1.57882231e-02 -5.64486615e-02 -9.76661971e-02 -1.93374890e-02
 -3.21027066e-02 -3.87121700e-02 -2.64285122e-15  1.62855840e-14
 -4.58660887e-15  3.24615910e-02 -1.32047151e-14 -6.24153507e-15
  2.79146969e-02  3.35842465e-15 -1.38361544e-14  3.85802501e-15
  2.83401996e-02  2.52009450e-02 -8.83321194e-15  2.46183895e-02
  1.32602263e-14  2.63201314e-02  1.07414078e-14 -5.61096308e-15
  1.15879528e-15  4.75175477e-02 -7.91033905e-16 -3.00107161e-15
  5.57713217e-03  5.20417043e-18  3.99506817e-15  1.61051728e-14
 -1.07171216e-14  1.41379963e-15  1.11403942e-14  3.03056191e-15
 -1.31145095e-15 -2.92300906e-15  2.40779618e-15  3.15242624e-15
 -2.57953381e-15  1.97758476e-16  7.29971639e-15  3.80945275e-15
  2.23432384e-15 -6.64746036e-15 -1.18481613e-14  9.19786283e-02
  7.52869989e-16  1.70696790e-15 -4.80171458e-15]",55,
305,10,2,3,6.139089236967266e-14,,,"[-8.64541606e-02 -1.30266697e-02 -3.71661462e-02  1.44880198e-02
 -1.57882231e-02 -5.64486615e-02 -9.76661971e-02 -1.93374890e-02
 -3.21027066e-02 -3.87121700e-02 -4.13666497e-15  1.22436783e-14
 -4.70283534e-15  3.24615910e-02 -1.39679934e-14 -5.68685724e-15
  2.79146969e-02  1.14144805e-15 -1.47867829e-14  7.22685800e-15
  2.83401996e-02  2.52009450e-02 -9.47159018e-15  2.46183895e-02
  7.40726924e-15  2.63201314e-02  1.05956910e-14 -3.83720833e-15
 -2.66106581e-15  4.75175477e-02 -2.47024623e-15 -3.87450488e-15
  5.57713217e-03  3.37577188e-15  6.35689418e-15  1.37494183e-14
 -1.43478979e-14 -1.28716482e-15  7.96585020e-15  3.01841885e-15
 -1.72084569e-15 -2.35922393e-15  2.11809736e-15  3.57179564e-15
 -5.83040560e-15  3.73659437e-15  5.94663208e-15  5.65519853e-16
  1.73125403e-15 -7.61196661e-15 -1.25914904e-14  9.19786283e-02
  1.07032438e-15 -1.28369537e-16 -5.48866508e-15]",55,
325,10,2,3,6.707523425575345e-14,,,"[-8.64541606e-02 -1.30266697e-02 -3.71661462e-02  1.44880198e-02
 -1.57882231e-02 -5.64486615e-02 -9.76661971e-02 -1.93374890e-02
 -3.21027066e-02 -3.87121700e-02 -2.24299745e-15  1.48180079e-14
 -2.83627288e-15  3.24615910e-02 -1.68164094e-14 -6.41847686e-15
  2.79146969e-02  1.07205911e-15 -1.35169653e-14  4.71150896e-15
  2.83401996e-02  2.52009450e-02 -7.08808012e-15  2.46183895e-02
  1.02738998e-14  2.63201314e-02  7.09068221e-15 -3.57699981e-15
 -6.45490605e-15  4.75175477e-02  6.19296281e-16 -3.41046635e-15
  5.57713217e-03  4.75140760e-15  5.58147278e-15  1.16677501e-14
 -1.46115758e-14 -1.17267307e-15  3.16066617e-15  7.63278329e-17
 -3.49373308e-15  2.62290190e-15  8.50014503e-16  1.59594560e-15
 -5.53376789e-15  3.15719673e-15  6.19209545e-15 -1.07552856e-16
  6.24500451e-16 -9.15933995e-15 -1.22679644e-14  9.19786283e-02
  9.64506253e-16  7.07767178e-16 -7.09501902e-15]",55,
345,10,2,3,6.707523425575345e-14,,,"[-8.64541606e-02 -1.30266697e-02 -3.71661462e-02  1.44880198e-02
 -1.57882231e-02 -5.64486615e-02 -9.76661971e-02 -1.93374890e-02
 -3.21027066e-02 -3.87121700e-02 -6.85389245e-15  1.32810429e-14
 -8.84708973e-15  3.24615910e-02 -1.53835278e-14 -4.38538095e-15
  2.79146969e-02  1.35308431e-16 -1.32116540e-14  7.21298021e-15
  2.83401996e-02  2.52009450e-02 -9.12811493e-15  2.46183895e-02
  1.12115178e-14  2.63201314e-02  7.50788320e-15 -7.63278329e-16
 -7.00134395e-15  4.75175477e-02  7.11236625e-16 -3.10342030e-15
  5.57713217e-03  5.55371721e-15  5.21804822e-15  7.73599934e-15
 -1.29965483e-14 -1.30104261e-16 -1.50920942e-16  8.60422844e-16
 -1.18655086e-15 -4.85722573e-17 -6.59194921e-16  9.67975700e-16
 -4.58140470e-15  4.16333634e-15  6.41153797e-15  5.06539255e-16
 -2.67147415e-16 -1.02418074e-14 -1.20771448e-14  9.19786283e-02
  3.36536354e-16  3.02535774e-15 -8.39519426e-15]",55,
365,10,2,3,4.4906300900038334e-14,,,"[-8.64541606e-02 -1.30266697e-02 -3.71661462e-02  1.44880198e-02
 -1.57882231e-02 -5.64486615e-02 -9.76661971e-02 -1.93374890e-02
 -3.21027066e-02 -3.87121700e-02 -7.54951657e-15  1.25021521e-14
 -8.07687250e-15  3.24615910e-02 -1.78052018e-14 -6.72031875e-15
  2.79146969e-02  1.32532874e-15 -1.18446919e-14  5.46784840e-15
  2.83401996e-02  2.52009450e-02 -8.68576044e-15  2.46183895e-02
  1.10788115e-14  2.63201314e-02  4.42007542e-15 -7.35522754e-16
 -5.28743715e-15  4.75175477e-02  1.99146255e-15 -3.30464822e-15
  5.57713217e-03  3.15676305e-15  5.76188403e-15  7.45931095e-15
 -1.01862963e-14  1.89518540e-15 -1.44675938e-15  1.32532874e-15
 -3.00454106e-15 -3.70536934e-15 -2.13457724e-15  1.44328993e-15
 -4.70110062e-16  2.52575738e-15  6.98052727e-15 -7.97972799e-16
 -9.88792381e-17 -8.53483950e-15 -1.02348685e-14  9.19786283e-02
  1.78676518e-15 -4.02455846e-16 -9.71445147e-15]",55,
385,10,2,3,4.035882739117369e-14,,,"[-8.64541606e-02 -1.30266697e-02 -3.71661462e-02  1.44880198e-02
 -1.57882231e-02 -5.64486615e-02 -9.76661971e-02 -1.93374890e-02
 -3.21027066e-02 -3.87121700e-02 -1.01949699e-14  9.22179000e-15
 -7.83748066e-15  3.24615910e-02 -1.80931659e-14 -6.79317713e-15
  2.79146969e-02  3.01841885e-16 -9.50281520e-15  6.65960342e-15
  2.83401996e-02  2.52009450e-02 -8.92775437e-15  2.46183895e-02
  9.09342046e-15  2.63201314e-02  1.33920652e-15  2.46330734e-16
 -5.26662047e-15  4.75175477e-02  4.92661467e-16 -3.36015937e-15
  5.57713217e-03  1.49533164e-15  9.26342336e-16  6.34388375e-15
 -9.07954267e-15 -2.01227923e-16 -1.39645240e-15  1.21864324e-15
 -4.31252256e-15 -4.11823353e-15 -4.45823933e-15 -1.37606940e-15
 -5.35595873e-16  4.38885039e-15  5.55111512e-15 -3.27862737e-15
 -6.03683770e-16 -8.04911693e-15 -6.51735610e-15  9.19786283e-02
 -9.76649317e-16 -1.84574578e-15 -9.30852617e-15]",55,
405,10,2,3,4.206412995699793e-14,,,"[-8.64541606e-02 -1.30266697e-02 -3.71661462e-02  1.44880198e-02
 -1.57882231e-02 -5.64486615e-02 -9.76661971e-02 -1.93374890e-02
 -3.21027066e-02 -3.87121700e-02 -1.29731295e-14  7.70217223e-15
 -6.56419363e-15  3.24615910e-02 -1.37112544e-14 -6.07847106e-15
  2.79146969e-02 -3.46944695e-16 -7.34134975e-15  9.13852327e-15
  2.83401996e-02  2.52009450e-02 -7.65359998e-15  2.46183895e-02
  1.05332409e-14  2.63201314e-02 -9.71445147e-16  1.95676808e-15
 -4.80865348e-15  4.75175477e-02 -7.59808882e-16 -5.41580669e-15
  5.57713217e-03 -2.28983499e-15  2.95596880e-15  6.69603262e-15
 -1.09131454e-14 -1.05297715e-15 -3.42260942e-15  1.82102597e-15
 -5.10008702e-15 -7.14706072e-15 -5.64045338e-15 -9.77516679e-16
  7.78023479e-16  2.24473218e-15  5.55805402e-15 -8.01442246e-16
  2.30718222e-15 -1.01932351e-14 -3.55097896e-15  9.19786283e-02
  2.06432094e-15  4.45823933e-16 -8.71351602e-15]",55,
5,10,2,4,0.046389158951081415,,,"[-0.00208445 -0.00442979 -0.00442979  0.01018322  0.00809877 -0.00079377
 -0.00495965  0.00053288  0.00783787 -0.00053288 -0.00442979 -0.00442979
  0.00809877  0.00809877 -0.00287822 -0.00495965 -0.00155157  0.00575342
 -0.00053288 -0.00442979  0.00575342  0.00575342 -0.00287822 -0.007305
 -0.00155157  0.00575342 -0.00287822  0.00575342  0.00575342 -0.00287822
 -0.007305   -0.00155157  0.00575342 -0.00287822  0.00809877  0.00208445
  0.00234534  0.00783787  0.00783787  0.00234534  0.          0.00234534
  0.00575342  0.00575342  0.00234534  0.          0.00208445  0.00208445
 -0.00287822 -0.007305    0.          0.00234534  0.00783787  0.
  0.        ]",50,
25,10,2,4,0.033464266908616196,,,"[-0.03375584  0.00553475 -0.00660528  0.0112642   0.01602796 -0.01376921
 -0.0033257  -0.00896434  0.00118187  0.00196575  0.00281474 -0.01662373
 -0.00574177  0.00499971 -0.00601611 -0.01842907 -0.00241056 -0.00468401
 -0.02922133  0.00826398  0.02579209  0.00793823 -0.00268282 -0.00353734
 -0.00622281  0.02271362  0.0012494   0.0091914   0.00026323  0.01626158
 -0.00561986 -0.00914557  0.00397917 -0.01088789  0.01489583  0.0104671
  0.00436956  0.00620865 -0.0090017   0.00128241  0.00448938  0.0061093
  0.00359806 -0.01197821 -0.00689537 -0.00498277 -0.00493229 -0.01274875
 -0.02226511 -0.02453781  0.0076651   0.01531501  0.00544677 -0.00242937
 -0.00879992]",55,
45,10,2,4,0.018706237295356233,,,"[-0.05121179 -0.01262513 -0.02787573  0.0216976   0.02480211 -0.01739785
 -0.03431068 -0.00139396 -0.00787465  0.00360508  0.01429084 -0.01860788
  0.00207127  0.01628823 -0.00964205 -0.02700417  0.01231679  0.00703463
  0.00013633 -0.00777567  0.02083683  0.02391766 -0.0086963   0.01889083
  0.00453197  0.02365811  0.00838512 -0.00612766 -0.00828     0.06064687
  0.0233103  -0.0023958   0.01232211 -0.01041738  0.00383894 -0.00356758
 -0.02166246  0.00294877  0.00320902 -0.00583949 -0.01025897 -0.01381464
  0.00089782 -0.02306015 -0.00459471  0.00570349 -0.00754004 -0.01247519
 -0.0235828  -0.00773558 -0.0193345   0.06982777  0.01251495 -0.00819124
 -0.00529064]",55,
65,10,2,4,1.7678303265711292e-13,,,"[-8.64541606e-02 -1.30266697e-02 -3.71661462e-02  1.44880198e-02
 -1.57882231e-02 -5.64486615e-02 -9.76661971e-02 -1.93374890e-02
 -3.21027066e-02 -3.87121700e-02  2.78353729e-14 -2.03274897e-14
  7.72437669e-14  3.24615910e-02 -7.33788030e-14 -1.92727778e-15
  2.79146969e-02 -1.66811009e-14 -9.44175294e-14 -1.28308822e-14
  2.83401996e-02  2.52009450e-02 -7.16995907e-14  2.46183895e-02
 -1.17579557e-14  2.63201314e-02 -4.34791092e-14  5.96744876e-14
 -4.37531955e-14  4.75175477e-02  1.77175982e-14 -9.86606630e-14
  5.57713217e-03 -4.39266679e-14 -8.05605582e-15 -6.11004303e-14
 -2.09623985e-14  1.09041248e-13 -6.02365380e-14 -4.76910178e-14
 -3.60779115e-14 -1.84123550e-14 -1.06062728e-13  3.07497083e-14
 -9.29811783e-15  1.91513472e-14  4.05786516e-14  2.71796474e-14
 -3.15953860e-14 -6.95589419e-14  1.00995601e-14  9.19786283e-02
 -6.59056143e-14  6.06320549e-14 -1.20537261e-14]",55,
85,10,2,4,5.400124791776761e-14,,,"[-8.64541606e-02 -1.30266697e-02 -3.71661462e-02  1.44880198e-02
 -1.57882231e-02 -5.64486615e-02 -9.76661971e-02 -1.93374890e-02
 -3.21027066e-02 -3.87121700e-02 -1.50175011e-14 -2.00924347e-14
  3.34419992e-14  3.24615910e-02 -5.01231001e-14  8.50014503e-16
  2.79146969e-02 -6.77929934e-15 -3.63528652e-14 -4.25050620e-15
  2.83401996e-02  2.52009450e-02 -3.42087469e-15  2.46183895e-02
  2.04697370e-15  2.63201314e-02 -4.03479333e-14  5.63091240e-15
  1.20788796e-14  4.75175477e-02 -3.47343682e-14 -1.69517178e-14
  5.57713217e-03  9.79251402e-16 -1.45057577e-14  3.44724249e-14
 -1.51901061e-14  4.76563233e-14 -4.47662740e-14  2.16007767e-14
 -2.15331225e-14  1.21517379e-14 -8.62226956e-14  3.12666559e-14
 -1.94011474e-14  1.53878646e-14  4.00200706e-15  9.80812653e-15
  1.24032729e-15 -5.17121068e-15 -4.49987270e-15  9.19786283e-02
 -3.43388512e-14  2.31793751e-14 -3.66408293e-14]",55,
105,10,2,4,1.0459189070388675e-13,,,"[-8.64541606e-02 -1.30266697e-02 -3.71661462e-02  1.44880198e-02
 -1.57882231e-02 -5.64486615e-02 -9.76661971e-02 -1.93374890e-02
 -3.21027066e-02 -3.87121700e-02 -9.54618329e-15 -1.22454130e-14
  4.00053254e-14  3.24615910e-02 -2.96897923e-14  3.90442886e-15
  2.79146969e-02 -6.04377659e-15 -5.73499581e-15 -1.30078240e-14
  2.83401996e-02  2.52009450e-02 -4.39231984e-15  2.46183895e-02
 -9.00841901e-15  2.63201314e-02 -1.69361053e-14  6.41153797e-15
 -5.70724024e-15  4.75175477e-02 -1.86569510e-14  7.94503352e-16
  5.57713217e-03 -1.42212631e-14  3.01147995e-15  2.89351876e-14
 -7.74554032e-15  2.42531689e-14 -3.31852601e-14  2.62064676e-14
 -1.57538912e-14  2.53443100e-15 -5.26002852e-14  2.10760229e-14
 -1.16087695e-14  1.26600119e-14  1.26582772e-14  1.44502466e-14
 -5.78530279e-15 -8.71525074e-15  6.71684930e-15  9.19786283e-02
 -1.81868409e-14  1.20038528e-14 -3.47881446e-14]",55,
125,10,2,4,7.844391802791505e-14,,,"[-8.64541606e-02 -1.30266697e-02 -3.71661462e-02  1.44880198e-02
 -1.57882231e-02 -5.64486615e-02 -9.76661971e-02 -1.93374890e-02
 -3.21027066e-02 -3.87121700e-02  3.64552138e-15 -9.23653515e-15
  3.08711390e-14  3.24615910e-02 -2.64371858e-14 -4.49640325e-15
  2.79146969e-02  9.46118184e-15  3.16413562e-15  3.23872873e-15
  2.83401996e-02  2.52009450e-02  4.34374758e-15  2.46183895e-02
  9.66067504e-15  2.63201314e-02 -1.58761893e-14  9.13852327e-15
 -2.39669395e-14  4.75175477e-02 -3.71577769e-15 -4.67161032e-15
  5.57713217e-03  2.92821323e-15  1.97454900e-14  2.46469511e-14
 -7.44976997e-15  6.80358547e-15 -2.11185236e-14  2.83471163e-14
 -1.28855260e-14 -1.17822418e-14 -3.22155497e-14  1.41085060e-14
 -1.62474201e-14 -2.98025493e-15  8.84015083e-15  1.85962357e-15
  4.11129464e-16 -3.11695114e-14 -1.73472348e-15  9.19786283e-02
 -8.27463098e-16  4.02022166e-15 -3.73399228e-14]",55,
145,10,2,4,1.568878360558301e-13,,,"[-8.64541606e-02 -1.30266697e-02 -3.71661462e-02  1.44880198e-02
 -1.57882231e-02 -5.64486615e-02 -9.76661971e-02 -1.93374890e-02
 -3.21027066e-02 -3.87121700e-02 -9.16974829e-15 -7.25981775e-15
  2.66713734e-14  3.24615910e-02 -2.12885265e-14 -1.70696790e-15
  2.79146969e-02 -7.12971349e-16 -4.85722573e-16  6.17908502e-15
  2.83401996e-02  2.52009450e-02  2.04350425e-15  2.46183895e-02
  8.32233588e-15  2.63201314e-02 -1.83464355e-14  1.11100365e-14
 -1.05783438e-14  4.75175477e-02 -6.14786000e-15 -9.47852907e-15
  5.57713217e-03  2.09207651e-15  1.58692504e-14  1.80896964e-14
 -5.11916898e-15 -1.17267307e-15 -1.42351408e-14  2.62342231e-14
 -1.67704392e-14 -1.69048803e-14 -2.73149559e-14  5.38371431e-15
 -1.48908663e-14  4.55885329e-15  2.08166817e-14  2.13717932e-15
  1.00479521e-14 -1.64868119e-14 -9.06219544e-15  9.19786283e-02
  3.61256164e-16  9.98333360e-15 -3.60267371e-14]",55,
165,10,2,4,1.8701484805205837e-13,,,"[-8.64541606e-02 -1.30266697e-02 -3.71661462e-02  1.44880198e-02
 -1.57882231e-02 -5.64486615e-02 -9.76661971e-02 -1.93374890e-02
 -3.21027066e-02 -3.87121700e-02 -8.24687540e-15 -3.72792075e-15
  1.92797167e-14  3.24615910e-02 -2.54345156e-14  1.08142661e-14
  2.79146969e-02  1.68268177e-16  5.06539255e-15  9.89659743e-15
  2.83401996e-02  2.52009450e-02 -8.03176969e-15  2.46183895e-02
  7.35609490e-15  2.63201314e-02 -2.33285613e-14  1.04586478e-14
 -1.08689099e-14  4.75175477e-02 -1.89431804e-15 -3.80598331e-15
  5.57713217e-03  1.14136131e-14  1.62595631e-14  7.17134685e-15
 -6.98399671e-15 -6.10796136e-15 -1.22783728e-14  1.69378400e-14
 -1.09443704e-14 -9.66934866e-15 -1.84748050e-14  1.88911387e-15
 -1.20077559e-14 -1.87350135e-15  9.34669009e-15  5.73152636e-15
  8.87484530e-15 -1.66498759e-14 -6.50521303e-15  9.19786283e-02
  4.64298738e-15  7.64752844e-15 -2.80921120e-14]",55,
185,10,2,4,5.6274984672199934e-14,,,"[-8.64541606e-02 -1.30266697e-02 -3.71661462e-02  1.44880198e-02
 -1.57882231e-02 -5.64486615e-02 -9.76661971e-02 -1.93374890e-02
 -3.21027066e-02 -3.87121700e-02 -6.00908212e-15  3.67761377e-15
  1.92051236e-14  3.24615910e-02 -2.50181820e-14  1.56784308e-14
  2.79146969e-02  1.31838984e-15  6.89032165e-15  1.05124243e-14
  2.83401996e-02  2.52009450e-02 -2.65065747e-15  2.46183895e-02
  5.33687677e-15  2.63201314e-02 -2.45983789e-14  1.10050857e-14
 -5.61703462e-15  4.75175477e-02 -4.16333634e-15 -1.50573998e-15
  5.57713217e-03  8.26422264e-15  2.30857000e-14  2.49453236e-15
 -7.04297731e-15 -5.32213162e-15 -7.50354640e-15  1.72657028e-14
 -5.04457587e-15  1.56125113e-16 -1.66516106e-14 -3.05311332e-15
 -1.27762384e-14 -3.46944695e-17  9.77690151e-15  7.78717368e-15
  9.16280940e-15 -1.04066061e-14 -3.85629029e-15  9.19786283e-02
  1.61329283e-16  9.42995682e-15 -2.36130560e-14]",55,
205,10,2,4,6.139089236967266e-14,,,"[-8.64541606e-02 -1.30266697e-02 -3.71661462e-02  1.44880198e-02
 -1.57882231e-02 -5.64486615e-02 -9.76661971e-02 -1.93374890e-02
 -3.21027066e-02 -3.87121700e-02 -7.30058375e-15  2.28636554e-15
  1.46497398e-14  3.24615910e-02 -1.71043735e-14  1.51996471e-14
  2.79146969e-02 -2.08860707e-15  6.33521013e-15  6.98052727e-15
  2.83401996e-02  2.52009450e-02 -2.50494070e-15  2.46183895e-02
  4.19803081e-16  2.63201314e-02 -1.93178806e-14  1.05054854e-14
 -6.72725764e-15  4.75175477e-02 -1.92901251e-15 -1.52655666e-15
  5.57713217e-03 -2.48412402e-15  1.48457635e-14 -6.59194921e-17
 -6.86950496e-15 -3.65506236e-15 -2.31065167e-15  1.27727690e-14
 -1.02695630e-15 -6.83481050e-16 -1.46896384e-14 -2.87270208e-15
 -1.29098121e-14 -4.53456717e-15  1.39714629e-14  9.05005237e-15
  1.25108257e-14 -1.08663079e-14 -3.00280634e-15  9.19786283e-02
 -4.23966418e-15  1.44606549e-14 -1.96925809e-14]",55,
225,10,2,4,5.5706550483591854e-14,,,"[-8.64541606e-02 -1.30266697e-02 -3.71661462e-02  1.44880198e-02
 -1.57882231e-02 -5.64486615e-02 -9.76661971e-02 -1.93374890e-02
 -3.21027066e-02 -3.87121700e-02 -1.20060212e-14  8.40300052e-15
  9.52536661e-15  3.24615910e-02 -1.31786942e-14  1.46029022e-14
  2.79146969e-02 -5.87724314e-15 -1.30104261e-15  8.11156697e-15
  2.83401996e-02  2.52009450e-02 -3.83807569e-15  2.46183895e-02
  3.07046055e-15  2.63201314e-02 -1.38708489e-14  1.21153088e-14
 -4.25874613e-15  4.75175477e-02 -3.71924713e-15  3.93782229e-16
  5.57713217e-03  2.45463372e-15  1.36210487e-14  4.43742265e-15
 -6.75154377e-15 -3.17107451e-15 -3.10515502e-15  6.17041140e-15
  1.53696500e-15 -6.80011603e-16 -1.68406955e-14 -9.99200722e-16
 -1.02552515e-14 -1.33920652e-15  1.62404812e-14  6.53990750e-15
  1.12305998e-14 -6.34908792e-15  1.23165367e-16  9.19786283e-02
 -1.41033019e-15  1.24240895e-14 -1.62786451e-14]",55,
245,10,2,4,6.480149750132113e-14,,,"[-8.64541606e-02 -1.30266697e-02 -3.71661462e-02  1.44880198e-02
 -1.57882231e-02 -5.64486615e-02 -9.76661971e-02 -1.93374890e-02
 -3.21027066e-02 -3.87121700e-02 -1.54182223e-14  1.21395949e-14
  5.62744296e-15  3.24615910e-02 -9.49587631e-15  1.40235046e-14
  2.79146969e-02 -5.97959182e-15  2.64371858e-15  8.79851747e-15
  2.83401996e-02  2.52009450e-02 -4.14598911e-16  2.46183895e-02
  2.16146545e-15  2.63201314e-02 -8.84015083e-15  1.17579557e-14
 -1.08940634e-15  4.75175477e-02 -1.07552856e-15  2.07819872e-15
  5.57713217e-03  4.59354776e-15  1.66811009e-14  5.10876064e-15
 -7.69523334e-15 -3.24913707e-15 -3.11035919e-15  7.43502482e-15
  8.35442826e-15  6.03683770e-16 -1.91374694e-14  4.23879681e-15
 -8.21738511e-15 -2.82412982e-15  1.50140317e-14  5.30651911e-15
  9.29291366e-15 -6.72725764e-15  9.28944421e-16  9.19786283e-02
 -3.60822483e-16  1.10675358e-14 -1.44884105e-14]",55,
265,10,2,4,4.4906300900038334e-14,,,"[-8.64541606e-02 -1.30266697e-02 -3.71661462e-02  1.44880198e-02
 -1.57882231e-02 -5.64486615e-02 -9.76661971e-02 -1.93374890e-02
 -3.21027066e-02 -3.87121700e-02 -1.21604116e-14  1.31786942e-14
  2.02268757e-15  3.24615910e-02 -1.07743675e-14  9.99547667e-15
  2.79146969e-02 -5.25881422e-15  4.17721413e-15  7.47318873e-15
  2.83401996e-02  2.52009450e-02  1.39471767e-15  2.46183895e-02
  3.74700271e-16  2.63201314e-02 -1.13589693e-14  7.97452382e-15
 -5.55111512e-17  4.75175477e-02 -1.34788014e-15  2.82239510e-15
  5.57713217e-03  3.10515502e-15  1.49966844e-14  5.17468013e-15
 -7.57380270e-15 -3.74006381e-15 -1.52482194e-15  9.74220704e-15
  7.38645256e-15  1.90819582e-15 -1.62335423e-14 -5.27355937e-16
 -6.86777024e-15 -5.13131204e-15  1.91704291e-14  3.25607596e-15
  1.24900090e-14 -7.13318293e-15  1.93421668e-15  9.19786283e-02
  3.32373018e-15  6.86950496e-15 -1.21586768e-14]",55,
285,10,2,4,5.0590642786119134e-14,,,"[-8.64541606e-02 -1.30266697e-02 -3.71661462e-02  1.44880198e-02
 -1.57882231e-02 -5.64486615e-02 -9.76661971e-02 -1.93374890e-02
 -3.21027066e-02 -3.87121700e-02 -9.15066634e-15  8.17618542e-15
  8.93382590e-16  3.24615910e-02 -9.38832345e-15  5.07233144e-15
  2.79146969e-02 -3.89922469e-15  1.66880398e-15  8.66667849e-15
  2.83401996e-02  2.52009450e-02 -1.54043445e-15  2.46183895e-02
  7.82078395e-15  2.63201314e-02 -1.71390679e-15  3.50284038e-15
 -5.63091240e-15  4.75175477e-02 -1.18828558e-16  5.03069808e-17
  5.57713217e-03  2.50537438e-15  1.10571274e-14  3.71230824e-15
 -8.67014793e-15  2.01574868e-15 -5.12220474e-15  1.09374315e-14
  2.88311042e-15 -4.80865348e-15 -1.36557432e-14 -1.20736754e-15
 -3.73659437e-15  9.10729825e-17  1.51543274e-14  2.19615992e-15
  7.80712300e-15 -8.58688121e-15  3.05831749e-15  9.19786283e-02
 -4.78089790e-15  6.60973012e-15 -1.47087204e-14]",55,
305,10,2,4,4.774847184307873e-14,,,"[-8.64541606e-02 -1.30266697e-02 -3.71661462e-02  1.44880198e-02
 -1.57882231e-02 -5.64486615e-02 -9.76661971e-02 -1.93374890e-02
 -3.21027066e-02 -3.87121700e-02 -8.18529272e-15  6.08887940e-15
  7.49400542e-16  3.24615910e-02 -7.49704118e-15  1.33573708e-15
  2.79146969e-02  4.52762827e-16 -1.65145675e-15  1.04395659e-14
  2.83401996e-02  2.52009450e-02 -7.35522754e-16  2.46183895e-02
  1.14318277e-14  2.63201314e-02  3.53883589e-16  1.78329573e-15
 -4.42354486e-15  4.75175477e-02 -2.75821033e-16 -2.19442520e-16
  5.57713217e-03  1.25593980e-15  9.15413578e-15  8.38305120e-15
 -9.47852907e-15  4.22925583e-15 -3.38574654e-15  7.81666398e-15
  1.40512602e-16 -2.62702186e-15 -1.61871384e-14 -1.22818422e-15
 -2.81892565e-16  5.33514205e-15  1.51666874e-14  1.82145965e-15
  7.44630052e-15 -4.58053734e-15  1.04733930e-15  9.19786283e-02
 -5.21631349e-15  4.54378288e-15 -1.33591055e-14]",55,
325,10,2,4,5.343281372915953e-14,,,"[-8.64541606e-02 -1.30266697e-02 -3.71661462e-02  1.44880198e-02
 -1.57882231e-02 -5.64486615e-02 -9.76661971e-02 -1.93374890e-02
 -3.21027066e-02 -3.87121700e-02 -9.27209698e-15  6.10796136e-15
 -2.30718222e-15  3.24615910e-02 -1.07743675e-14 -1.50053581e-15
  2.79146969e-02  1.93768612e-15  5.88071258e-16  1.14578486e-14
  2.83401996e-02  2.52009450e-02  6.27969898e-16  2.46183895e-02
  1.10866177e-14  2.63201314e-02  3.38271078e-16  3.18842175e-15
 -5.50774704e-15  4.75175477e-02 -1.31318567e-15 -8.58688121e-16
  5.57713217e-03 -4.04190570e-16  7.24940941e-15  8.79504802e-15
 -9.78557513e-15  2.23432384e-15 -7.33788030e-15  6.33087333e-15
 -3.23005511e-15 -3.69496100e-15 -1.50192359e-14  9.02056208e-16
 -7.91033905e-16  4.98386055e-15  1.33512992e-14 -5.79397641e-16
  7.44022899e-15 -4.56405747e-15 -2.18575158e-16  9.19786283e-02
 -6.09928774e-15  3.73225756e-15 -1.24830701e-14]",55,
345,10,2,4,1.7053025658242404e-13,,,"[-8.64541606e-02 -1.30266697e-02 -3.71661462e-02  1.44880198e-02
 -1.57882231e-02 -5.64486615e-02 -9.76661971e-02 -1.93374890e-02
 -3.21027066e-02 -3.87121700e-02 -8.17748647e-15  8.53787527e-15
 -4.38885039e-15  3.24615910e-02 -1.62235676e-14 -5.40539835e-15
  2.79146969e-02  1.54043445e-15 -5.09314813e-15  1.39940143e-14
  2.83401996e-02  2.52009450e-02 -9.19403442e-16  2.46183895e-02
  9.88098492e-15  2.63201314e-02 -2.28289609e-15  1.86309301e-15
 -3.32373018e-15  4.75175477e-02 -5.66387215e-16 -1.78849990e-15
  5.57713217e-03  1.09916416e-15  8.67448474e-15  8.35789771e-15
 -1.31474692e-14  1.57686364e-15 -4.94656399e-15  3.72184922e-15
 -5.38458167e-15 -4.84681739e-15 -1.13103971e-14  3.50414142e-16
 -1.22818422e-15  3.64552138e-15  1.13607040e-14 -5.89805982e-17
  3.42260942e-15 -7.59808882e-15  3.04097025e-15  9.19786283e-02
 -2.07472928e-15  2.39391840e-15 -1.03250741e-14]",55,
365,10,2,4,4.5474735088646414e-14,,,"[-8.64541606e-02 -1.30266697e-02 -3.71661462e-02  1.44880198e-02
 -1.57882231e-02 -5.64486615e-02 -9.76661971e-02 -1.93374890e-02
 -3.21027066e-02 -3.87121700e-02 -1.12960856e-14  7.99013633e-15
 -6.89292373e-15  3.24615910e-02 -1.30884886e-14 -7.33788030e-15
  2.79146969e-02  1.48492330e-15 -6.95277169e-15  1.38630427e-14
  2.83401996e-02  2.52009450e-02 -5.18248638e-15  2.46183895e-02
  9.64506253e-15  2.63201314e-02 -7.97105437e-16 -2.09554596e-15
 -4.52415883e-15  4.75175477e-02 -1.40512602e-15 -2.14672030e-15
  5.57713217e-03 -1.56645530e-15  5.99520433e-15  8.66971425e-15
 -1.67695718e-14  7.00828284e-16 -7.02216063e-15  2.43728648e-16
 -8.09075029e-15 -5.04197378e-15 -8.05215269e-15 -8.67361738e-16
  1.64972203e-15  3.16240090e-15  8.09595446e-15 -3.06178694e-15
  2.94209102e-15 -8.00921829e-15 -1.54390389e-16  9.19786283e-02
  7.11236625e-17  1.57382787e-15 -6.91981195e-15]",55,
385,10,2,4,7.105427357601002e-14,,,"[-8.64541606e-02 -1.30266697e-02 -3.71661462e-02  1.44880198e-02
 -1.57882231e-02 -5.64486615e-02 -9.76661971e-02 -1.93374890e-02
 -3.21027066e-02 -3.87121700e-02 -1.18082627e-14  6.24153507e-15
 -6.09408357e-15  3.24615910e-02 -1.04586478e-14 -6.24500451e-15
  2.79146969e-02 -1.53089347e-15 -7.76982645e-15  1.10189635e-14
  2.83401996e-02  2.52009450e-02 -7.03170161e-15  2.46183895e-02
  1.27536870e-14  2.63201314e-02 -1.77809156e-15 -4.35415592e-16
 -2.66626998e-15  4.75175477e-02 -2.45636844e-15 -5.03069808e-15
  5.57713217e-03 -3.54924423e-15  4.57359844e-15  8.03870859e-15
 -1.57061864e-14 -3.12250226e-17 -5.45050116e-15  1.42073853e-15
 -7.67441666e-15 -4.16333634e-15 -9.25648447e-15 -2.74086309e-16
  2.70920439e-15  2.17187379e-15  4.74967288e-15 -5.29090660e-16
  3.49720253e-15 -1.05505882e-14 -2.66280054e-15  9.19786283e-02
  5.96744876e-16  2.77989437e-16 -9.28944421e-15]",55,
405,10,2,4,4.206412995699793e-14,,,"[-8.64541606e-02 -1.30266697e-02 -3.71661462e-02  1.44880198e-02
 -1.57882231e-02 -5.64486615e-02 -9.76661971e-02 -1.93374890e-02
 -3.21027066e-02 -3.87121700e-02 -1.30060893e-14  7.47318873e-15
 -6.48786580e-15  3.24615910e-02 -1.35377820e-14 -6.15826834e-15
  2.79146969e-02 -2.67147415e-16 -7.32747196e-15  9.06393016e-15
  2.83401996e-02  2.52009450e-02 -7.65013053e-15  2.46183895e-02
  1.05263021e-14  2.63201314e-02 -1.06858966e-15  1.98105421e-15
 -4.79477569e-15  4.75175477e-02 -7.42461648e-16 -5.41927614e-15
  5.57713217e-03 -2.23085439e-15  2.92127433e-15  6.63705202e-15
 -1.09842690e-14 -1.08073273e-15 -3.52842755e-15  1.72735090e-15
 -5.06018838e-15 -7.07420234e-15 -5.54244151e-15 -9.97465999e-16
  7.48533180e-16  2.24820162e-15  5.71070968e-15 -7.30318583e-16
  2.32279473e-15 -1.02209907e-14 -3.47291640e-15  9.19786283e-02
  2.09901541e-15  4.33680869e-16 -8.81412998e-15]",55,
5,10,2,5,0.05300952390474379,,,"[-0.00982341  0.00352961  0.00208241  0.0074406  -0.00982341  0.00251036
  0.         -0.00208241  0.00352961 -0.00812238  0.         -0.00421139
 -0.00421139 -0.00982341 -0.00561202  0.         -0.00561202  0.
 -0.00982341  0.          0.00352961  0.          0.          0.
  0.00352961  0.00352961  0.00352961  0.003911   -0.00421139  0.00812238
  0.          0.          0.         -0.00603997 -0.00421139  0.00812238
  0.          0.00352961  0.00352961 -0.00068178 -0.00561202  0.
 -0.00561202  0.         -0.00982341  0.         -0.00561202  0.
 -0.00561202  0.          0.          0.          0.00352961 -0.00208241
  0.00352961]",36,
25,10,2,5,0.03113736239128002,,,"[-0.02840711  0.01379004  0.00133889  0.00987316 -0.00749046 -0.01205115
 -0.01991773 -0.01387232 -0.01430095 -0.00749179  0.01299972 -0.02389046
 -0.01118243  0.01211928 -0.01045367 -0.00865927  0.01680416  0.00593263
 -0.006065   -0.00575161  0.00978231  0.01056877  0.00397252  0.02684005
 -0.00402615  0.0178097  -0.00178284  0.02546313  0.00075581  0.00054359
 -0.02886351  0.00470602 -0.00681615 -0.00388991  0.0095536   0.00905864
 -0.0072981   0.002889   -0.01034994 -0.00156964  0.00472684 -0.00153615
  0.00038413  0.01125634 -0.03445266 -0.02396076 -0.01215446 -0.01864257
  0.00681877  0.01564314 -0.00383591  0.02158976  0.00839284  0.00105651
  0.0216049 ]",55,
45,10,2,5,0.022761525723251453,,,"[-0.05001283  0.00809623 -0.01221791  0.03199875 -0.02459917 -0.01122249
 -0.0453731  -0.03015208 -0.01234225 -0.02112899 -0.00438563 -0.02271289
 -0.00807929  0.02712534 -0.00899735 -0.01325037  0.03426297  0.00672178
  0.01149461 -0.01186734  0.03538741  0.02165365 -0.02768375  0.02491482
 -0.00051612  0.03288098  0.00145933  0.00391245  0.01114255  0.02480073
 -0.03347306  0.00054861  0.00428731  0.02039216  0.00146507 -0.00595719
 -0.00688026  0.01011614 -0.00667488 -0.01202699  0.01605303  0.01944142
 -0.00972324 -0.00124293 -0.02500039 -0.00496693  0.0078584  -0.00206305
 -0.01738057  0.01188291 -0.00682878  0.06214726 -0.01744125  0.00798191
  0.0012547 ]",55,
65,10,2,5,1.4665602066088468e-13,,,"[-8.64541606e-02 -1.30266697e-02 -3.71661462e-02  1.44880198e-02
 -1.57882231e-02 -5.64486615e-02 -9.76661971e-02 -1.93374890e-02
 -3.21027066e-02 -3.87121700e-02  4.82357210e-14 -4.06515099e-14
  1.02324399e-13  3.24615910e-02  8.84813056e-14  3.43527290e-14
  2.79146969e-02  7.99811606e-14  9.70751257e-15  6.91668944e-14
  2.83401996e-02  2.52009450e-02 -1.39293091e-13  2.46183895e-02
 -5.45050116e-14  2.63201314e-02 -1.25951333e-13 -7.31676005e-14
 -2.32765196e-14  4.75175477e-02 -1.74912168e-13 -1.53160470e-13
  5.57713217e-03 -6.31439345e-16 -2.09814804e-14  6.56783655e-14
  1.55465918e-14 -6.54381063e-14 -1.44328993e-14  2.61379460e-13
  3.48766155e-15 -7.72732572e-14 -1.99215644e-14  7.27161387e-14
  4.23498042e-14 -4.06133460e-14 -4.50507687e-15 -4.06098766e-14
  7.01765035e-14 -2.77772597e-14 -6.72378819e-15  9.19786283e-02
  2.29954944e-14  1.06357252e-13 -8.95117314e-14]",55,
85,10,2,5,6.480149750132113e-14,,,"[-8.64541606e-02 -1.30266697e-02 -3.71661462e-02  1.44880198e-02
 -1.57882231e-02 -5.64486615e-02 -9.76661971e-02 -1.93374890e-02
 -3.21027066e-02 -3.87121700e-02  6.10796136e-15 -1.94523217e-14
  2.11428097e-14  3.24615910e-02  1.89848137e-14  1.10050857e-14
  2.79146969e-02  1.17371390e-14 -3.22068761e-14  2.29521263e-14
  2.83401996e-02  2.52009450e-02 -4.78601533e-14  2.46183895e-02
 -4.10262102e-14  2.63201314e-02 -7.30318583e-15 -2.78501180e-14
  2.94833602e-14  4.75175477e-02 -6.15792140e-14 -3.65211333e-14
  5.57713217e-03 -2.99760217e-14  2.78943535e-15  5.32560107e-15
  4.03063000e-15 -3.44082401e-15 -1.86838392e-14  5.92824401e-14
  1.58900670e-15  1.43357548e-14 -4.23272528e-16  2.50979793e-14
 -1.67227343e-15  6.76281947e-15 -1.91027749e-14 -1.34788014e-14
  4.16901756e-14 -8.10462808e-15 -3.12250226e-17  9.19786283e-02
  5.03763697e-15  4.15431578e-14 -3.15442117e-14]",55,
105,10,2,5,4.149569576838985e-14,,,"[-8.64541606e-02 -1.30266697e-02 -3.71661462e-02  1.44880198e-02
 -1.57882231e-02 -5.64486615e-02 -9.76661971e-02 -1.93374890e-02
 -3.21027066e-02 -3.87121700e-02 -5.53376789e-16 -2.24820162e-14
  2.40378464e-14  3.24615910e-02  1.49285966e-14 -1.18897947e-14
  2.79146969e-02  2.24421176e-14 -2.44856219e-14  8.45764431e-15
  2.83401996e-02  2.52009450e-02 -2.49834875e-14  2.46183895e-02
 -1.24171506e-14  2.63201314e-02 -1.27307019e-14 -1.69204928e-14
  3.00696967e-14  4.75175477e-02 -2.91069252e-14 -2.39565312e-14
  5.57713217e-03 -1.85441940e-14 -3.51454976e-15  2.38351006e-15
 -8.67014793e-15 -3.49373308e-15 -1.03931620e-14  1.58033309e-14
 -6.48439635e-15  3.85108612e-15 -7.35522754e-15  8.99280650e-15
  3.21964677e-15 -4.42701431e-15 -1.50114296e-14 -9.71098202e-15
  2.72559753e-14 -1.75675446e-14  1.80723492e-14  9.19786283e-02
 -2.15452656e-15  1.92480580e-14 -2.14515905e-14]",55,
125,10,2,5,6.650680006714537e-14,,,"[-8.64541606e-02 -1.30266697e-02 -3.71661462e-02  1.44880198e-02
 -1.57882231e-02 -5.64486615e-02 -9.76661971e-02 -1.93374890e-02
 -3.21027066e-02 -3.87121700e-02 -5.88071258e-15 -1.15393806e-14
  9.72485981e-15  3.24615910e-02  1.83082716e-14 -4.71150896e-15
  2.79146969e-02  1.43461631e-14 -1.32324707e-14 -1.24639882e-15
  2.83401996e-02  2.52009450e-02 -1.13017234e-14  2.46183895e-02
  6.36643516e-15  2.63201314e-02 -1.14734611e-14 -3.52786377e-14
  1.21222477e-14  4.75175477e-02 -1.73576431e-14 -8.83928347e-15
  5.57713217e-03 -1.94306377e-14  8.88178420e-15 -7.07767178e-16
 -1.01342545e-14 -6.09928774e-15 -4.10955991e-15  2.51465515e-14
  7.16787740e-15 -1.31145095e-15  2.63677968e-16  7.53910823e-15
  1.36175793e-14  4.72191730e-15 -1.19730614e-14 -1.16399945e-14
  1.88390969e-14 -2.20596111e-14  1.63896674e-14  9.19786283e-02
 -7.37821262e-15  1.77592316e-14 -1.50834206e-14]",55,
145,10,2,5,3.353761712787673e-14,,,"[-8.64541606e-02 -1.30266697e-02 -3.71661462e-02  1.44880198e-02
 -1.57882231e-02 -5.64486615e-02 -9.76661971e-02 -1.93374890e-02
 -3.21027066e-02 -3.87121700e-02 -1.23442923e-14 -5.24190066e-15
 -3.26301486e-15  3.24615910e-02  5.39499001e-15  6.67868538e-16
  2.79146969e-02  1.99805450e-14 -2.00985062e-14  6.15306417e-15
  2.83401996e-02  2.52009450e-02 -2.47649123e-14  2.46183895e-02
  7.97972799e-16  2.63201314e-02 -1.48078164e-14 -2.91242724e-14
  1.56359301e-14  4.75175477e-02 -1.89605276e-14 -4.64212002e-15
  5.57713217e-03 -1.15810139e-14  5.37764278e-17 -7.79237785e-15
 -7.66053887e-15 -4.09741685e-15 -1.45716772e-15  1.51155130e-14
 -1.32185929e-15 -5.08620923e-15  6.52256027e-16  3.97772093e-15
  9.82720849e-15  3.86496390e-15 -9.11770659e-15 -5.54070678e-15
  1.18238752e-14 -1.97793171e-14  4.75487705e-15  9.19786283e-02
  2.12503626e-16  9.12117604e-15 -1.77444864e-14]",55,
165,10,2,5,4.320099833421409e-14,,,"[-8.64541606e-02 -1.30266697e-02 -3.71661462e-02  1.44880198e-02
 -1.57882231e-02 -5.64486615e-02 -9.76661971e-02 -1.93374890e-02
 -3.21027066e-02 -3.87121700e-02 -1.86725635e-14  5.38458167e-15
 -1.43982049e-14  3.24615910e-02 -3.17454396e-16  1.52655666e-16
  2.79146969e-02  1.19695920e-15 -1.87558302e-14  5.26662047e-15
  2.83401996e-02  2.52009450e-02 -2.22617064e-14  2.46183895e-02
  3.67761377e-15  2.63201314e-02 -1.46167800e-14 -2.41039827e-14
  1.77254045e-14  4.75175477e-02 -1.45543300e-14 -7.50961793e-15
  5.57713217e-03 -1.02496137e-14  4.41573861e-15  6.17561557e-16
 -1.23061283e-14 -3.05311332e-15 -2.35575448e-15  1.83950077e-14
 -2.40085729e-15  8.95117314e-16  4.18328566e-15  3.47291640e-15
  1.10432496e-14  5.72458747e-16 -5.37243861e-15  1.21430643e-17
  1.14326951e-14 -1.37129891e-14 -1.48145385e-15  9.19786283e-02
 -1.33313499e-15  1.10033510e-14 -1.55899599e-14]",55,
185,10,2,5,5.400124791776761e-14,,,"[-8.64541606e-02 -1.30266697e-02 -3.71661462e-02  1.44880198e-02
 -1.57882231e-02 -5.64486615e-02 -9.76661971e-02 -1.93374890e-02
 -3.21027066e-02 -3.87121700e-02 -1.42334061e-14  4.12864187e-15
 -1.10493212e-14  3.24615910e-02  2.94078997e-15  4.89192020e-16
  2.79146969e-02  2.62376926e-16 -1.89362415e-14  7.58768048e-15
  2.83401996e-02  2.52009450e-02 -2.06432094e-14  2.46183895e-02
  3.29944405e-15  2.63201314e-02 -1.30312428e-14 -1.24362326e-14
  1.64104841e-14  4.75175477e-02 -5.38458167e-15 -1.07830411e-14
  5.57713217e-03 -8.18095591e-15  5.35856082e-15  5.79397641e-16
 -1.46289231e-14 -2.90826391e-15  2.03309591e-15  7.82013343e-15
 -7.02042591e-15 -5.12610787e-16  4.54671023e-15  3.62383734e-15
  1.03736464e-14  4.64558947e-15 -1.26808286e-14  3.48679419e-15
  2.01939160e-14 -1.20502566e-14  4.91447161e-15  9.19786283e-02
  6.25888230e-15  1.30416511e-14 -1.62769104e-14]",55,
205,10,2,5,6.764366844436153e-14,,,"[-8.64541606e-02 -1.30266697e-02 -3.71661462e-02  1.44880198e-02
 -1.57882231e-02 -5.64486615e-02 -9.76661971e-02 -1.93374890e-02
 -3.21027066e-02 -3.87121700e-02 -1.45890244e-14  1.30451205e-15
 -1.06512021e-14  3.24615910e-02  1.98972783e-15 -6.63184785e-15
  2.79146969e-02 -4.12864187e-16 -1.84435800e-14 -1.08940634e-15
  2.83401996e-02  2.52009450e-02 -1.99744735e-14  2.46183895e-02
  2.50841015e-15  2.63201314e-02 -6.61970478e-15 -1.04291575e-14
  1.45265744e-14  4.75175477e-02 -4.41140180e-15 -8.18442536e-15
  5.57713217e-03 -8.50014503e-15  3.94823063e-15 -3.36883299e-15
 -1.28785871e-14 -1.96891115e-15  4.21190860e-15  6.51562138e-15
 -5.19029264e-15 -5.41146988e-15  2.77208811e-15  3.67414432e-15
  8.73780215e-15  1.27051147e-14 -7.34481920e-15  7.02216063e-15
  1.80411242e-14 -1.45231049e-14 -1.46757606e-15  9.19786283e-02
 -3.09995085e-15  1.15393806e-14 -1.28551683e-14]",55,
225,10,2,5,3.979039320256561e-14,,,"[-8.64541606e-02 -1.30266697e-02 -3.71661462e-02  1.44880198e-02
 -1.57882231e-02 -5.64486615e-02 -9.76661971e-02 -1.93374890e-02
 -3.21027066e-02 -3.87121700e-02 -1.48908663e-14  4.63171168e-16
 -3.79730969e-15  3.24615910e-02  2.32452946e-15 -9.48893741e-15
  2.79146969e-02 -3.76781939e-15 -2.54102295e-14 -3.80164650e-15
  2.83401996e-02  2.52009450e-02 -2.13839363e-14  2.46183895e-02
  4.50681159e-15  2.63201314e-02 -1.05540576e-14 -1.17336696e-14
  1.20112253e-14  4.75175477e-02 -3.18842175e-15 -1.14179499e-14
  5.57713217e-03 -9.56526525e-15  6.33867958e-15  3.66547070e-15
 -9.91914884e-15  4.87283824e-15  8.29197822e-16  2.42514342e-15
 -7.99360578e-15 -5.82867088e-15  7.45931095e-16  7.70217223e-16
  7.45063733e-15  1.61676228e-14 -8.45851167e-15  5.23539545e-15
  1.48821927e-14 -9.57914303e-15 -1.83533744e-15  9.19786283e-02
 -6.72899236e-15  6.30398511e-15 -1.07743675e-14]",55,
245,10,2,5,7.332801033044234e-14,,,"[-8.64541606e-02 -1.30266697e-02 -3.71661462e-02  1.44880198e-02
 -1.57882231e-02 -5.64486615e-02 -9.76661971e-02 -1.93374890e-02
 -3.21027066e-02 -3.87121700e-02 -1.09252885e-14  3.77996245e-15
 -4.44783099e-15  3.24615910e-02 -1.22298005e-15 -1.08003884e-14
  2.79146969e-02 -3.86843335e-16 -2.42444953e-14 -3.01755149e-15
  2.83401996e-02  2.52009450e-02 -1.86448079e-14  2.46183895e-02
  3.92047506e-15  2.63201314e-02 -7.61890551e-15 -1.06165077e-14
  1.49324997e-14  4.75175477e-02 -3.38618023e-15 -1.10007489e-14
  5.57713217e-03 -7.49747486e-15  9.13505382e-15  5.54764568e-15
 -1.18030585e-14  2.17447588e-15  3.28730099e-16 -2.52575738e-15
 -8.05605582e-15 -4.87717505e-15 -1.55214383e-15  3.68455266e-15
  3.93435284e-15  1.82735771e-14 -1.26426647e-14  2.47718512e-15
  1.34389028e-14 -1.18446919e-14 -3.71751241e-15  9.19786283e-02
 -1.66880398e-15  6.91460778e-15 -1.01238462e-14]",55,
265,10,2,5,7.673861546209083e-14,,,"[-8.64541606e-02 -1.30266697e-02 -3.71661462e-02  1.44880198e-02
 -1.57882231e-02 -5.64486615e-02 -9.76661971e-02 -1.93374890e-02
 -3.21027066e-02 -3.87121700e-02 -1.39246253e-14  1.76334641e-15
 -7.88084875e-15  3.24615910e-02 -7.38298311e-15 -9.59909235e-15
  2.79146969e-02  1.24900090e-15 -2.14342433e-14 -2.55784977e-15
  2.83401996e-02  2.52009450e-02 -1.77306086e-14  2.46183895e-02
  1.00648656e-14  2.63201314e-02 -8.56953397e-15 -9.00668429e-15
  9.58001040e-15  4.75175477e-02 -6.85736190e-15 -8.51489018e-15
  5.57713217e-03 -1.08107967e-14  5.70463815e-15  6.08540995e-15
 -5.59188112e-15  1.61069075e-15  2.30718222e-16 -1.63064007e-15
 -5.53029844e-15 -8.55825827e-15 -1.03302783e-15  6.59194921e-17
  6.37510877e-16  1.45022883e-14 -1.12861109e-14  2.35922393e-15
  6.08194051e-15 -9.64159308e-15 -8.26075319e-15  9.19786283e-02
  4.61436445e-16  6.77236045e-15 -8.66320904e-15]",55,
285,10,2,5,3.126388037344441e-14,,,"[-8.64541606e-02 -1.30266697e-02 -3.71661462e-02  1.44880198e-02
 -1.57882231e-02 -5.64486615e-02 -9.76661971e-02 -1.93374890e-02
 -3.21027066e-02 -3.87121700e-02 -1.39992185e-14 -2.46330734e-16
 -6.86950496e-15  3.24615910e-02 -9.42648737e-15 -1.07761022e-14
  2.79146969e-02 -1.30364469e-15 -1.93699223e-14 -2.78943535e-15
  2.83401996e-02  2.52009450e-02 -1.38257461e-14  2.46183895e-02
  7.37604422e-15  2.63201314e-02 -7.33527822e-15 -8.18095591e-15
  7.81492926e-15  4.75175477e-02 -4.00287442e-15 -5.12437315e-15
  5.57713217e-03 -9.65373614e-15  3.35148576e-15  8.23646706e-15
 -7.70564168e-15 -3.27168848e-15 -2.32799890e-15 -1.42247325e-16
 -4.14425438e-15 -1.04395659e-14 -3.79904441e-15 -4.27609337e-15
 -3.37056771e-15  1.00440489e-14 -1.11976400e-14  4.49640325e-15
  9.66587921e-15 -9.41087486e-15 -9.09688991e-15  9.19786283e-02
  2.84147705e-15  1.03389519e-15 -7.88692028e-15]",55,
305,10,2,5,7.560174708487466e-14,,,"[-8.64541606e-02 -1.30266697e-02 -3.71661462e-02  1.44880198e-02
 -1.57882231e-02 -5.64486615e-02 -9.76661971e-02 -1.93374890e-02
 -3.21027066e-02 -3.87121700e-02 -1.28282801e-14  1.75727488e-15
 -3.92741395e-15  3.24615910e-02 -7.95370714e-15 -8.58861593e-15
  2.79146969e-02 -1.81278603e-15 -1.50816859e-14  1.87350135e-15
  2.83401996e-02  2.52009450e-02 -1.18342836e-14  2.46183895e-02
  8.61463678e-15  2.63201314e-02 -5.23539545e-15 -1.56819002e-15
  4.33507397e-15  4.75175477e-02 -1.78676518e-16 -4.81559237e-15
  5.57713217e-03 -7.33788030e-15  1.45716772e-15  8.98239816e-15
 -1.17267307e-14 -5.40453099e-15 -3.01668412e-15 -3.15719673e-16
 -1.05297715e-15 -1.10987608e-14  9.90527105e-16 -6.56245891e-15
 -1.63410951e-15  6.73419653e-15 -6.63878674e-15  1.08940634e-15
  8.65280070e-15 -1.26088376e-14 -7.86523624e-15  9.19786283e-02
  3.46944695e-16  1.97758476e-16 -3.19536064e-15]",55,
325,10,2,5,3.751665644813329e-14,,,"[-8.64541606e-02 -1.30266697e-02 -3.71661462e-02  1.44880198e-02
 -1.57882231e-02 -5.64486615e-02 -9.76661971e-02 -1.93374890e-02
 -3.21027066e-02 -3.87121700e-02 -1.44866757e-14  1.94115557e-15
 -5.10702591e-15  3.24615910e-02 -8.41340886e-15 -6.85562718e-15
  2.79146969e-02 -3.01755149e-15 -1.67435510e-14  4.78957152e-15
  2.83401996e-02  2.52009450e-02 -1.23998034e-14  2.46183895e-02
  1.11959053e-14  2.63201314e-02 -5.85252333e-15 -3.27515792e-15
  1.96717642e-15  4.75175477e-02 -1.08680426e-15 -7.46104567e-15
  5.57713217e-03 -5.68989300e-15  6.01949046e-16  6.80705492e-15
 -1.36869682e-14 -5.76101666e-15 -2.42514342e-15  4.74446871e-16
  1.49099483e-15 -8.93209118e-15 -1.58900670e-15 -6.76368683e-15
  3.10515502e-16  5.33427469e-15 -5.34294831e-15  5.89805982e-16
  7.59982355e-15 -8.63024929e-15 -6.70470623e-15  9.19786283e-02
 -4.26741975e-16 -4.83987850e-16 -5.68121938e-15]",55,
345,10,2,5,4.263256414560601e-14,,,"[-8.64541606e-02 -1.30266697e-02 -3.71661462e-02  1.44880198e-02
 -1.57882231e-02 -5.64486615e-02 -9.76661971e-02 -1.93374890e-02
 -3.21027066e-02 -3.87121700e-02 -1.32619610e-14  4.70110062e-15
 -4.68722283e-15  3.24615910e-02 -6.56766308e-15 -3.60822483e-15
  2.79146969e-02 -1.49880108e-15 -1.17648946e-14  6.48266163e-15
  2.83401996e-02  2.52009450e-02 -1.32567568e-14  2.46183895e-02
  1.05089548e-14  2.63201314e-02 -2.62290190e-15  4.68375339e-16
  9.29811783e-16  4.75175477e-02  1.73472348e-17 -4.06272238e-15
  5.57713217e-03 -4.11129464e-15  2.90219238e-15  7.43502482e-15
 -1.49741330e-14 -6.90419943e-15 -9.02056208e-16  3.14071685e-15
  1.86829718e-15 -9.07260378e-15 -4.48946436e-15 -4.82686807e-15
  2.86142637e-15  6.99613978e-15  1.27588912e-15 -2.07125983e-15
  8.11763851e-15 -8.50534920e-15 -5.97612237e-15  9.19786283e-02
 -1.53523028e-16  1.69309011e-15 -5.52379323e-15]",55,
365,10,2,5,4.263256414560601e-14,,,"[-8.64541606e-02 -1.30266697e-02 -3.71661462e-02  1.44880198e-02
 -1.57882231e-02 -5.64486615e-02 -9.76661971e-02 -1.93374890e-02
 -3.21027066e-02 -3.87121700e-02 -1.09547788e-14  6.09928774e-15
 -5.19376209e-15  3.24615910e-02 -1.15220333e-14 -6.55031585e-15
  2.79146969e-02 -7.56339436e-16 -9.22872889e-15  6.81572854e-15
  2.83401996e-02  2.52009450e-02 -1.30208344e-14  2.46183895e-02
  1.38361544e-14  2.63201314e-02 -3.77475828e-15 -9.05525654e-16
  6.62664368e-16  4.75175477e-02  1.76941795e-16 -5.29437605e-15
  5.57713217e-03 -1.07899800e-15  2.99066327e-15  9.41607903e-15
 -1.21083699e-14 -6.61623534e-15 -1.47451495e-15  5.44703171e-16
  1.02001740e-15 -8.03523914e-15 -4.42354486e-15 -3.42000733e-15
  2.97852021e-15  4.05578349e-15  2.32973363e-15 -6.48786580e-16
  7.45497414e-15 -9.39005818e-15 -4.82079654e-15  9.19786283e-02
 -1.04083409e-16  3.27862737e-16 -8.11547010e-15]",55,
385,10,2,5,4.206412995699793e-14,,,"[-8.64541606e-02 -1.30266697e-02 -3.71661462e-02  1.44880198e-02
 -1.57882231e-02 -5.64486615e-02 -9.76661971e-02 -1.93374890e-02
 -3.21027066e-02 -3.87121700e-02 -1.17163224e-14  7.72992781e-15
 -4.45476989e-15  3.24615910e-02 -1.34406375e-14 -3.90312782e-15
  2.79146969e-02  3.53883589e-16 -5.78009862e-15  9.10729825e-15
  2.83401996e-02  2.52009450e-02 -9.54791801e-15  2.46183895e-02
  1.16746890e-14  2.63201314e-02 -2.30371278e-15 -8.93382590e-16
 -4.10782519e-15  4.75175477e-02  1.90819582e-16 -4.96824804e-15
  5.57713217e-03 -1.66880398e-15  2.59861577e-15  6.90072999e-15
 -1.05609965e-14 -3.58220398e-15 -6.27969898e-16  2.35488712e-15
 -2.81025203e-15 -6.59194921e-15 -3.78863607e-15 -2.11723000e-15
 -1.65232411e-16  3.01147995e-15  3.04270498e-15 -1.07552856e-16
  3.69322628e-15 -8.16881285e-15 -5.04978004e-15  9.19786283e-02
  9.67975700e-16  1.20910226e-15 -6.64919508e-15]",55,
405,10,2,5,4.206412995699793e-14,,,"[-8.64541606e-02 -1.30266697e-02 -3.71661462e-02  1.44880198e-02
 -1.57882231e-02 -5.64486615e-02 -9.76661971e-02 -1.93374890e-02
 -3.21027066e-02 -3.87121700e-02 -1.28941996e-14  7.68135555e-15
 -6.52776444e-15  3.24615910e-02 -1.36071709e-14 -6.09928774e-15
  2.79146969e-02 -3.19189120e-16 -7.43849426e-15  9.03790931e-15
  2.83401996e-02  2.52009450e-02 -7.60849717e-15  2.46183895e-02
  1.04569131e-14  2.63201314e-02 -9.74914593e-16  1.92554306e-15
 -4.74620343e-15  4.75175477e-02 -6.76542156e-16 -5.27702881e-15
  5.57713217e-03 -2.23779328e-15  2.97678548e-15  6.73072709e-15
 -1.09374315e-14 -1.09114107e-15 -3.55791785e-15  1.74252973e-15
 -5.12263842e-15 -7.09848846e-15 -5.61529989e-15 -8.65627015e-16
  7.89299182e-16  2.21003771e-15  5.63958602e-15 -6.34908792e-16
  2.29503916e-15 -1.01377240e-14 -3.52842755e-15  9.19786283e-02
  2.10942375e-15  3.60822483e-16 -8.63371874e-15]",55,
