sample_size,n,k,repeat,mae,alphas,coef_path,coefficients,non_zero_coef,num_iter
10,25,1,1,0.028366758143376386,,,"[ 0.00314031  0.01016646  0.00058502  0.00225962  0.00094122  0.00672287
 -0.00251613  0.00108155 -0.01027925 -0.00470671 -0.0025629   0.00099624
  0.00657728  0.00203353 -0.01634139  0.00063795 -0.00575886 -0.00709878
 -0.00061757 -0.00292208  0.01242306  0.00498028 -0.00652202  0.01263942
 -0.00793207]",25,
30,25,1,1,0.11526218199692778,,,"[ 0.02300546  0.08547219  0.00372213  0.00840148 -0.01332276 -0.00956912
 -0.02707474 -0.00211907 -0.05311458 -0.00452386 -0.10417055 -0.02643332
 -0.07022359  0.11643696  0.07025322 -0.05890392  0.06683675  0.03292097
 -0.03135061  0.00590525  0.10314864 -0.04849219  0.03437416  0.06670063
  0.01428203]",25,
50,25,1,1,0.027832222144633646,,,"[-0.00044852  0.03445657  0.01968218  0.01291692 -0.00908401 -0.01223916
 -0.01624015  0.007385   -0.01453939  0.0188308  -0.03226688  0.00273737
 -0.01162205  0.01833402 -0.01503929 -0.01849262  0.00378518 -0.02401044
  0.01091419 -0.0042211   0.02192286  0.00564552 -0.01250743  0.00557705
 -0.00154135]",25,
70,25,1,1,0.02333805514759547,,,"[ 0.00227649  0.02823117  0.02402418  0.01000763 -0.01329963 -0.01623361
 -0.01600028 -0.00355284 -0.0140812   0.01545349 -0.01738196  0.00329238
 -0.0043603   0.00836577 -0.01458605 -0.01956061 -0.00052847 -0.02668137
  0.01115253 -0.00035466  0.00789627 -0.00016169 -0.0084847   0.00442974
  0.00259681]",25,
90,25,1,1,0.023060781990288888,,,"[-0.00249447  0.02868034  0.03593413  0.0101006  -0.01763623 -0.01384207
 -0.01282639 -0.00269162 -0.01872954  0.01345915 -0.00996963  0.00489788
  0.0027084   0.00454615 -0.01731216 -0.01252552 -0.00597238 -0.02677546
  0.0078622   0.00238831 -0.00026562  0.00210328 -0.01636867  0.00030515
  0.00731916]",25,
110,25,1,1,0.022674680687325123,,,"[-0.00381818  0.02461881  0.03576292  0.00645238 -0.02145124 -0.0105753
 -0.01661766  0.00142118 -0.01816517  0.01064157 -0.00893317  0.00671022
  0.0079509   0.00215546 -0.01581671 -0.00844589 -0.00595456 -0.02426291
  0.00668702  0.00057916 -0.0028578   0.00186808 -0.01216194  0.00238889
  0.00478932]",25,
130,25,1,1,0.021892682193456494,,,"[-5.37965783e-03  2.43869549e-02  3.45007456e-02  7.38420514e-03
 -2.16504760e-02 -1.07600680e-02 -1.55615310e-02  1.14603834e-03
 -2.24485327e-02  9.29671798e-03 -1.04658983e-02  6.66353719e-03
  5.05696649e-03  5.11027079e-03 -1.90146349e-02 -6.34170219e-03
 -3.32891295e-03 -2.23877174e-02  5.47620863e-03 -8.47996129e-04
 -7.52795017e-05  5.99921332e-03 -9.13199547e-03 -1.80290721e-04
  2.43811502e-03]",25,
150,25,1,1,0.0212710630529034,,,"[-0.00372621  0.02485556  0.03547763  0.00564295 -0.02002148 -0.00898083
 -0.01615167  0.00090049 -0.01904023  0.01057315 -0.01191994  0.00660863
  0.00387827  0.00381691 -0.02170441 -0.00621696 -0.00254905 -0.01975188
  0.00583916  0.00012007 -0.00030406  0.00625874 -0.00719879 -0.00187681
  0.00213607]",25,
170,25,1,1,0.021507916182873146,,,"[-0.00452703  0.0224857   0.03400814  0.00401541 -0.01766847 -0.00960859
 -0.01606811  0.00154687 -0.01667658  0.01041848 -0.01491717  0.00766527
  0.0030863   0.00344315 -0.01999448 -0.00743607 -0.00273577 -0.01859865
  0.00460424  0.00057861 -0.00143219  0.00425916 -0.00679109 -0.00042629
 -0.00011759]",25,
190,25,1,1,0.021636688946569508,,,"[-0.00527133  0.0228743   0.03506991  0.00534628 -0.01514574 -0.00876513
 -0.01432108  0.00280703 -0.01854037  0.00844087 -0.0138941   0.0089035
  0.00296513  0.00330719 -0.01834156 -0.00807599 -0.00431216 -0.01910108
  0.0038809   0.00027032 -0.00189387  0.00660824 -0.00698764 -0.00094166
 -0.00187251]",25,
210,25,1,1,0.021136937610031624,,,"[-4.52145920e-03  2.32003092e-02  3.40991676e-02  2.63805348e-03
 -1.45136728e-02 -8.78319248e-03 -1.37774975e-02  9.29936309e-04
 -1.83974804e-02  8.82312249e-03 -1.29864339e-02  1.04883746e-02
  4.10062688e-03  2.61668643e-03 -1.80199126e-02 -7.60000565e-03
 -3.12109042e-03 -1.86241143e-02  3.78461319e-03  7.79577618e-05
 -1.79864226e-03  6.14352088e-03 -6.31658686e-03 -2.81056721e-03
 -4.18526075e-03]",25,
230,25,1,1,0.020827359103652725,,,"[-0.00328233  0.02262643  0.03470005  0.00225877 -0.0128135  -0.00960389
 -0.01445314  0.00115503 -0.02064477  0.00927588 -0.01150336  0.01157687
  0.0055649   0.00163645 -0.01943401 -0.00571089 -0.00156106 -0.01809686
  0.00595351  0.00059096  0.00099013  0.00650534 -0.00705329 -0.00364026
 -0.00620924]",25,
250,25,1,1,0.020722207442761372,,,"[-2.59867089e-03  2.21351548e-02  3.49659606e-02  1.36574117e-03
 -1.29107824e-02 -8.79985815e-03 -1.44763870e-02 -3.53534229e-05
 -2.14930228e-02  7.50732865e-03 -1.25771563e-02  1.19720073e-02
  7.23628843e-03  2.33741007e-03 -1.77961365e-02 -6.11048682e-03
  2.66275905e-05 -1.69454783e-02  5.74414613e-03  9.15946677e-04
  1.21796292e-03  4.28029070e-03 -5.59407544e-03 -2.32030454e-03
 -6.55176794e-03]",25,
270,25,1,1,0.020299115747321822,,,"[-0.00314725  0.02161722  0.03497958  0.0009935  -0.01375848 -0.00987451
 -0.01286195  0.00124131 -0.02082927  0.00854649 -0.01125201  0.01373983
  0.00709548  0.00289709 -0.01920931 -0.0053535   0.00129654 -0.01636805
  0.00640449  0.00069277  0.00134804  0.00521422 -0.00672031 -0.00311433
 -0.00661705]",25,
290,25,1,1,0.020083308500161365,,,"[-0.00296701  0.02214925  0.03602957  0.00144223 -0.01295824 -0.00879636
 -0.01212556  0.0009752  -0.01994923  0.00853408 -0.01106279  0.01230167
  0.00730806  0.002398   -0.02060642 -0.00537983  0.00247042 -0.01672906
  0.00679022 -0.00018492  0.00212749  0.00412685 -0.00604766 -0.00305633
 -0.00510386]",25,
310,25,1,1,0.020124739718753518,,,"[-0.00250559  0.02273296  0.03587768  0.00106764 -0.01230293 -0.00871934
 -0.01135163  0.00132818 -0.0208384   0.01003103 -0.01154306  0.01208968
  0.00738289  0.00289092 -0.02086955 -0.00552526  0.00284047 -0.01715898
  0.00740599  0.00079613  0.00230834  0.00492758 -0.00579403 -0.00348957
 -0.00437269]",25,
330,25,1,1,0.020076436759455304,,,"[-0.00236363  0.02225752  0.03514238  0.00152419 -0.01219355 -0.00854577
 -0.01150965  0.00150178 -0.02168568  0.00988435 -0.01110672  0.01248506
  0.00661049  0.00313815 -0.01961644 -0.0060964   0.00323138 -0.01722585
  0.00726956  0.00061516  0.00336681  0.00436267 -0.00599034 -0.00319173
 -0.00492438]",25,
350,25,1,1,0.019969931731065458,,,"[-0.00188028  0.02191408  0.03526965  0.00095078 -0.01427294 -0.00812563
 -0.01127248  0.00036115 -0.02176221  0.01136489 -0.00949316  0.01319576
  0.00730131  0.00382233 -0.02069842 -0.00597883  0.00231363 -0.01718064
  0.0069041  -0.00056478  0.00232392  0.00346686 -0.00568036 -0.003194
 -0.00510145]",25,
370,25,1,1,0.019812662449103867,,,"[-0.00037774  0.02234187  0.03606755  0.0005063  -0.01391188 -0.00804493
 -0.01128265  0.00047625 -0.02205855  0.01091377 -0.00880778  0.01325925
  0.00662542  0.00379154 -0.02049153 -0.00710027  0.00271685 -0.01772177
  0.0057422  -0.00223973  0.00172888  0.00454575 -0.0059105  -0.00333423
 -0.00422005]",25,
390,25,1,1,0.0197474931798871,,,"[ 0.00056934  0.02182089  0.03625797  0.00030255 -0.01382387 -0.00750337
 -0.01141666  0.00017704 -0.02103702  0.01082041 -0.00883608  0.01290997
  0.00643627  0.00435517 -0.01986481 -0.00685465  0.00230791 -0.01818871
  0.00608673 -0.00203529  0.00242391  0.00421116 -0.00647107 -0.00300736
 -0.00488695]",25,
410,25,1,1,0.019691787695720678,,,"[ 0.00143951  0.02197341  0.03627402 -0.00020346 -0.0136661  -0.00729491
 -0.01083149 -0.00054747 -0.02085519  0.01007117 -0.00893918  0.0128029
  0.00642955  0.0048091  -0.01934603 -0.00742484  0.00250836 -0.01721017
  0.00560663 -0.00245439  0.00276302  0.00454041 -0.00618591 -0.00253063
 -0.00544797]",25,
10,25,1,2,0.027235365373587683,,,"[ 5.63964558e-03  3.30317713e-04  6.99562053e-03  5.25778290e-03
 -7.98672672e-03 -7.45337887e-03 -6.90050953e-03  7.78809456e-03
 -1.11156823e-02 -3.30317713e-04  8.40079551e-03 -2.54042267e-03
  9.62945334e-03  3.37428965e-03  2.08330840e-03  1.98755332e-03
  1.98755332e-03 -1.52690989e-02  9.46855769e-03  4.91858674e-03
 -1.56202002e-02  4.18314929e-03  1.48961340e-03  2.51520291e-05
  1.67129265e-03]",25,
30,25,1,2,0.047804398403009145,,,"[ 0.04081391  0.0236479   0.04468803 -0.02330566 -0.00651033 -0.02937652
 -0.01049717 -0.01176539 -0.02291849  0.00718777  0.00109463  0.05045957
  0.03733903 -0.02718104 -0.00011756  0.02377162  0.03293363 -0.01083265
 -0.01749794 -0.03163277 -0.01384518 -0.00074436  0.0132887   0.01900193
  0.02055934]",25,
50,25,1,2,0.03247536900351634,,,"[ 0.01859996  0.02952259  0.04046915 -0.00452712 -0.02178315 -0.01499067
 -0.01419453 -0.00595274 -0.03171951  0.02746393 -0.01685509  0.02840459
  0.02135037 -0.0002876  -0.00432852  0.00752028  0.00755186 -0.02329052
 -0.00678566 -0.000494    0.01165671  0.00846893  0.00710177  0.00774549
 -0.00579768]",25,
70,25,1,2,0.027159991466792235,,,"[ 0.00747354  0.02645421  0.03672842 -0.00875408 -0.01832389 -0.01131198
 -0.00364534 -0.00276041 -0.03373711  0.01902057 -0.01778141  0.02706207
  0.01797221  0.0034213  -0.00835527 -0.00228189  0.0001339  -0.0178054
  0.00016143 -0.00326283  0.00808886  0.00596466  0.00515505 -0.00066902
 -0.00757808]",25,
90,25,1,2,0.023182534139646122,,,"[ 0.00431453  0.02696764  0.03287992 -0.00606209 -0.01431469 -0.00393734
 -0.01318595 -0.00038341 -0.0272747   0.01488626 -0.01364119  0.01903649
  0.01635884  0.00807188 -0.01536811 -0.01002077 -0.00120617 -0.01878981
  0.00762766 -0.00411152  0.00845761  0.00972643  0.00653057 -0.00139816
 -0.00734735]",25,
110,25,1,2,0.02183453829664927,,,"[ 4.22828878e-03  2.83214705e-02  3.39244044e-02 -3.20074986e-03
 -1.40054838e-02 -6.88572174e-03 -1.41203077e-02  4.79020188e-03
 -2.54404539e-02  1.25863710e-02 -1.32658591e-02  1.65364164e-02
  1.34015304e-02  5.77384737e-03 -1.44412058e-02 -7.01947892e-03
  1.43465324e-03 -1.33225064e-02  4.80826006e-03  2.78216120e-05
  9.14116369e-03  7.87286387e-03  4.88900941e-03 -5.40304572e-03
 -8.58969888e-03]",25,
130,25,1,2,0.022662811119946582,,,"[ 0.00927624  0.02843301  0.04158427 -0.00744996 -0.01850183 -0.00039764
 -0.01757266  0.00556525 -0.02373112  0.01272889 -0.00577056  0.01941496
  0.01486446  0.00464452 -0.01848791 -0.0046118  -0.00075331 -0.01452504
  0.00653267  0.0001869   0.00761931  0.00532514 -0.00158136 -0.00465475
 -0.00822498]",25,
150,25,1,2,0.021297264792751208,,,"[ 4.75305623e-03  2.39078731e-02  3.89342504e-02 -1.69636340e-03
 -1.51622666e-02 -3.18564826e-03 -1.50340107e-02  7.34781991e-03
 -2.27262640e-02  9.26994374e-03 -8.56537894e-03  1.95142311e-02
  1.34005955e-02  7.04272110e-03 -2.09113251e-02 -4.70417782e-03
 -2.19340825e-03 -1.44377249e-02  7.73901854e-03 -2.83502533e-03
  6.21233304e-03  3.76977002e-03 -2.60898730e-04 -2.81894396e-05
 -8.95001858e-03]",25,
170,25,1,2,0.020800304594030764,,,"[ 0.00171966  0.02390816  0.03895321 -0.00037097 -0.01288842 -0.00509916
 -0.0132821   0.00666206 -0.01905517  0.01022491 -0.01101438  0.01745769
  0.01328655  0.00590344 -0.02008093 -0.00809871  0.00025285 -0.01392685
  0.00615996 -0.00453723  0.00665605  0.0020691   0.0002402   0.00077025
 -0.00870425]",25,
190,25,1,2,0.02082189705149233,,,"[-2.51142632e-04  2.03404798e-02  3.81049378e-02 -1.36610870e-03
 -1.49431887e-02 -4.26369954e-03 -1.44211571e-02  6.05539006e-03
 -1.82262171e-02  1.17810440e-02 -1.13237166e-02  1.50572106e-02
  1.30007154e-02  4.35411527e-03 -2.14070301e-02 -9.56688731e-03
  2.15371821e-03 -1.55823513e-02  6.34427650e-03 -6.94117628e-04
  3.81714660e-03  4.07531367e-03 -1.83400300e-05 -6.48130087e-04
 -6.11582441e-03]",25,
210,25,1,2,0.020746611072775634,,,"[-0.00122643  0.02100531  0.03837164 -0.00242768 -0.01327326 -0.00452924
 -0.01351535  0.00471343 -0.01819417  0.01200178 -0.00975216  0.01405965
  0.01260461  0.00346968 -0.01987448 -0.00900368  0.00473693 -0.01538711
  0.00551618 -0.00247378  0.00452571  0.00412956 -0.00091014  0.00013231
 -0.00443226]",25,
230,25,1,2,0.020747355899434865,,,"[-0.00040811  0.0211677   0.03898234 -0.00230795 -0.01356793 -0.00705607
 -0.01171458  0.00290926 -0.01840354  0.01154137 -0.00989762  0.01426965
  0.01176274  0.00334478 -0.01911485 -0.00778842  0.00360189 -0.01686725
  0.00492685 -0.00446407  0.00418383  0.00492944 -0.0023887   0.00011745
 -0.0045265 ]",25,
250,25,1,2,0.02068323331700981,,,"[ 0.00026192  0.0217226   0.03917266 -0.00252509 -0.01465908 -0.00759179
 -0.01121251  0.00139676 -0.0188014   0.010783   -0.01016966  0.01378873
  0.01151272  0.00370121 -0.01816771 -0.00760691  0.00373633 -0.01887807
  0.00571449 -0.00434392  0.00498078  0.00409475 -0.00355856 -0.00030644
 -0.0056714 ]",25,
270,25,1,2,0.020586932952415395,,,"[-0.00041424  0.02125325  0.03914029 -0.00174313 -0.01513396 -0.00765901
 -0.01259017  0.00163634 -0.01917508  0.01041255 -0.00856468  0.01308103
  0.01031268  0.00439726 -0.01616257 -0.00760141  0.00327533 -0.01809825
  0.00385599 -0.00435511  0.00428964  0.00251738 -0.00367411 -0.00094322
 -0.00588555]",25,
290,25,1,2,0.020306483621229176,,,"[-0.00130131  0.02216688  0.03852661 -0.00168865 -0.01467066 -0.00827067
 -0.01094928  0.00129418 -0.02096548  0.01040791 -0.00966323  0.01306378
  0.00981855  0.00555396 -0.01861831 -0.00776896  0.00184861 -0.01864237
  0.00550301 -0.00364202  0.00578023  0.00272519 -0.00418405 -0.00206046
 -0.00672786]",25,
310,25,1,2,0.01986985291746862,,,"[ 0.00028309  0.02160735  0.0372757  -0.00115527 -0.01363223 -0.00753931
 -0.0105553   0.00046002 -0.02072713  0.00953321 -0.00907331  0.01282834
  0.00800416  0.00611412 -0.01884494 -0.00828261  0.00214239 -0.01756233
  0.00453335 -0.00287918  0.00380529  0.0036287  -0.00423816 -0.00259706
 -0.00699396]",25,
330,25,1,2,0.019677109398392643,,,"[ 0.00093368  0.02162364  0.03664824 -0.0003599  -0.01376837 -0.00776322
 -0.01107477  0.00019863 -0.02004315  0.00983342 -0.00801988  0.0134188
  0.00781953  0.00575778 -0.0190453  -0.00800885  0.00213453 -0.01636369
  0.005005   -0.00293164  0.00305976  0.00426734 -0.003372   -0.00299316
 -0.00608816]",25,
350,25,1,2,0.019723312580775882,,,"[ 0.00059624  0.02164309  0.03642493 -0.00140872 -0.0138612  -0.00697475
 -0.01122362 -0.00066317 -0.02010505  0.01058234 -0.00753848  0.01300224
  0.00777585  0.00516684 -0.01824908 -0.00773836  0.0017919  -0.01627701
  0.00530717 -0.00277843  0.00266049  0.00393804 -0.00417707 -0.00284645
 -0.00615878]",25,
370,25,1,2,0.019568777412912935,,,"[ 0.00102813  0.02218646  0.03615505 -0.00091361 -0.01301138 -0.0075772
 -0.01037989 -0.00040688 -0.02049795  0.01063281 -0.00832544  0.01297779
  0.00657407  0.00513771 -0.01918056 -0.00745098  0.00293397 -0.01641826
  0.00573143 -0.00258192  0.00323445  0.00459229 -0.00508317 -0.00310285
 -0.0059871 ]",25,
390,25,1,2,0.019603570493706,,,"[ 0.00156095  0.02171041  0.03639247 -0.00074733 -0.0138666  -0.00713912
 -0.01113775 -0.00039565 -0.02042799  0.01023842 -0.00878266  0.01289312
  0.006035    0.00464731 -0.01925412 -0.00738286  0.00279885 -0.01687582
  0.00556991 -0.00272794  0.00292624  0.00497473 -0.00650028 -0.00292349
 -0.00518913]",25,
410,25,1,2,0.019691787695720678,,,"[ 0.00143951  0.02197341  0.03627402 -0.00020346 -0.0136661  -0.00729491
 -0.01083149 -0.00054747 -0.02085519  0.01007117 -0.00893918  0.0128029
  0.00642955  0.0048091  -0.01934603 -0.00742484  0.00250836 -0.01721017
  0.00560663 -0.00245439  0.00276302  0.00454041 -0.00618591 -0.00253063
 -0.00544797]",25,
10,25,1,3,0.026688486141276824,,,"[ 4.33176485e-03  1.77728427e-02  5.21883059e-04  1.17478615e-03
 -7.28441092e-03 -5.06007313e-03 -1.47863923e-02  2.09313108e-04
 -1.05648364e-02  7.39657168e-03 -1.95064316e-02  8.37448300e-03
  1.18226010e-02  8.58141896e-05  6.95102984e-03  5.49329745e-04
  5.06954611e-03 -8.33224121e-03  1.28832979e-02 -3.47556469e-03
 -2.44190825e-03 -2.59181831e-03  6.67988921e-04 -8.10489107e-03
 -6.33199443e-03]",25,
30,25,1,3,0.03880509704338408,,,"[ 1.34177547e-02  2.09035046e-02  1.65671815e-02 -1.39208843e-02
  1.48630142e-02  3.48171194e-02 -2.01866491e-02  1.85436343e-03
 -2.70208083e-02  4.58555840e-02 -1.85998816e-02  1.97791522e-02
  4.13435686e-03  1.33256668e-03 -5.07855379e-03 -9.66291452e-03
 -8.01695794e-03 -1.85292003e-02 -7.20367840e-05 -2.19327894e-02
  3.19302224e-03  5.38572864e-04 -1.14325421e-03 -1.43629753e-02
  1.34145530e-02]",25,
50,25,1,3,0.0240031464135393,,,"[-0.00481709  0.02448323  0.03134076 -0.00056882 -0.00524104  0.00828799
 -0.01617973  0.00141724 -0.020502    0.0116428  -0.00659397  0.01873403
 -0.00287333 -0.0011286  -0.0234055  -0.00073189 -0.00716779 -0.01559372
  0.00915222 -0.01699338  0.00691328  0.01055259 -0.00506482 -0.01149254
  0.0058834 ]",25,
70,25,1,3,0.021162789588770464,,,"[-0.00442909  0.02011307  0.03726318 -0.00566945 -0.00164649 -0.00569179
 -0.0180686   0.00265428 -0.02009539  0.00819989 -0.00703485  0.01771394
 -0.00422396  0.00284425 -0.01937301 -0.00116222  0.00216314 -0.00674825
  0.00822242 -0.00704373  0.01252765  0.00459422  0.00042129 -0.00756027
  0.00094278]",25,
90,25,1,3,0.020401545363020544,,,"[-0.00526175  0.02149467  0.04316694  0.0009839  -0.00368558 -0.00806041
 -0.01513996  0.00454868 -0.01660245  0.00719463 -0.01120369  0.01371561
 -0.00308054  0.00571274 -0.02405977 -0.00618679 -0.00315185 -0.01288464
  0.01096925 -0.0071758   0.00821539  0.00220006  0.00246889 -0.00925563
 -0.0001951 ]",25,
110,25,1,3,0.019705960440404055,,,"[-0.00240284  0.02314711  0.04228387  0.00066718 -0.00340467 -0.00669044
 -0.01409245  0.00204352 -0.01292885  0.00767729 -0.0090431   0.01256179
  0.00060022  0.00373478 -0.02324406 -0.00464145 -0.00100582 -0.01439042
  0.0089474  -0.00652353  0.00686089  0.00510939 -0.00103808 -0.00652657
 -0.00340505]",25,
130,25,1,3,0.020428452386177583,,,"[-0.00376775  0.01920002  0.04146774  0.00021176 -0.00413702 -0.00878027
 -0.01103748 -0.00256757 -0.01362908  0.00958957 -0.00766141  0.01185704
  0.00668285  0.00302524 -0.01890841 -0.00714497 -0.00082613 -0.0155087
  0.00979904 -0.00634011  0.00465643  0.00523194 -0.00076645 -0.0011453
  0.00103656]",25,
150,25,1,3,0.02059823768435592,,,"[-0.00567937  0.01908271  0.04077918  0.0001061  -0.00886839 -0.00922693
 -0.01394484 -0.00345998 -0.01575175  0.00979201 -0.01013755  0.01680887
  0.0074627   0.00287464 -0.01966723 -0.00610731 -0.00033985 -0.01639765
  0.00632883 -0.00341961  0.00414909  0.00707922 -0.00463224 -0.00409007
 -0.00015349]",25,
170,25,1,3,0.020242993098592024,,,"[-5.47746542e-03  2.10239629e-02  4.08685446e-02 -2.49085591e-04
 -8.30342400e-03 -1.03027781e-02 -1.31021622e-02 -2.84580745e-03
 -1.66576907e-02  8.28362759e-03 -1.06659973e-02  1.67916618e-02
  6.87056369e-03  3.12664682e-03 -2.10242161e-02 -7.40508416e-03
 -4.58318159e-05 -1.85434165e-02  8.11467994e-03 -3.26481165e-03
  5.24353194e-03  5.93651451e-03 -6.50421057e-03 -3.48528737e-03
 -1.42056044e-03]",25,
190,25,1,3,0.020363428100650366,,,"[-0.00619652  0.02092073  0.04296219 -0.00049898 -0.00936323 -0.01183516
 -0.01298478 -0.00451848 -0.01741338  0.01016765 -0.01037446  0.01723118
  0.00541041  0.00446932 -0.02028718 -0.00796996  0.00029035 -0.02021758
  0.00828008 -0.00313858  0.00330641  0.00539614 -0.00849747 -0.00491442
 -0.00178935]",25,
210,25,1,3,0.020244334891613674,,,"[-0.00560761  0.01973113  0.04259481 -0.00018169 -0.01096778 -0.0112046
 -0.01432069 -0.00357301 -0.0189801   0.01007213 -0.01312158  0.01736766
  0.0066458   0.00575326 -0.02211236 -0.00908393  0.00220075 -0.01788567
  0.00944406 -0.00356557  0.0035579   0.00665079 -0.00676935 -0.00381415
 -0.00308605]",25,
230,25,1,3,0.020420170255173956,,,"[-0.00480552  0.02101209  0.0429085   0.00101435 -0.01238167 -0.01123208
 -0.0130088  -0.00335664 -0.02045187  0.00991808 -0.0120601   0.01793885
  0.00578894  0.00610115 -0.02126085 -0.00898432  0.00190451 -0.01714417
  0.00904075 -0.00277889  0.00413072  0.00755156 -0.00775619 -0.00264153
 -0.00354533]",25,
250,25,1,3,0.020254370827472598,,,"[-2.52119304e-03  1.98184818e-02  4.17434454e-02 -2.71026218e-05
 -1.13849518e-02 -1.09419740e-02 -1.09589710e-02 -4.56137622e-03
 -1.93113526e-02  9.33855577e-03 -9.28066892e-03  1.66533885e-02
  7.29802138e-03  6.35389473e-03 -2.05264232e-02 -8.34123854e-03
  3.26222988e-03 -1.74982386e-02  7.48804531e-03 -4.35984601e-03
  5.36979550e-03  5.84562687e-03 -7.14524583e-03 -1.71848319e-03
 -5.25583040e-03]",25,
270,25,1,3,0.020088720377020763,,,"[-0.00170949  0.02023978  0.03936454 -0.00052192 -0.01203265 -0.01060037
 -0.01082772 -0.00521646 -0.01843224  0.00942949 -0.0095971   0.01592301
  0.00695263  0.00581012 -0.020057   -0.00789324  0.00309122 -0.01707698
  0.00698806 -0.00177489  0.00593499  0.00499231 -0.00541988 -0.00260551
 -0.00545   ]",25,
290,25,1,3,0.01985410824818814,,,"[-0.00192722  0.02156763  0.03910934 -0.00033872 -0.01083365 -0.0102317
 -0.01166854 -0.00322279 -0.01874704  0.00866353 -0.00949131  0.01455884
  0.00678747  0.00573355 -0.02049985 -0.00762528  0.00258646 -0.0183844
  0.00665254 -0.00220962  0.00568292  0.00402291 -0.00646186 -0.00264766
 -0.00518259]",25,
310,25,1,3,0.019890795891775497,,,"[-0.00164954  0.02072191  0.03860437 -0.00019524 -0.01127112 -0.00999603
 -0.0111189  -0.00267467 -0.0200458   0.00863992 -0.01002139  0.01356865
  0.0063447   0.00620999 -0.02069887 -0.00768724  0.00216823 -0.01872565
  0.00644788 -0.001425    0.00420432  0.00414272 -0.00636467 -0.00246452
 -0.00526393]",25,
330,25,1,3,0.01983040427379933,,,"[-0.00049985  0.02049617  0.03789636 -0.0005259  -0.01245157 -0.01055866
 -0.01013341 -0.00225481 -0.02158127  0.00985333 -0.00897135  0.01398615
  0.00570296  0.00543087 -0.01968039 -0.00762289  0.00278127 -0.01805672
  0.0069633  -0.00165676  0.00412586  0.00446486 -0.00619453 -0.00207748
 -0.00446655]",25,
350,25,1,3,0.019610140117377453,,,"[ 0.00023932  0.02051815  0.03656239 -0.00076055 -0.0128913  -0.00957554
 -0.01006235 -0.00123052 -0.0215608   0.00979363 -0.00949136  0.0137177
  0.00552398  0.00531734 -0.01969076 -0.00677039  0.00251865 -0.01715622
  0.00685987 -0.00100678  0.00334606  0.0040797  -0.00626125 -0.00319371
 -0.00416539]",25,
370,25,1,3,0.01962792968925328,,,"[ 0.00106596  0.02113997  0.03718173 -0.0005401  -0.01401057 -0.00847203
 -0.01125538 -0.00065081 -0.02047951  0.01016596 -0.00946553  0.01298997
  0.00519965  0.00452539 -0.02003579 -0.00730317  0.00201578 -0.01775435
  0.00613326 -0.00169448  0.00327897  0.00422633 -0.0068557  -0.0030149
 -0.00430216]",25,
390,25,1,3,0.019703005912276694,,,"[ 0.00090283  0.02210738  0.03713037 -0.00024064 -0.01414901 -0.00815133
 -0.01098808 -0.00094158 -0.02083509  0.01016196 -0.00960493  0.01292692
  0.00545613  0.00474239 -0.01990137 -0.00672574  0.00213052 -0.01762271
  0.00583385 -0.00190521  0.00311446  0.00409224 -0.00665209 -0.00311753
 -0.00483277]",25,
410,25,1,3,0.019691787695720678,,,"[ 0.00143951  0.02197341  0.03627402 -0.00020346 -0.0136661  -0.00729491
 -0.01083149 -0.00054747 -0.02085519  0.01007117 -0.00893918  0.0128029
  0.00642955  0.0048091  -0.01934603 -0.00742484  0.00250836 -0.01721017
  0.00560663 -0.00245439  0.00276302  0.00454041 -0.00618591 -0.00253063
 -0.00544797]",25,
10,25,1,4,0.03303236529177866,,,"[ 0.00976969 -0.0053299   0.00521593  0.00107504 -0.0059033  -0.00695065
 -0.00726369 -0.00860142 -0.00409917  0.00557059  0.00239591  0.00423104
 -0.00486439 -0.00175323 -0.00883368 -0.00046274  0.0003321   0.00642439
 -0.00507739 -0.00223819  0.00428255  0.00630529  0.00110711  0.00602316
 -0.00474454]",25,
30,25,1,4,0.035155050400304616,,,"[-0.00729795  0.0115206   0.05417431  0.00497147 -0.00195961 -0.00796863
 -0.02541576  0.0033452  -0.01288584  0.03712151 -0.02886761  0.02417659
 -0.01291665 -0.01062469 -0.01124771 -0.01209035 -0.0098426  -0.00316661
  0.03929331 -0.01472708  0.00810262  0.01694111 -0.0053791  -0.02022042
 -0.01438186]",25,
50,25,1,4,0.02556611310987705,,,"[ 0.01858615  0.00604525  0.03030393  0.00014559 -0.00427195 -0.00989169
 -0.01366618 -0.01024117 -0.02340588  0.02360437 -0.01900191  0.02757
  0.00703777 -0.00475879 -0.02394122 -0.01712095 -0.00490534 -0.01648303
  0.0163302  -0.00844119  0.0041845   0.00817108  0.00205405 -0.00182863
 -0.00586922]",25,
70,25,1,4,0.02209707466201621,,,"[ 0.01461144  0.01853062  0.0294979  -0.00271419 -0.01199305 -0.01551043
 -0.00855922 -0.00485073 -0.02423107  0.01731408 -0.01094641  0.02567749
  0.00751841 -0.00429647 -0.0216083  -0.01468109  0.00074366 -0.0085016
  0.01393209 -0.00468991  0.00276667  0.0095859  -0.00172835 -0.0010254
 -0.0044291 ]",25,
90,25,1,4,0.021366981914458735,,,"[ 0.01471498  0.01502328  0.03235203 -0.00431857 -0.01202562 -0.01408466
 -0.00620064 -0.0027636  -0.02238181  0.01848302 -0.01084069  0.02071819
  0.00556917  0.00051821 -0.0176165  -0.01014552  0.00273525 -0.01349047
  0.01482667 -0.00190219  0.00570742  0.00408073 -0.00450188  0.00019568
  0.0009249 ]",25,
110,25,1,4,0.02150480529637548,,,"[ 0.01250506  0.01644291  0.03372622 -0.00162849 -0.01649716 -0.01579488
 -0.00837526 -0.00427035 -0.02442995  0.0225897  -0.00843893  0.01931536
  0.00380597  0.0043401  -0.01728675 -0.00546997  0.00262551 -0.01327308
  0.01714414 -0.00089661  0.00252319  0.00600092 -0.00694424 -0.00124465
 -0.00314926]",25,
130,25,1,4,0.02159282358167559,,,"[ 0.00571395  0.02177379  0.03600686 -0.00476265 -0.0125053  -0.01462419
 -0.00795274 -0.00631476 -0.02807196  0.01753144 -0.00862103  0.01574807
  0.00419406  0.00642402 -0.01656707 -0.00238371  0.00206612 -0.0174486
  0.01447024 -0.00285829 -0.00062744  0.00675923 -0.0082713  -0.00180848
 -0.00485226]",25,
150,25,1,4,0.02157907326402494,,,"[ 0.00773854  0.02204658  0.03705338 -0.00434792 -0.01183495 -0.01471909
 -0.00897934 -0.0054847  -0.02806697  0.01575258 -0.00797521  0.01509827
  0.00539569  0.0052985  -0.01660957 -0.00141297  0.00147013 -0.01813736
  0.01282455 -0.001213   -0.0011026   0.00859681 -0.00863176 -0.00034932
 -0.00451078]",25,
170,25,1,4,0.02088393670501034,,,"[ 0.00524559  0.02271909  0.0372526  -0.00373549 -0.01154105 -0.01467506
 -0.00897409 -0.00452205 -0.0276219   0.01423678 -0.00871987  0.01360469
  0.00269573  0.00665914 -0.01949294 -0.0023984   0.00226899 -0.01676689
  0.01082103 -0.00180914  0.0023368   0.00599992 -0.00800467 -0.00162643
 -0.00455772]",25,
190,25,1,4,0.0206712283023586,,,"[ 0.00254984  0.02271305  0.03717144 -0.00431366 -0.01094633 -0.01455109
 -0.01084288 -0.00463164 -0.02731878  0.01376645 -0.00724842  0.01233283
  0.00305288  0.00514341 -0.02005055 -0.00247449  0.0007862  -0.01731231
  0.00995226 -0.00077697  0.00158798  0.007068   -0.00655053 -0.00484062
 -0.00423023]",25,
210,25,1,4,0.020398223538501837,,,"[ 0.00269986  0.02243583  0.03797733 -0.00327477 -0.01307664 -0.01289554
 -0.00949373 -0.00303271 -0.02638995  0.01170025 -0.00779971  0.01313825
  0.00509335  0.00386216 -0.01902533 -0.00421513  0.00322724 -0.0161879
  0.0078283   0.0003278  -0.00059341  0.00692025 -0.00566925 -0.00448497
 -0.00445959]",25,
230,25,1,4,0.020358802747726373,,,"[ 0.00339673  0.02094733  0.03890119 -0.00180088 -0.01398137 -0.01150766
 -0.01040551 -0.00176313 -0.02448375  0.01161344 -0.00757111  0.01406127
  0.00587899  0.00314725 -0.0193319  -0.00298627  0.00384985 -0.0165052
  0.0065218   0.00081858 -0.00227473  0.00653964 -0.00629883 -0.00347277
 -0.00622742]",25,
250,25,1,4,0.02033566621985585,,,"[ 0.00172107  0.02025089  0.03754264 -0.00143406 -0.01443191 -0.01118922
 -0.01001453 -0.00194522 -0.02424445  0.01283558 -0.00789461  0.01504284
  0.00554631  0.00261588 -0.01980178 -0.00522406  0.00561095 -0.01612532
  0.00690209 -0.00039768 -0.0032018   0.00688591 -0.0057485  -0.00244446
 -0.0060332 ]",25,
270,25,1,4,0.020155693363743694,,,"[ 0.00231059  0.02078029  0.03768644 -0.00105512 -0.01466814 -0.01058793
 -0.00965675 -0.00173427 -0.02315703  0.01295354 -0.00783783  0.01499361
  0.00520982  0.00259175 -0.01891178 -0.00699007  0.00537796 -0.01677746
  0.00669202 -0.00121112 -0.00161601  0.00704501 -0.00603917 -0.00226759
 -0.00582123]",25,
290,25,1,4,0.020007630182365687,,,"[ 3.07565617e-03  2.06989876e-02  3.76029811e-02 -4.63032430e-04
 -1.49097435e-02 -1.00198731e-02 -1.10066911e-02 -1.69581230e-03
 -2.24800639e-02  1.21795082e-02 -7.83125917e-03  1.42976723e-02
  5.06761072e-03  4.45952197e-03 -1.88201829e-02 -6.99264798e-03
  4.81756049e-03 -1.76258432e-02  5.83948221e-03 -2.90756684e-03
  1.18118751e-05  6.27464733e-03 -6.42719013e-03 -1.52265229e-03
 -6.55563194e-03]",25,
310,25,1,4,0.019962895488058054,,,"[ 0.00132973  0.02119266  0.03679565 -0.00067868 -0.01521839 -0.00951183
 -0.01167271 -0.00265508 -0.02199435  0.01199254 -0.00850256  0.01329489
  0.00559714  0.00396189 -0.01983302 -0.00811433  0.00575199 -0.01811847
  0.00638232 -0.00199585  0.00073514  0.00590795 -0.00768691 -0.00108739
 -0.00590116]",25,
330,25,1,4,0.020022415405984473,,,"[ 0.00084152  0.02157322  0.03681618 -0.00087782 -0.01530527 -0.00962063
 -0.01130621 -0.00232834 -0.02144439  0.011757   -0.00803551  0.0141048
  0.00620903  0.00390721 -0.02002291 -0.00854584  0.00457617 -0.01855725
  0.0056698  -0.00206374  0.00136599  0.00605875 -0.00705834 -0.00101209
 -0.00585207]",25,
350,25,1,4,0.019627259717144626,,,"[ 0.00033629  0.02129131  0.03564411 -0.00089658 -0.01498472 -0.00968988
 -0.01138227 -0.00158886 -0.02034541  0.01068855 -0.00816181  0.01291721
  0.00655022  0.00430752 -0.01986501 -0.00834396  0.00434943 -0.0174255
  0.00568386 -0.00179686  0.00110715  0.00568295 -0.00644668 -0.00227905
 -0.00616634]",25,
370,25,1,4,0.019718621093513206,,,"[ 0.0007141   0.02237914  0.03596511 -0.00036216 -0.01467975 -0.00934156
 -0.01017085 -0.00084624 -0.02068315  0.01018226 -0.00869172  0.01355648
  0.00600121  0.00473689 -0.02001405 -0.00740826  0.00360889 -0.01759853
  0.00510931 -0.00155063  0.00171424  0.00478741 -0.00667756 -0.00176089
 -0.00605688]",25,
390,25,1,4,0.019750165321496524,,,"[ 0.00154177  0.02226491  0.03622137 -0.00065137 -0.01351428 -0.00772371
 -0.01025773 -0.00093675 -0.02064714  0.0103238  -0.00910124  0.01280445
  0.00667884  0.00528747 -0.01945472 -0.00726249  0.00246553 -0.01710285
  0.00499199 -0.00175032  0.00211939  0.00472784 -0.00613022 -0.00231435
 -0.00556289]",25,
410,25,1,4,0.019691787695720678,,,"[ 0.00143951  0.02197341  0.03627402 -0.00020346 -0.0136661  -0.00729491
 -0.01083149 -0.00054747 -0.02085519  0.01007117 -0.00893918  0.0128029
  0.00642955  0.0048091  -0.01934603 -0.00742484  0.00250836 -0.01721017
  0.00560663 -0.00245439  0.00276302  0.00454041 -0.00618591 -0.00253063
 -0.00544797]",25,
10,25,1,5,0.03468138837098138,,,"[-0.01416884 -0.00682518  0.0128866  -0.00266733 -0.02044262  0.00937381
 -0.00763512 -0.03267079 -0.01497773  0.0019832  -0.01162021  0.0209432
 -0.00887065  0.01285574 -0.01699483 -0.00048889 -0.01354946 -0.00663116
 -0.00539562  0.00806072  0.00947125 -0.01428184 -0.01361768  0.00555825
  0.00408134]",25,
30,25,1,5,0.05063501700976758,,,"[ 0.03855533  0.04999737  0.03003398 -0.01270208 -0.01753228 -0.00871722
 -0.02475987 -0.03487165 -0.01237214  0.0055681  -0.02183514  0.04540568
  0.0199258  -0.02015707 -0.00863992 -0.02396403 -0.01282946 -0.02790326
  0.02698352  0.02106446  0.00840476  0.04827669 -0.02024552  0.04435739
 -0.00166471]",25,
50,25,1,5,0.02570377261535384,,,"[ 0.01046599  0.02182202  0.03363414 -0.01676406 -0.01834113 -0.01415705
 -0.00782836 -0.0010468  -0.0357828   0.006869   -0.01485524  0.02889592
  0.00910973  0.00408676 -0.01088923 -0.00722995  0.00582436 -0.01954909
  0.01062603 -0.00537722  0.01196731  0.00492618 -0.00737003  0.00668467
 -0.00367869]",25,
70,25,1,5,0.024644042202592687,,,"[ 1.16481892e-02  2.40132506e-02  3.65542849e-02 -6.50892693e-03
 -1.51270029e-02 -9.01283849e-03 -1.10409228e-02 -7.17097187e-05
 -3.35162252e-02  5.33949066e-03 -1.84093254e-02  3.09182538e-02
  9.66047036e-03  3.56489826e-03 -9.91320980e-03 -4.71815928e-03
  5.13587459e-04 -1.25835112e-02  4.08717631e-03 -4.27191518e-03
  9.46711036e-03  8.09100173e-04 -7.73071855e-03 -4.99036185e-04
 -5.30429771e-03]",25,
90,25,1,5,0.02314004377337483,,,"[ 0.01238648  0.02111375  0.03185785 -0.00783237 -0.00927852 -0.00534868
 -0.01057057  0.00251086 -0.03254703  0.00647567 -0.01740814  0.02352775
  0.00712579  0.00336873 -0.01136312 -0.00269687  0.00492102 -0.01458734
 -0.00041654 -0.00063646  0.00657598 -0.0007215  -0.00663906 -0.00110138
 -0.00595218]",25,
110,25,1,5,0.022630952361970456,,,"[ 1.00219263e-02  2.20833835e-02  3.15594463e-02 -5.36386095e-03
 -7.67591001e-03 -9.88654933e-03 -9.08641616e-03 -4.94966494e-05
 -2.65074131e-02  6.16041031e-03 -1.98204497e-02  2.00493175e-02
  4.60340206e-03  1.52240424e-04 -1.15172854e-02 -3.35815978e-03
  5.35515934e-03 -1.56046856e-02 -2.44759850e-03 -1.55600074e-03
  7.46362983e-03  2.07313021e-03 -7.83158799e-03 -7.93629081e-04
 -7.30953741e-03]",25,
130,25,1,5,0.021012173623481088,,,"[ 0.00582091  0.02346117  0.03033192 -0.0041775  -0.00848608 -0.00921687
 -0.01050792  0.00121923 -0.02611175  0.00754223 -0.0153543   0.01668046
  0.0060673   0.00320122 -0.01329705 -0.00591525  0.00570525 -0.01413483
  0.00027073 -0.00405448  0.00331712  0.00279017 -0.00677546 -0.00234887
 -0.00428283]",25,
150,25,1,5,0.020764258116067254,,,"[ 0.0036735   0.02446152  0.03130016 -0.00112804 -0.00862506 -0.00789248
 -0.0096552   0.00112113 -0.02501168  0.00911297 -0.01435063  0.01589843
  0.00622066  0.00376808 -0.01345551 -0.00652301  0.00580379 -0.01543153
  0.00239876 -0.0034193   0.0021392   0.00199518 -0.00814616 -0.00159399
 -0.00508334]",25,
170,25,1,5,0.020378935195280973,,,"[ 0.00310278  0.0219393   0.03195619 -0.00349434 -0.01058215 -0.00661251
 -0.00892988  0.00138439 -0.0225115   0.01154268 -0.01220258  0.01377604
  0.00616016  0.00455902 -0.01397056 -0.00491717  0.00436666 -0.0149461
  0.00579925 -0.00389062  0.00211761  0.0047826  -0.00740086 -0.00106299
 -0.00374523]",25,
190,25,1,5,0.020158903246697266,,,"[ 0.00256082  0.0213225   0.03465822 -0.00486995 -0.01515325 -0.00628939
 -0.00788355  0.0030093  -0.02425585  0.01145866 -0.01245706  0.01342601
  0.00307375  0.00427645 -0.0166944  -0.00555192  0.00289248 -0.0187591
  0.00510406 -0.0047763   0.00096262  0.00551205 -0.01026776 -0.00293054
 -0.00244837]",25,
210,25,1,5,0.020062088701952804,,,"[ 0.00313447  0.02275982  0.03408296 -0.00439761 -0.01573563 -0.0059891
 -0.00741336  0.00267508 -0.02246463  0.01205072 -0.01371233  0.01361689
  0.00382835  0.00372025 -0.01662334 -0.00674057  0.00361493 -0.01809927
  0.00528528 -0.00456662  0.0005022   0.00537638 -0.00957835 -0.00242417
 -0.00245687]",25,
230,25,1,5,0.0200807861073946,,,"[ 0.00301663  0.02219439  0.03454158 -0.00234885 -0.01597328 -0.00551624
 -0.00761252  0.00243096 -0.02268379  0.0123308  -0.01204969  0.01276457
  0.00343523  0.0037502  -0.01797868 -0.00548466  0.00382455 -0.01954757
  0.00621217 -0.00570418  0.00129129  0.0060726  -0.00875272 -0.00253517
 -0.00227708]",25,
250,25,1,5,0.019851455442394014,,,"[ 0.00306689  0.02313902  0.03340956 -0.00273905 -0.01518429 -0.00717447
 -0.00765057  0.00149871 -0.02138255  0.01106278 -0.01115543  0.01282986
  0.00530009  0.00273944 -0.01876326 -0.00527317  0.00400302 -0.01887375
  0.00733907 -0.00364638  0.00150266  0.00683641 -0.00754052 -0.00272748
 -0.0036187 ]",25,
270,25,1,5,0.02010451463336267,,,"[ 2.13113281e-03  2.30606933e-02  3.38301632e-02 -6.76665198e-04
 -1.64339681e-02 -8.37993762e-03 -6.04179006e-03  3.11521975e-05
 -2.08408864e-02  1.17635392e-02 -1.01027348e-02  1.35340745e-02
  4.92296829e-03  2.90669043e-03 -1.84214057e-02 -5.42215731e-03
  3.96863918e-03 -1.92253127e-02  8.69999074e-03 -3.60312573e-03
  2.02371212e-03  7.53785086e-03 -7.81415519e-03 -1.83176346e-03
 -5.47748228e-03]",25,
290,25,1,5,0.020108429281161192,,,"[ 0.00262371  0.02252689  0.03426258 -0.00079703 -0.01563959 -0.00693736
 -0.00699358 -0.00140618 -0.02121905  0.01206413 -0.00932963  0.01275145
  0.00388069  0.00429241 -0.018332   -0.00483194  0.00324961 -0.01849862
  0.0072482  -0.00271039  0.00103224  0.00775939 -0.00935056 -0.00070221
 -0.00388985]",25,
310,25,1,5,0.0202840713729546,,,"[ 0.00335426  0.02232334  0.03566706 -0.00191856 -0.01510665 -0.00720193
 -0.00760349 -0.00189485 -0.02288518  0.01179656 -0.00880077  0.01283503
  0.00508131  0.00317652 -0.01812039 -0.00542213  0.0035225  -0.01807469
  0.00740293 -0.00369731  0.00150192  0.00802812 -0.0086413  -0.00117106
 -0.00395711]",25,
330,25,1,5,0.020076676517367675,,,"[ 0.00337213  0.02252573  0.03506144 -0.00079745 -0.0144116  -0.00661842
 -0.00749676 -0.00101863 -0.02174482  0.01108983 -0.00957876  0.01156153
  0.00521131  0.0032752  -0.01900485 -0.00563956  0.00291741 -0.01754987
  0.00755869 -0.00333065  0.00191853  0.00732221 -0.00767634 -0.00086447
 -0.00492733]",25,
350,25,1,5,0.019953619907473696,,,"[ 0.00379505  0.02204837  0.0353497  -0.00070665 -0.01343355 -0.00745626
 -0.00838262 -0.00096913 -0.02179594  0.01096392 -0.00873391  0.01235505
  0.00530335  0.00390246 -0.01802516 -0.00624694  0.00390585 -0.01782212
  0.00823637 -0.00272745  0.00191013  0.00744409 -0.00729553 -0.0008427
 -0.00502326]",25,
370,25,1,5,0.019981631336486318,,,"[ 0.00317076  0.02197975  0.03571041 -0.00116657 -0.01315148 -0.00750903
 -0.00978241 -0.00136635 -0.02111806  0.0100577  -0.00881455  0.01239801
  0.00577857  0.00332631 -0.01768324 -0.00678889  0.0032894  -0.01798419
  0.0074478  -0.00301742  0.00215544  0.006821   -0.00725205 -0.00073901
 -0.00524764]",25,
390,25,1,5,0.019870016085274073,,,"[ 0.00307138  0.02302004  0.03582914 -0.00043992 -0.01350615 -0.00758393
 -0.01108636 -0.00093253 -0.02065859  0.0099785  -0.00957128  0.01185393
  0.00618193  0.00427469 -0.0186082  -0.00756984  0.0026207  -0.01878858
  0.00663066 -0.00325619  0.00250924  0.00532335 -0.00670573 -0.00164347
 -0.00551688]",25,
410,25,1,5,0.019691787695720678,,,"[ 0.00143951  0.02197341  0.03627402 -0.00020346 -0.0136661  -0.00729491
 -0.01083149 -0.00054747 -0.02085519  0.01007117 -0.00893918  0.0128029
  0.00642955  0.0048091  -0.01934603 -0.00742484  0.00250836 -0.01721017
  0.00560663 -0.00245439  0.00276302  0.00454041 -0.00618591 -0.00253063
 -0.00544797]",25,
