sample_size,n,k,repeat,mae,alphas,coef_path,coefficients,non_zero_coef,num_iter
5,10,1,1,0.04179738762731404,,,"[ 2.46576061e-02  1.69870580e-04  1.23562445e-02 -1.85646478e-02
 -1.83947772e-02  6.06574548e-03 -6.26282888e-03  1.97083401e-04
 -2.72128213e-05 -6.03853266e-03]",10,
15,10,1,1,0.03953613143473831,,,"[ 0.02881664 -0.02286665  0.01821827 -0.02711783  0.00165011  0.0068464
  0.00689365  0.01219082 -0.00527641 -0.01547326]",10,
25,10,1,1,0.0347962598684029,,,"[ 0.03203107 -0.02071187  0.00528253 -0.02654759 -0.00351361  0.01196227
  0.01134987  0.00371709 -0.01469021 -0.00624009]",10,
35,10,1,1,0.031477113662338636,,,"[ 0.03236654 -0.01655092  0.00034349 -0.02567808 -0.00932614  0.01648328
  0.01528012  0.00218719 -0.01100873 -0.00598296]",10,
45,10,1,1,0.029629599567971922,,,"[ 0.02819608 -0.01900341  0.00277661 -0.02263964 -0.01143222  0.01425569
  0.01205382  0.0012686  -0.00408202 -0.00938023]",10,
55,10,1,1,0.02760720985389014,,,"[ 0.02610255 -0.02041346  0.00358897 -0.0184925  -0.01140329  0.01345533
  0.01173416  0.00095999  0.00176762 -0.00670182]",10,
65,10,1,1,0.027178288735876778,,,"[ 0.0287089  -0.02093903  0.00520153 -0.0171652  -0.01126713  0.01373041
  0.01479086 -0.00163089  0.00146998 -0.00689624]",10,
75,10,1,1,0.02675560112905771,,,"[ 0.02784696 -0.02023036  0.0033914  -0.01629749 -0.01131572  0.01673768
  0.01338906  0.00105036  0.00329269 -0.00565773]",10,
85,10,1,1,0.026827836986747115,,,"[ 0.02791767 -0.01980741  0.00307059 -0.01496204 -0.0112957   0.01538415
  0.01480986  0.00143573  0.0020514  -0.00575248]",10,
95,10,1,1,0.026943261780998568,,,"[ 0.02665572 -0.0205332   0.00463613 -0.01560347 -0.01074565  0.01558
  0.01396946  0.00320556  0.00234492 -0.00716444]",10,
105,10,1,1,0.027125199760619695,,,"[ 0.02648593 -0.02147986  0.0058381  -0.01573555 -0.0110419   0.01525503
  0.01455086  0.00431579  0.00299471 -0.00977352]",10,
115,10,1,1,0.02674675677891855,,,"[ 0.02823085 -0.02022334  0.00454726 -0.01498776 -0.0105992   0.01374097
  0.01578909  0.00343629  0.00460815 -0.00774791]",10,
125,10,1,1,0.026686167264095388,,,"[ 0.02841937 -0.02072681  0.00374734 -0.01269191 -0.009887    0.01292986
  0.01715754  0.00388003  0.00581265 -0.00612187]",10,
135,10,1,1,0.026880071152902474,,,"[ 0.02801941 -0.02151251  0.0033091  -0.01230234 -0.00944075  0.01324317
  0.01663944  0.00447579  0.00760812 -0.00525249]",10,
145,10,1,1,0.026673688292340215,,,"[ 0.02791514 -0.02151925  0.00322999 -0.01125597 -0.01061831  0.01411741
  0.01876547  0.00313644  0.00774535 -0.00457578]",10,
155,10,1,1,0.02652510647707345,,,"[ 0.0278747  -0.02151085  0.00372982 -0.01114516 -0.01024381  0.01431558
  0.01897763  0.0025967   0.0084572  -0.00437149]",10,
165,10,1,1,0.026549102898162005,,,"[ 0.02886066 -0.02027579  0.00334147 -0.01070359 -0.00956802  0.01566157
  0.01940745  0.00326457  0.00927187 -0.0051676 ]",10,
175,10,1,1,0.02662958165468126,,,"[ 0.02888663 -0.01974366  0.00232369 -0.01141989 -0.00896511  0.01654515
  0.01849048  0.00352765  0.00863386 -0.00429021]",10,
185,10,1,1,0.026434076952644433,,,"[ 0.02894883 -0.01989819  0.00283037 -0.01206149 -0.0087349   0.01710748
  0.01817338  0.0030353   0.00912689 -0.00497057]",10,
195,10,1,1,0.026337488819756914,,,"[ 0.028507   -0.02032008  0.00311752 -0.0116129  -0.00886429  0.01701994
  0.01750986  0.00220548  0.00893741 -0.00423063]",10,
205,10,1,1,0.02649754179582544,,,"[ 0.02937221 -0.02126592  0.00274078 -0.01092311 -0.00799565  0.01668579
  0.01870727  0.0028896   0.00869969 -0.00428111]",10,
5,10,1,2,0.05183709432626131,,,"[ 0.00630358  0.00778615 -0.01981316 -0.00778615 -0.00691172 -0.00630358
  0.02100145  0.01408973  0.00691172  0.00897444]",10,
15,10,1,2,0.05128181296125263,,,"[ 0.00860412 -0.00588911 -0.01779209 -0.00214804 -0.00783722  0.02619847
  0.04211917  0.0168155  -0.00815342  0.00498698]",10,
25,10,1,2,0.049307482005502834,,,"[ 0.02104407 -0.01693995 -0.01384479 -0.0121986  -0.00509334  0.02161732
  0.04843369  0.00256655 -0.00582058  0.01728187]",10,
35,10,1,2,0.03256945681375271,,,"[ 0.0304913  -0.01701852 -0.00406189 -0.01082793 -0.00507466  0.01920594
  0.03067093  0.00443383  0.00747069  0.0033433 ]",10,
45,10,1,2,0.03278253656382162,,,"[ 0.03237206 -0.01660327 -0.00879767 -0.00990609 -0.00399991  0.01071533
  0.0247912   0.00066585  0.00819646  0.00264185]",10,
55,10,1,2,0.03010212694660538,,,"[ 0.03119792 -0.01916532 -0.00421943 -0.00810843 -0.00365886  0.01610651
  0.02566914 -0.00233366  0.01001957  0.00204172]",10,
65,10,1,2,0.029976783985983958,,,"[ 0.02945218 -0.02022002 -0.0019364  -0.00963885 -0.00449003  0.01532528
  0.02830571 -0.00190117  0.01136945  0.00302549]",10,
75,10,1,2,0.029626730187641215,,,"[ 0.03139737 -0.02189312 -0.00055777 -0.01224658 -0.00314961  0.01449393
  0.02781356 -0.00215212  0.01305789  0.00164509]",10,
85,10,1,2,0.02835008857086564,,,"[ 0.03033041 -0.02249734 -0.00082238 -0.01026077 -0.00424283  0.01595479
  0.02527176 -0.00223154  0.01231244 -0.00111376]",10,
95,10,1,2,0.028037827919091,,,"[ 0.03070483 -0.02216252 -0.00178783 -0.01012926 -0.00495452  0.01522194
  0.02464182 -0.0007526   0.01190538 -0.00195699]",10,
105,10,1,2,0.027971389877528167,,,"[ 0.03051239 -0.02203245 -0.00093659 -0.01015633 -0.00514285  0.0159997
  0.02556666  0.00196726  0.01095284 -0.00261184]",10,
115,10,1,2,0.02770261472533946,,,"[ 0.03131372 -0.02129374  0.0003558  -0.0097866  -0.00532938  0.01602269
  0.02454429  0.0029158   0.01053593 -0.00404776]",10,
125,10,1,2,0.027686072558606157,,,"[ 3.15508310e-02 -2.09065192e-02 -5.82873408e-05 -1.00808262e-02
 -6.63607786e-03  1.61762614e-02  2.38475153e-02  3.37011671e-03
  9.16366258e-03 -4.61721081e-03]",10,
135,10,1,2,0.027665530121273037,,,"[ 0.03027618 -0.02082141 -0.00051513 -0.00948751 -0.00647969  0.01692094
  0.02275003  0.003276    0.00735449 -0.00392874]",10,
145,10,1,2,0.02755425244744913,,,"[ 3.19856939e-02 -2.04138727e-02  6.02203190e-05 -1.02246328e-02
 -5.93160154e-03  1.81241051e-02  2.23187908e-02  4.22645432e-03
  7.34100236e-03 -5.58770733e-03]",10,
155,10,1,2,0.02732709931071554,,,"[ 0.03144477 -0.02105966  0.00028117 -0.0099729  -0.00671595  0.01802904
  0.02250537  0.00364658  0.00814894 -0.00529416]",10,
165,10,1,2,0.02734103583857859,,,"[ 0.03107668 -0.02101108  0.00029453 -0.0102164  -0.00659778  0.0166528
  0.02153451  0.00317959  0.00822229 -0.00368113]",10,
175,10,1,2,0.027010625057149015,,,"[ 0.03083286 -0.02146494  0.00079454 -0.00989603 -0.00661861  0.01705825
  0.02101271  0.00291724  0.0086955  -0.00388219]",10,
185,10,1,2,0.02690639391092532,,,"[ 0.03095542 -0.02117311  0.00148833 -0.01061084 -0.00732971  0.01526908
  0.01957383  0.00285463  0.0082153  -0.00389084]",10,
195,10,1,2,0.026870996084353463,,,"[ 0.03030923 -0.0213926   0.00175806 -0.01126862 -0.00735476  0.01595111
  0.0197718   0.00369955  0.00808648 -0.00346882]",10,
205,10,1,2,0.026497541795829988,,,"[ 0.02937221 -0.02126592  0.00274078 -0.01092311 -0.00799565  0.01668579
  0.01870727  0.0028896   0.00869969 -0.00428111]",10,
5,10,1,3,0.046914475496851085,,,"[ 2.74873910e-02 -9.45352717e-03  9.38896338e-03 -6.45637896e-05
 -3.19086509e-03  2.74228272e-02 -3.12630130e-03  6.26266207e-03
 -1.80984276e-02  1.49075626e-02]",10,
15,10,1,3,0.04878452789563312,,,"[ 0.02286848 -0.02603742 -0.00220475 -0.02605005 -0.00624216  0.04553353
  0.02329148 -0.03370002  0.02483008  0.01970798]",10,
25,10,1,3,0.02974391453278372,,,"[ 0.02929048 -0.02501282 -0.00501141 -0.0132551  -0.00202243  0.02830255
  0.01419545 -0.00605126  0.00699092 -0.00025378]",10,
35,10,1,3,0.027075059938912318,,,"[ 0.0288183  -0.02083696 -0.00077945 -0.00856378 -0.00054454  0.02235884
  0.01855    -0.00238274  0.00966892 -0.00582654]",10,
45,10,1,3,0.02798076913106968,,,"[ 0.03004601 -0.02310112 -0.00468856 -0.00970654 -0.00160838  0.02006186
  0.016442    0.00113397  0.00585749 -0.00571864]",10,
55,10,1,3,0.027882629165114282,,,"[ 0.03169414 -0.02260499 -0.00419064 -0.01092294 -0.00218537  0.01687002
  0.01549568  0.00222937  0.00726183 -0.00679077]",10,
65,10,1,3,0.028166509172427256,,,"[ 0.03248135 -0.01913238 -0.00385661 -0.00986734 -0.00399699  0.01390031
  0.01654134  0.00266431  0.0079455  -0.00500114]",10,
75,10,1,3,0.027887063645445097,,,"[ 0.03219249 -0.01961948 -0.00198827 -0.01023195 -0.00619037  0.01209887
  0.01862563  0.00211737  0.00605043 -0.00527635]",10,
85,10,1,3,0.027396719492521128,,,"[ 0.03089516 -0.02093256 -0.00121002 -0.01062412 -0.00639259  0.01256224
  0.01839762  0.00140682  0.00513588 -0.00608415]",10,
95,10,1,3,0.027177225978676348,,,"[ 0.03136821 -0.02123693 -0.00075016 -0.01044699 -0.0065669   0.01359561
  0.01934842  0.00091777  0.00625365 -0.00596293]",10,
105,10,1,3,0.027229699122638066,,,"[ 0.03121056 -0.02049364 -0.00011274 -0.0099165  -0.00670424  0.01291982
  0.01878098  0.00141754  0.00632578 -0.00598714]",10,
115,10,1,3,0.027185222642096392,,,"[ 0.03084681 -0.01922601  0.00085194 -0.00971751 -0.00713812  0.01298653
  0.0192049   0.00183784  0.00634538 -0.00681357]",10,
125,10,1,3,0.02710986329213597,,,"[ 0.03044849 -0.01824748  0.00221619 -0.01036083 -0.00794836  0.01172737
  0.01842308  0.00167133  0.0057824  -0.00595306]",10,
135,10,1,3,0.027223221054525196,,,"[ 0.03110918 -0.01740354  0.00180579 -0.01050446 -0.00693229  0.01334405
  0.01677336  0.00290336  0.00726878 -0.0055405 ]",10,
145,10,1,3,0.027025600202467786,,,"[ 0.02965254 -0.01920845  0.00103316 -0.00926016 -0.00698322  0.01407433
  0.01659448  0.00256543  0.00857085 -0.00489809]",10,
155,10,1,3,0.027117830900070316,,,"[ 0.03014813 -0.01911929  0.00088243 -0.00986462 -0.00691881  0.01470354
  0.01718263  0.00252266  0.00786179 -0.0054061 ]",10,
165,10,1,3,0.026770535496348204,,,"[ 0.02944944 -0.02117988  0.00143491 -0.00977024 -0.00809448  0.0159848
  0.01900485  0.00224263  0.00729188 -0.00525986]",10,
175,10,1,3,0.026715473743892063,,,"[ 0.02960512 -0.02107453  0.00245082 -0.00940663 -0.00845037  0.01558177
  0.01936642  0.00208608  0.00776319 -0.00383627]",10,
185,10,1,3,0.0264682723730175,,,"[ 0.02950934 -0.0210517   0.00335233 -0.01051433 -0.00852896  0.01584482
  0.01935706  0.00184809  0.00831123 -0.00413883]",10,
195,10,1,3,0.026453396045730528,,,"[ 0.02920079 -0.02083658  0.00279403 -0.01065556 -0.00843164  0.01607033
  0.01863244  0.00213531  0.00766831 -0.00452236]",10,
205,10,1,3,0.026497541795829988,,,"[ 0.02937221 -0.02126592  0.00274078 -0.01092311 -0.00799565  0.01668579
  0.01870727  0.0028896   0.00869969 -0.00428111]",10,
5,10,1,4,0.05180072399025505,,,"[ 0.01684315  0.00917788 -0.01915684 -0.00231369  0.00535158  0.01689921
  0.04754762 -0.01689921  0.         -0.00231369]",9,
15,10,1,4,0.03796368453517857,,,"[ 0.01777818 -0.01837339  0.00038403 -0.01566459 -0.00423231  0.01252777
  0.04361545  0.01470487 -0.00023605  0.00779373]",10,
25,10,1,4,0.03197276153703285,,,"[ 0.02225311 -0.01411784 -0.00209093 -0.02416005 -0.00588979  0.00291383
  0.02741722  0.00115987  0.0041583   0.00463104]",10,
35,10,1,4,0.028497903732310873,,,"[ 0.0222867  -0.01451121 -0.00014345 -0.01693118 -0.00305858  0.00809018
  0.02160936 -0.00059949  0.00543838 -0.00683986]",10,
45,10,1,4,0.02822724591538133,,,"[ 0.02444296 -0.01448577 -0.002037   -0.01894785 -0.00578509  0.01444208
  0.02209714  0.00271001  0.00201865 -0.00575097]",10,
55,10,1,4,0.02713221678714433,,,"[ 0.02644662 -0.01752262  0.00174104 -0.01612373 -0.00744089  0.01223546
  0.01902155  0.00305043  0.00494502 -0.00597915]",10,
65,10,1,4,0.02757020199304918,,,"[ 0.02932907 -0.0185584   0.00251797 -0.01462651 -0.00644955  0.01234861
  0.02071454  0.00436771  0.00619428 -0.00918927]",10,
75,10,1,4,0.027277781349541216,,,"[ 0.02795928 -0.01944982  0.00281549 -0.01399338 -0.00607726  0.0093159
  0.01917633  0.00237676  0.00543163 -0.00576042]",10,
85,10,1,4,0.027230872757998556,,,"[ 0.02648019 -0.01997389  0.00134258 -0.01496916 -0.00485026  0.01022688
  0.01878574  0.00330101  0.00699929 -0.0052955 ]",10,
95,10,1,4,0.027000984180089064,,,"[ 0.0284071  -0.0219754   0.00105713 -0.01315034 -0.00530862  0.01181968
  0.02177789  0.00279615  0.00724529 -0.00724476]",10,
105,10,1,4,0.027049405296965007,,,"[ 0.02720368 -0.02260589  0.00044866 -0.01326557 -0.00427232  0.01302569
  0.0218208   0.00347194  0.00904402 -0.00551967]",10,
115,10,1,4,0.02679284186182599,,,"[ 0.02818233 -0.02194277  0.00162943 -0.01345291 -0.00431818  0.01408398
  0.01959191  0.00400548  0.00787601 -0.00605839]",10,
125,10,1,4,0.026752975769027784,,,"[ 0.02771995 -0.02174308  0.0011142  -0.01300643 -0.00410161  0.01474573
  0.02024752  0.00319922  0.00828702 -0.00577295]",10,
135,10,1,4,0.0268391279189143,,,"[ 0.02868208 -0.02203025 -0.00080911 -0.01366325 -0.0040407   0.01623389
  0.02094329  0.00229274  0.0080685  -0.00586536]",10,
145,10,1,4,0.02681271978361167,,,"[ 0.02892334 -0.02108391  0.00042087 -0.01342533 -0.00585231  0.01489269
  0.01948565  0.00129928  0.00686793 -0.00334811]",10,
155,10,1,4,0.027005529202205024,,,"[ 0.0297438  -0.02089963  0.0002702  -0.01286939 -0.00625403  0.01454178
  0.01980726  0.00104663  0.00634422 -0.00255383]",10,
165,10,1,4,0.026780854293766653,,,"[ 0.02945623 -0.02237166  0.00128051 -0.01205636 -0.00693326  0.01541778
  0.02097462  0.001995    0.00617883 -0.00345911]",10,
175,10,1,4,0.02674239777695732,,,"[ 0.0291131  -0.0222169   0.00141814 -0.01169778 -0.00674582  0.01529489
  0.02026155  0.00233111  0.00713459 -0.0034044 ]",10,
185,10,1,4,0.026642649653326772,,,"[ 0.02960298 -0.0217937   0.00219094 -0.01044791 -0.00709123  0.01597898
  0.01933523  0.00214964  0.00683434 -0.00399703]",10,
195,10,1,4,0.026625915175270052,,,"[ 0.02961073 -0.02163502  0.00231691 -0.01066719 -0.00739356  0.01618497
  0.01898879  0.00269177  0.0077998  -0.00404706]",10,
205,10,1,4,0.02649754179582544,,,"[ 0.02937221 -0.02126592  0.00274078 -0.01092311 -0.00799565  0.01668579
  0.01870727  0.0028896   0.00869969 -0.00428111]",10,
5,10,1,5,0.05692806846141082,,,"[ 0.03096957  0.01651891 -0.00647064 -0.00640257 -0.00798002  0.01651891
 -0.00647064  0.00640257 -0.00640257  0.01438259]",10,
15,10,1,5,0.041901479227033744,,,"[ 0.02196037 -0.01903867 -0.00204079  0.01323714 -0.01246826  0.02582464
  0.00551688  0.01096305  0.0069368   0.0072225 ]",10,
25,10,1,5,0.03628254241978993,,,"[ 0.02355345 -0.02277521 -0.00746189  0.00382782 -0.00843366  0.02020058
  0.0202063  -0.00079282  0.00090628  0.00190633]",10,
35,10,1,5,0.032296356730593063,,,"[ 0.02057396 -0.02567027 -0.00562029 -0.00042503 -0.01228613  0.01959463
  0.02132049 -0.0017951   0.00369128 -0.00277816]",10,
45,10,1,5,0.03062662414183137,,,"[ 0.01985747 -0.02398057 -0.00767866 -0.00464868 -0.00552447  0.02550926
  0.02288148 -0.00026486  0.01199106 -0.00289239]",10,
55,10,1,5,0.029816320720053115,,,"[ 0.02272574 -0.02412284 -0.00519204 -0.00520815 -0.00474322  0.02463596
  0.02044196  0.00167452  0.01218698 -0.0020853 ]",10,
65,10,1,5,0.028183294724065035,,,"[ 0.02725906 -0.02179304 -0.00242884 -0.00755966 -0.00585939  0.01863508
  0.01601108  0.00152909  0.01156051 -0.00379197]",10,
75,10,1,5,0.02859200262295076,,,"[ 0.02513711 -0.02297394 -0.00042896 -0.00559005 -0.00920821  0.01988743
  0.0198794   0.00058169  0.00910744  0.00065124]",10,
85,10,1,5,0.02784827100374912,,,"[ 0.02586603 -0.02535853  0.00119664 -0.0075052  -0.00875942  0.01778166
  0.02053252  0.00181567  0.00757801 -0.00242124]",10,
95,10,1,5,0.027402319555694703,,,"[ 0.02579923 -0.02526505  0.00123874 -0.00905201 -0.01026396  0.01634368
  0.02174766  0.00014757  0.00688712 -0.00392095]",10,
105,10,1,5,0.027023539317791574,,,"[ 0.026839   -0.02558818  0.00198419 -0.01009132 -0.01048073  0.01626488
  0.0223927  -0.00171785  0.00768298 -0.00440654]",10,
115,10,1,5,0.027131092000084324,,,"[ 0.02697404 -0.02399492  0.00204027 -0.0096561  -0.00947118  0.01477639
  0.02303281 -0.00236768  0.00830632 -0.00310756]",10,
125,10,1,5,0.02710952133500598,,,"[ 0.02666174 -0.0228598   0.00220226 -0.00995197 -0.00771999  0.01579668
  0.02201226 -0.00029392  0.0088283  -0.00229204]",10,
135,10,1,5,0.02692737235653169,,,"[ 0.02658056 -0.02269569  0.00121752 -0.01070302 -0.0080464   0.01512245
  0.02098562  0.00065634  0.00891186 -0.00297883]",10,
145,10,1,5,0.027070913577562125,,,"[ 0.02619536 -0.02258826  0.00078524 -0.00975431 -0.00787053  0.01549252
  0.02140942  0.00021875  0.00800413 -0.00234459]",10,
155,10,1,5,0.026881488038910675,,,"[ 2.55309468e-02 -2.18313065e-02  1.83881959e-03 -1.00932704e-02
 -8.08045049e-03  1.49695558e-02  2.18888184e-02 -8.20719204e-05
  8.56752025e-03 -2.54555975e-03]",10,
165,10,1,5,0.02661597658536209,,,"[ 0.02588092 -0.02274391  0.0022111  -0.01105673 -0.00876925  0.01447719
  0.02094133  0.00019012  0.0078915  -0.0034702 ]",10,
175,10,1,5,0.026400298680520108,,,"[ 0.02746008 -0.02216283  0.00329575 -0.01082806 -0.00843235  0.015277
  0.02001472  0.00071115  0.00854805 -0.00424128]",10,
185,10,1,5,0.026229288531251883,,,"[ 0.02841191 -0.02193441  0.00409069 -0.01210512 -0.00867219  0.01534057
  0.01913588  0.00165938  0.00820253 -0.00536966]",10,
195,10,1,5,0.026506789777053542,,,"[ 0.0288167  -0.02178327  0.00305868 -0.01107274 -0.00818372  0.01566353
  0.01925229  0.00249593  0.00777344 -0.00439848]",10,
205,10,1,5,0.02649754179582544,,,"[ 0.02937221 -0.02126592  0.00274078 -0.01092311 -0.00799565  0.01668579
  0.01870727  0.0028896   0.00869969 -0.00428111]",10,
