sample_size,n,k,repeat,mae,alphas,coef_path,coefficients,non_zero_coef,num_iter
25,50,1,1,0.018061260486599052,,,"[-5.26853794e-04  5.50448405e-03  3.70512728e-03  6.62794139e-03
 -7.01020982e-03 -8.35775487e-03  1.40838183e-03 -4.93694264e-03
  6.06045305e-03 -2.87603969e-03  1.04610830e-03  4.53893357e-03
 -4.41763793e-03 -7.40602341e-03 -1.65266813e-03 -4.81342835e-03
 -1.43246840e-03  3.07350952e-03 -1.79975932e-03  3.25204097e-03
  5.03386598e-04  5.64269666e-03 -3.98604642e-03  5.86839293e-05
 -3.27797405e-03 -5.26855330e-03 -5.49070077e-04  1.74366800e-03
 -2.56733665e-03 -1.13220759e-03  3.04260481e-03  6.04460176e-03
  6.85082679e-04  9.86974238e-04 -3.73529831e-04  2.36321279e-03
  9.87653894e-03  2.19052918e-03  5.59157201e-03 -1.01591681e-03
 -8.29260287e-04  3.18904595e-03  2.36459045e-03  1.72712548e-03
  3.92032036e-03 -4.35807063e-03  4.73793249e-03 -6.50327671e-03
 -1.14895951e-03  6.47378220e-03]",50,
75,50,1,1,0.018325570792930533,,,"[ 0.0003357  -0.00574913  0.00116588  0.01322553 -0.01035202 -0.0113108
  0.00142283 -0.00855606  0.00557911  0.00202482 -0.01602662 -0.00314426
  0.00466141 -0.0093651  -0.00547049 -0.00115072 -0.00319425  0.00474961
 -0.00025134 -0.00170132  0.00359275  0.00485181 -0.00963137  0.00656365
 -0.00557189  0.00249375 -0.00759849  0.00935047 -0.00491216  0.00069645
  0.00448269  0.00390991  0.00087459  0.00031697  0.00325459  0.00147439
  0.01455265 -0.00466378  0.01107706  0.00386979 -0.00064213  0.00542886
  0.00390455 -0.00475364 -0.00277981  0.00202672  0.01699463  0.01054099
  0.00431524  0.00204302]",50,
125,50,1,1,0.014863574971054163,,,"[ 0.00559363 -0.00488817  0.00584517  0.01181896 -0.00332088 -0.0127882
  0.00071522 -0.00452461  0.00341108 -0.00260253 -0.00943926  0.00326476
  0.00282872 -0.00777793 -0.01071592 -0.00052332 -0.00113716 -0.0034299
  0.00544987 -0.00144428  0.00061218  0.00653746 -0.01277594  0.0052739
 -0.00429461  0.00341848 -0.00318645  0.00298582 -0.00356078 -0.00696702
  0.00573094  0.00584814 -0.0009156  -0.00581233  0.00197528  0.00469157
  0.01584927 -0.00460939  0.00425413  0.00477196 -0.00771643  0.00078858
  0.00605788 -0.00457327 -0.00957597  0.00251395  0.01357177  0.00273828
  0.00489122 -0.00148554]",50,
175,50,1,1,0.014320983853777421,,,"[ 2.82697331e-03 -1.86565592e-03  4.91778348e-03  9.24075368e-03
  8.23245277e-04 -1.36707785e-02 -2.97695182e-03 -1.00575676e-05
  4.54898577e-03  1.97057183e-03 -1.27100512e-02  6.55858646e-03
  6.35295121e-03 -4.20215364e-03 -8.13708429e-03 -1.90056401e-03
 -4.46186416e-03 -3.76427994e-03  8.33530294e-03  7.26013337e-04
 -1.69790146e-03  1.80407450e-03 -1.50849161e-02  3.88003157e-03
 -6.22786950e-03  3.52349539e-03 -2.31919497e-03  2.98719893e-03
 -4.72710226e-03 -1.04709257e-02  5.18738637e-03  2.78805782e-03
 -9.40850227e-04 -7.28385819e-03 -2.55510097e-04 -1.78511769e-03
  1.51225685e-02 -4.82924297e-03  6.14088434e-03  2.98325890e-03
 -6.16807733e-03  1.29482263e-03  3.06262666e-03 -1.84154873e-03
 -5.40834769e-03  4.61041231e-03  8.96285683e-03 -3.65408467e-03
  7.38824396e-03  2.84910098e-04]",50,
225,50,1,1,0.013976864461204741,,,"[ 3.13858546e-03 -1.73654872e-03  1.90648081e-03  8.61547647e-03
  2.27659160e-04 -1.24763671e-02 -1.46636347e-03  9.21700025e-04
  6.05086192e-03  2.04939173e-03 -1.21610435e-02  5.92811437e-03
  5.12364123e-03 -6.26203270e-03 -7.15061579e-03 -1.35768348e-03
 -6.16354234e-03 -2.15251610e-03  5.79143800e-03  9.02589441e-04
 -4.03611746e-04  2.42133937e-03 -1.37356838e-02  2.53277950e-03
 -5.94553004e-03  1.85393359e-03 -4.57825295e-03  5.45077229e-04
 -3.14627606e-03 -1.10142399e-02  5.32122547e-03  2.63915187e-03
 -7.66683797e-04 -5.33982360e-03 -3.63350043e-05 -1.82109676e-03
  1.24255457e-02 -4.63819944e-03  7.12762177e-03  2.30738252e-03
 -4.74987481e-03  3.63114476e-04  3.03823666e-03 -6.39244936e-04
 -4.49092188e-03  2.21155581e-03  8.60972901e-03 -4.85830537e-03
  7.35496965e-03 -3.47435243e-04]",50,
275,50,1,1,0.01359390477213708,,,"[ 2.43337130e-03  8.32206528e-04  2.23883658e-03  6.68293438e-03
  7.29431311e-04 -1.29070586e-02 -1.47581121e-03  1.26270317e-03
  6.36689136e-03  1.67884987e-03 -1.03558075e-02  7.46269116e-03
  2.32028678e-03 -4.92420253e-03 -6.73897075e-03 -2.74259543e-03
 -6.14293530e-03 -4.85435965e-03  5.66359378e-03 -1.04824387e-04
  8.83037192e-04  1.00051053e-03 -1.35688529e-02  2.62434615e-03
 -3.18123960e-03  2.83056229e-03 -4.07823309e-03  2.60954092e-03
 -4.88390354e-03 -1.08852141e-02  3.96634207e-03  3.15920876e-03
 -1.37648218e-03 -6.14920719e-03 -1.65769019e-03 -2.87117555e-03
  1.26405162e-02 -7.15854679e-03  6.35722371e-03  2.50661210e-03
 -3.69058725e-03 -3.59990357e-04  2.96045337e-03 -1.59897901e-03
 -3.22068392e-03  6.88922179e-04  8.12237867e-03 -6.13341835e-03
  6.13270765e-03 -8.20407934e-05]",50,
325,50,1,1,0.013479115308612677,,,"[ 0.00343185  0.00113441  0.00301786  0.00799414  0.00052051 -0.01238964
 -0.0017349   0.00084983  0.00466303  0.00278493 -0.00921677  0.00824654
  0.00185521 -0.00414209 -0.00716955 -0.00253374 -0.00630376 -0.00577721
  0.00432683 -0.00103512  0.0012292   0.00090321 -0.01126348  0.00266858
 -0.00419178  0.00088667 -0.00436999  0.00326872 -0.00458509 -0.010341
  0.00545799  0.00287429 -0.00174992 -0.00675086 -0.00123208 -0.00323548
  0.01296008 -0.00913198  0.00623229  0.00222341 -0.00398383 -0.00076552
  0.0031861  -0.00064175 -0.00449667  0.0011599   0.00683611 -0.00560003
  0.00607359 -0.00026919]",50,
375,50,1,1,0.01319299680398899,,,"[ 0.00415048  0.00256637  0.00340543  0.00819286  0.00060463 -0.01256475
 -0.0022432   0.00071268  0.00464675  0.00274117 -0.00911727  0.00718698
  0.00086174 -0.0033606  -0.00748941 -0.00197121 -0.00617731 -0.00532956
  0.00458938 -0.00097591  0.00097905  0.00145579 -0.01200337  0.00292173
 -0.00481103  0.00050057 -0.00474482  0.00384816 -0.00425701 -0.00924739
  0.00560558  0.00229095 -0.00129666 -0.00610134 -0.00168761 -0.00239857
  0.01286313 -0.00975916  0.00606929  0.00208032 -0.0035454  -0.00044479
  0.00246649 -0.00135369 -0.00328499  0.0015368   0.00470618 -0.00510076
  0.00595477  0.00039188]",50,
425,50,1,1,0.012983192155499524,,,"[ 0.00423346  0.00264346  0.00345924  0.00839674  0.00029921 -0.01111333
 -0.00239205  0.00035783  0.00478101  0.00254615 -0.00818272  0.00598522
  0.00054228 -0.00325307 -0.00860284 -0.00204491 -0.00571346 -0.00462088
  0.0041073  -0.00151814  0.00077877  0.00168363 -0.01164556  0.00278633
 -0.00446981 -0.0004363  -0.00497806  0.0032519  -0.0048877  -0.00773058
  0.00573038  0.00103658 -0.0001171  -0.0065218  -0.00202379 -0.00191319
  0.01328144 -0.00938487  0.00508873  0.00252706 -0.00297391  0.00035153
  0.002133   -0.00165027 -0.00325954  0.00259875  0.00497951 -0.00458812
  0.00576114  0.00046363]",50,
475,50,1,1,0.01270193331123039,,,"[ 4.08465712e-03  2.27617241e-03  3.45399257e-03  7.84136236e-03
  3.19553116e-05 -1.20069109e-02 -1.49836755e-03  5.25679925e-04
  3.94513663e-03  3.31570131e-03 -7.25502291e-03  6.45244470e-03
 -3.41369669e-04 -3.62677761e-03 -9.00883942e-03 -1.27345355e-03
 -5.61093406e-03 -5.16460515e-03  5.20040853e-03 -8.36218530e-04
  6.29367411e-04  9.46802640e-04 -1.16504603e-02  2.86787551e-03
 -4.48915822e-03 -6.42708493e-04 -6.19551170e-03  3.41705349e-03
 -4.75553443e-03 -8.07198047e-03  5.97799778e-03  2.21574740e-03
 -4.26320675e-04 -5.77988249e-03 -1.39485916e-03 -1.27505585e-03
  1.27174799e-02 -9.87481007e-03  5.60727235e-03  2.36917588e-03
 -2.39271309e-03  1.48035558e-03  1.66025243e-03 -2.68942363e-03
 -3.23679560e-03  2.96765841e-03  5.60855225e-03 -4.61966887e-03
  5.48356484e-03  3.49201946e-04]",50,
525,50,1,1,0.012483630609240208,,,"[ 3.49760057e-03  2.76119200e-03  4.03319248e-03  7.54611794e-03
 -5.70866334e-04 -1.24644203e-02 -2.81160481e-03  7.36660567e-05
  3.88878694e-03  3.65228074e-03 -7.34591960e-03  6.39242542e-03
 -4.85244986e-04 -3.13143260e-03 -7.90040126e-03 -1.48441654e-03
 -5.03823535e-03 -5.51196824e-03  5.28961780e-03 -8.69909007e-04
  1.14332814e-03  1.89028379e-04 -1.24190614e-02  3.13616407e-03
 -5.19826158e-03 -1.12345918e-03 -6.01283236e-03  3.49871977e-03
 -4.45191913e-03 -8.47364713e-03  5.80144933e-03  2.13395942e-03
 -6.00386218e-04 -5.75906824e-03 -2.37441337e-03 -4.89900223e-04
  1.27575885e-02 -9.69729775e-03  5.29056414e-03  1.65216036e-03
 -2.38047038e-03  1.51044780e-03  1.57911143e-03 -2.79326140e-03
 -3.21415704e-03  3.37974122e-03  5.39755739e-03 -4.07417338e-03
  5.03631103e-03 -5.41041326e-04]",50,
575,50,1,1,0.01236761191475523,,,"[ 4.10570054e-03  2.73809086e-03  4.14527000e-03  7.49291183e-03
 -6.60996435e-06 -1.25677546e-02 -3.01074646e-03  1.50140304e-04
  3.54092398e-03  2.85083581e-03 -7.45566479e-03  5.88314558e-03
 -8.40261073e-04 -3.02355120e-03 -8.48207760e-03 -1.93104640e-03
 -5.33414007e-03 -5.59257639e-03  5.38160193e-03 -1.03244644e-03
  8.02764679e-04 -2.84195478e-04 -1.34782581e-02  2.98640376e-03
 -4.99902621e-03 -1.47061544e-03 -6.27408814e-03  3.27387123e-03
 -4.75796202e-03 -8.94051888e-03  5.23644531e-03  1.78491013e-03
 -6.04104947e-04 -5.53046323e-03 -2.57289820e-03 -5.21221430e-05
  1.20364670e-02 -1.04411045e-02  5.73863615e-03  1.50561694e-03
 -2.54664748e-03  1.70172950e-03  1.24966614e-03 -2.63273275e-03
 -3.54798862e-03  3.57725605e-03  5.49823024e-03 -4.32525670e-03
  5.45974146e-03 -9.98238291e-04]",50,
625,50,1,1,0.012375542216937561,,,"[ 0.00411435  0.00261836  0.00439425  0.00815757  0.00012231 -0.01290201
 -0.00336392 -0.000135    0.00332     0.00276164 -0.00737717  0.00566951
 -0.00115723 -0.00292217 -0.0083247  -0.00195792 -0.00548342 -0.00569586
  0.0053081  -0.00117337  0.0003743  -0.00041362 -0.01379049  0.00279239
 -0.0048816  -0.0016139  -0.00675136  0.00319978 -0.00543492 -0.00896016
  0.005211    0.00222229 -0.00104957 -0.00538052 -0.00210963  0.00017292
  0.01216754 -0.01052271  0.00542909  0.00162921 -0.00246099  0.0014894
  0.00068179 -0.00252641 -0.00413963  0.00382236  0.0052159  -0.00422807
  0.0054054  -0.00069432]",50,
675,50,1,1,0.01271899424513208,,,"[ 3.79346232e-03  2.44883622e-03  4.72506959e-03  7.04309735e-03
  1.23929235e-03 -1.32423881e-02 -3.62617949e-03 -3.23287047e-04
  2.85816702e-03  2.66243163e-03 -7.79558518e-03  5.55342523e-03
 -1.25733735e-03 -2.29916352e-03 -7.74095524e-03 -2.62096217e-03
 -5.62576927e-03 -5.96178742e-03  6.22198998e-03 -8.70434676e-04
  3.93091416e-04 -6.94196366e-04 -1.36221956e-02  2.40406238e-03
 -4.65473794e-03 -6.00872765e-04 -6.89742824e-03  3.88154857e-03
 -4.79406083e-03 -8.74919053e-03  4.25874998e-03  1.73924864e-03
 -1.01993460e-03 -5.99497230e-03 -2.79098451e-03 -1.09695518e-04
  1.09761161e-02 -1.16405405e-02  5.59866395e-03  1.77431012e-03
 -2.49172673e-03  2.32215681e-03  8.81825155e-04 -2.11415816e-03
 -3.97913196e-03  4.29691061e-03  4.94823177e-03 -4.41453304e-03
  4.97477183e-03 -2.13476775e-05]",50,
725,50,1,1,0.012607787567242781,,,"[ 3.36857696e-03  2.21811569e-03  4.65229484e-03  6.96681324e-03
  7.69378765e-04 -1.27048696e-02 -4.04624078e-03 -1.07933251e-03
  2.68051545e-03  2.09833533e-03 -7.54447669e-03  5.73486183e-03
 -1.28713560e-03 -2.63672730e-03 -7.38723221e-03 -2.67473062e-03
 -6.00319320e-03 -5.77536651e-03  6.30575100e-03 -1.06760177e-03
  2.32519662e-05  1.92921335e-04 -1.40946896e-02  2.20794970e-03
 -4.09880425e-03 -4.91648033e-04 -7.20215899e-03  4.28893796e-03
 -4.41226756e-03 -8.73850446e-03  4.06115227e-03  1.79150151e-03
 -1.13322211e-03 -5.80354448e-03 -2.70952102e-03  7.71762050e-04
  1.05336914e-02 -1.10619347e-02  5.72898146e-03  1.60356132e-03
 -2.40880906e-03  2.67902882e-03  1.33950592e-03 -2.19699985e-03
 -3.97232668e-03  4.41793016e-03  5.04640088e-03 -4.73253097e-03
  5.16048597e-03 -5.01565443e-04]",50,
775,50,1,1,0.012446941581592342,,,"[ 3.06772233e-03  2.13767095e-03  3.88504921e-03  6.86919378e-03
  3.41886339e-04 -1.25655140e-02 -3.87879952e-03 -1.34431605e-03
  2.18716323e-03  2.05155841e-03 -7.05890867e-03  6.19428898e-03
 -9.21505281e-04 -2.79674004e-03 -6.72541693e-03 -2.83654803e-03
 -5.37589333e-03 -5.75662660e-03  5.73207063e-03 -1.36333291e-03
 -1.78424590e-05  1.51125387e-04 -1.42739419e-02  2.50343816e-03
 -3.59151782e-03 -7.04853135e-04 -7.28280825e-03  4.45488872e-03
 -4.80936462e-03 -8.71420851e-03  3.58693135e-03  1.78674228e-03
 -8.28203545e-04 -6.19640493e-03 -2.71694979e-03  1.04607718e-03
  1.02812872e-02 -1.09533954e-02  4.97574398e-03  1.77524569e-03
 -2.31689924e-03  2.79817390e-03  9.53745837e-04 -2.84543810e-03
 -3.73901243e-03  4.31664241e-03  5.19293030e-03 -4.51346161e-03
  5.54014360e-03 -8.41887266e-04]",50,
825,50,1,1,0.012254939523962775,,,"[ 2.68382626e-03  2.08507502e-03  4.28650828e-03  6.59776069e-03
 -1.62374837e-04 -1.28746749e-02 -3.51276446e-03 -1.59487131e-03
  2.46163140e-03  2.30101471e-03 -6.68124357e-03  5.95458326e-03
 -7.64732703e-04 -3.11786385e-03 -6.95405633e-03 -2.36471658e-03
 -5.04783178e-03 -5.48196039e-03  5.48590809e-03 -1.58819830e-03
 -1.12748591e-04 -8.50559243e-05 -1.38338809e-02  2.52191375e-03
 -3.28005192e-03 -1.01087037e-03 -7.63282649e-03  4.73400509e-03
 -5.07850547e-03 -8.46888332e-03  3.25407823e-03  2.43928814e-03
 -1.19677373e-03 -7.11984310e-03 -2.87573923e-03  1.04811073e-03
  1.07912603e-02 -1.10067447e-02  4.87776198e-03  1.65334942e-03
 -2.53627763e-03  3.25088556e-03  1.01605512e-03 -2.89594678e-03
 -4.15331119e-03  4.08226120e-03  4.88779950e-03 -4.28007861e-03
  5.44641439e-03 -1.27229011e-03]",50,
875,50,1,1,0.012193100547189034,,,"[ 0.00243955  0.00220935  0.00407131  0.00683077  0.00010287 -0.01267364
 -0.00376192 -0.00189653  0.00237891  0.00191462 -0.00671255  0.00544527
 -0.00078095 -0.00331919 -0.00665802 -0.00199653 -0.00523304 -0.00563882
  0.00557528 -0.0016151  -0.00018097 -0.00025573 -0.01379339  0.00281561
 -0.00322236 -0.00113075 -0.00722411  0.00465513 -0.00519727 -0.00840632
  0.00322636  0.00223118 -0.00142968 -0.00703303 -0.0027016   0.00075599
  0.01111896 -0.01100387  0.00532812  0.00197604 -0.00288199  0.00327784
  0.00074985 -0.00274968 -0.00417968  0.00415416  0.00494764 -0.00434562
  0.00524965 -0.00131942]",50,
925,50,1,1,0.01222766626908367,,,"[ 2.53962527e-03  2.40511590e-03  3.85889670e-03  7.19442932e-03
 -1.06599029e-06 -1.26909507e-02 -3.24880159e-03 -1.72109714e-03
  2.56770244e-03  2.16653943e-03 -6.98911953e-03  5.67555560e-03
 -6.93055821e-04 -3.12552757e-03 -6.59580767e-03 -1.88383821e-03
 -5.28701241e-03 -5.52384862e-03  5.51240581e-03 -1.84455788e-03
 -2.82225704e-04 -6.22637065e-04 -1.38608965e-02  2.85074121e-03
 -3.05673200e-03 -1.54783472e-03 -7.30512321e-03  4.65914105e-03
 -4.97741557e-03 -8.66126940e-03  3.69527793e-03  2.54755895e-03
 -1.50707945e-03 -7.03398772e-03 -2.28045567e-03  8.09587541e-04
  1.11293146e-02 -1.11539613e-02  5.13554562e-03  1.90723716e-03
 -3.24280562e-03  3.34108354e-03  1.15806111e-03 -2.63153744e-03
 -4.07150437e-03  4.29328652e-03  5.34563217e-03 -4.41839095e-03
  5.11518465e-03 -1.18074901e-03]",50,
975,50,1,1,0.012223933232741046,,,"[ 2.96556802e-03  2.41747694e-03  4.06099456e-03  7.40165171e-03
 -2.70404794e-04 -1.25464208e-02 -3.46887711e-03 -1.71599070e-03
  2.10621493e-03  2.11655755e-03 -7.13657622e-03  6.04099681e-03
 -1.08241441e-03 -3.00038918e-03 -6.90816343e-03 -2.14721409e-03
 -5.36203699e-03 -5.45166141e-03  5.44475638e-03 -1.76822391e-03
 -3.69336332e-05 -9.69863554e-04 -1.35272905e-02  2.47166031e-03
 -3.15696623e-03 -1.16643709e-03 -7.32211337e-03  4.05434340e-03
 -5.05025045e-03 -8.88800164e-03  3.56857108e-03  2.41706829e-03
 -1.21702915e-03 -7.22096508e-03 -2.12033759e-03  7.04334775e-04
  1.12154994e-02 -1.06976507e-02  4.92467186e-03  2.05013096e-03
 -2.92381470e-03  3.44071991e-03  6.73587822e-04 -2.81585356e-03
 -4.27152183e-03  4.52632509e-03  5.51829347e-03 -4.29932679e-03
  4.94012711e-03 -1.15606442e-03]",50,
1025,50,1,1,0.012108902148428911,,,"[ 0.00295634  0.00224734  0.00377498  0.00738294 -0.00052635 -0.01293551
 -0.00345622 -0.00146368  0.00176865  0.00221165 -0.00731405  0.00581121
 -0.00088369 -0.00303358 -0.00710778 -0.00238055 -0.00524969 -0.00552626
  0.00552864 -0.00186246 -0.00022703 -0.00046076 -0.01330723  0.00291006
 -0.00307921 -0.00105722 -0.00703556  0.003915   -0.00487137 -0.00859357
  0.00348548  0.00210213 -0.00171417 -0.00748729 -0.00232888  0.00047384
  0.01139947 -0.01115556  0.00507823  0.00196254 -0.00283991  0.00335162
  0.00079448 -0.00245172 -0.00400256  0.00408636  0.00515046 -0.00437338
  0.00501961 -0.00169129]",50,
25,50,1,2,0.01969142967389473,,,"[ 0.00874612  0.00386249  0.00061635  0.00151748 -0.00964256 -0.00652393
 -0.0004697   0.0030886   0.00143136 -0.00126933  0.00468793  0.00300796
 -0.00972669 -0.00288216 -0.00027973 -0.00093481  0.00193343 -0.00760356
 -0.00013731  0.00060164 -0.00910772  0.00395153 -0.00989048  0.00223018
 -0.00419446 -0.00176699 -0.00274889 -0.00085202  0.00339548 -0.00690302
  0.004783    0.00787682  0.006862   -0.00351579  0.00014879  0.0074526
  0.00310085 -0.00442969  0.00999769  0.00272132  0.00378342  0.00645622
  0.0056793  -0.00259606 -0.00367871 -0.01078651  0.0141524  -0.00282415
  0.00294169 -0.0042624 ]",50,
75,50,1,2,0.026852083531690597,,,"[ 0.01151536 -0.00374535 -0.00468906  0.00605987  0.00099794 -0.01416859
  0.0013535   0.01407728 -0.00048642 -0.00703202 -0.01036128 -0.00089668
 -0.00874843 -0.0107097  -0.0109662   0.00609168 -0.00178586  0.00012699
  0.00176991  0.00204537 -0.01610194 -0.00554273 -0.0304254   0.00753247
  0.00914215 -0.01104685 -0.01434433  0.00543253 -0.00887222  0.0036155
  0.01890981  0.00048428  0.00200575 -0.00436127  0.01375456  0.00437701
  0.01280977  0.00015818 -0.00965237 -0.00897881 -0.0031327  -0.0126522
  0.01090213 -0.00251995 -0.01522985  0.00609854  0.02491659 -0.00435319
 -0.00041624  0.00312885]",50,
125,50,1,2,0.015310196116244583,,,"[ 0.00454704  0.00228578 -0.00084155  0.00363357 -0.00484084 -0.01194165
 -0.00397236  0.00491525 -0.00518673  0.0007012  -0.00722225  0.00300528
 -0.00102197 -0.00707905 -0.00483691 -0.00755174 -0.00405769 -0.00580743
  0.0080457  -0.00057376 -0.00273046 -0.00327701 -0.0151762   0.00578562
 -0.00445154 -0.00654491 -0.00736624  0.00425305 -0.00393154 -0.00637479
  0.00967682  0.00074085  0.00427206 -0.00234404  0.00321034  0.00221617
  0.01259012 -0.00799568  0.0039658   0.00580132 -0.00351247 -0.00297989
 -0.0041153  -0.00358699 -0.00906796  0.00144274  0.00871101 -0.00173898
  0.00443548 -0.00610137]",50,
175,50,1,2,0.013560007036525122,,,"[ 0.0029723   0.00354275 -0.00076323  0.00576036 -0.00314478 -0.01422402
 -0.00122327  0.00146117 -0.00233919  0.00197021 -0.00681325  0.0054157
 -0.00025147 -0.00131928 -0.00710721 -0.0023902  -0.00673574 -0.00389499
  0.00680455 -0.00091811  0.0006451  -0.0037189  -0.01534344  0.00459451
 -0.00403718 -0.00311942 -0.00600857  0.00366759 -0.00161179 -0.01028206
  0.00747988 -0.0013215   0.0006492  -0.00379861  0.00150108  0.00188308
  0.01294938 -0.00842319  0.00383439  0.00288575 -0.00268208 -0.00230272
 -0.002803   -0.00357546 -0.00661695  0.00149069  0.00791286 -0.00373567
  0.00430226 -0.00594419]",50,
225,50,1,2,0.01283656510318849,,,"[ 4.98166113e-03  2.16826215e-03  1.95062046e-03  5.78306822e-03
 -1.85288843e-03 -1.36424836e-02 -2.27453512e-03  1.34174050e-04
 -1.52633320e-03  1.96850413e-03 -5.84557629e-03  5.86144825e-03
  1.80322868e-03 -2.35359147e-03 -7.95186354e-03 -1.61243999e-03
 -7.03185043e-03 -4.08659016e-03  6.82934235e-03 -6.33689612e-04
  9.47215155e-05 -2.56730515e-03 -1.34803372e-02  4.55147592e-03
 -3.29269260e-03 -3.41564171e-03 -4.71677537e-03  4.02047232e-03
 -3.71296650e-03 -8.84645030e-03  7.30682808e-03  2.82342099e-04
 -1.80951310e-04 -5.78771590e-03  3.56529713e-03  1.63016174e-03
  1.08572537e-02 -9.39772650e-03  4.32460109e-03  1.67153340e-03
 -3.44745648e-03 -2.64748877e-03 -3.18097631e-03 -2.66937753e-03
 -6.00030912e-03  2.60244689e-03  7.02602875e-03 -6.07915451e-03
  3.70000740e-03 -5.01887498e-03]",50,
275,50,1,2,0.013182521317206692,,,"[ 0.00440524  0.00413934  0.00218281  0.00647793 -0.00099584 -0.01414952
 -0.00246317 -0.00045392 -0.00107718  0.00296639 -0.00482339  0.00704671
  0.00076733 -0.00276385 -0.00685355 -0.00396185 -0.00621293 -0.0049039
  0.00722452 -0.00231523  0.00061658 -0.00293561 -0.0139177   0.00457917
 -0.00425622 -0.00327558 -0.00695228  0.00357721 -0.00290874 -0.0106459
  0.00575464 -0.00033554 -0.00012021 -0.00651316 -0.00029589  0.00167167
  0.01035718 -0.00930037  0.00513796 -0.00011155 -0.00272239 -0.00056168
 -0.00284726 -0.00388731 -0.00515466  0.00282274  0.00667033 -0.00690405
  0.00372739 -0.00417861]",50,
325,50,1,2,0.012551280415639212,,,"[ 0.00422749  0.00275728  0.00210115  0.00603567 -0.00030859 -0.01459886
 -0.00149296 -0.00034147  0.00024923  0.00294208 -0.00647529  0.00511074
  0.00029672 -0.00268169 -0.00706413 -0.00283717 -0.00649962 -0.00445019
  0.00664537 -0.00125182 -0.00056038 -0.0017385  -0.01448064  0.00519105
 -0.00289501 -0.00254325 -0.00676898  0.00501194 -0.00453456 -0.00956803
  0.00528295  0.00106171 -0.00018114 -0.00826364 -0.00049002  0.00051737
  0.01133693 -0.00875651  0.00464263 -0.00028839 -0.00223333 -0.00042422
 -0.00200795 -0.00284795 -0.00383896  0.00422967  0.00683419 -0.00515648
  0.00306964 -0.00279826]",50,
375,50,1,2,0.012808662953667067,,,"[ 0.00460144  0.00295896  0.00224093  0.00704064  0.00065006 -0.01358095
 -0.00181553 -0.00026025  0.00101276  0.00248521 -0.006627    0.00664178
  0.00047798 -0.00364355 -0.00686177 -0.00362364 -0.00470878 -0.00498525
  0.00619459  0.00016714 -0.00105788 -0.00293371 -0.0148667   0.00457362
 -0.00348754 -0.00064944 -0.00779809  0.00450926 -0.0044586  -0.00930505
  0.00479657  0.00253079 -0.00102682 -0.00709386 -0.00054137  0.00023253
  0.0109029  -0.00941329  0.00591413 -0.00075481 -0.00244438  0.00094326
 -0.00055587 -0.00294567 -0.00482791  0.00377271  0.0052347  -0.00466313
  0.00462551 -0.00318036]",50,
425,50,1,2,0.013008598762491488,,,"[ 4.19383244e-03  2.55504404e-03  2.34413459e-03  7.91813026e-03
  6.83442480e-04 -1.38619561e-02 -1.83700883e-03 -1.96168706e-04
  8.82128565e-04  2.45506107e-03 -6.65554152e-03  7.93661833e-03
  2.24279862e-05 -3.41896229e-03 -6.60281170e-03 -3.04271262e-03
 -5.33156589e-03 -5.63890163e-03  5.82650557e-03  1.94263441e-05
 -1.11123798e-03 -2.88727958e-03 -1.37806145e-02  5.16009647e-03
 -4.09440637e-03 -3.69237032e-04 -7.90536090e-03  3.38945992e-03
 -5.06317496e-03 -9.97306651e-03  5.23401733e-03  3.29609387e-03
 -8.01926456e-04 -7.51056708e-03 -3.43370144e-04  1.42240541e-03
  1.04313442e-02 -8.96271648e-03  6.20052794e-03  6.09526554e-04
 -1.88554509e-03  3.01359820e-03  1.08043028e-04 -2.46487586e-03
 -4.03109355e-03  3.62529552e-03  4.72125904e-03 -5.24532117e-03
  5.12747793e-03 -1.75916018e-03]",50,
475,50,1,2,0.012615968248125,,,"[ 3.98740367e-03  2.76198217e-03  3.49865088e-03  7.14852265e-03
 -9.30899279e-06 -1.34404135e-02 -2.38673738e-03 -1.02736377e-03
  1.40046415e-03  2.99424010e-03 -6.37568086e-03  7.67395812e-03
 -1.66904462e-04 -2.80133943e-03 -7.36344462e-03 -1.79409387e-03
 -4.77812356e-03 -6.19436302e-03  4.78250340e-03 -6.92760081e-04
  1.76747747e-04 -2.91193682e-03 -1.38391030e-02  5.09264225e-03
 -4.13888226e-03 -6.29728779e-04 -7.00641868e-03  3.45765662e-03
 -4.90301811e-03 -9.75206015e-03  5.01228143e-03  2.86622424e-03
 -1.50929056e-03 -8.30985914e-03 -2.81141975e-04  1.37137990e-03
  1.10901692e-02 -9.96219055e-03  5.91248056e-03  4.51042573e-04
 -1.66541921e-03  2.57293871e-03  2.94100021e-04 -2.41747422e-03
 -4.03493008e-03  3.51475626e-03  4.58288810e-03 -5.52752818e-03
  5.36000423e-03 -2.37254206e-03]",50,
525,50,1,2,0.012534975975825091,,,"[ 3.83178327e-03  2.34852027e-03  3.54745623e-03  7.55332320e-03
  4.79520608e-04 -1.32051045e-02 -2.20384199e-03 -9.15657446e-04
  1.53039746e-03  3.03306316e-03 -5.92347402e-03  7.29819686e-03
 -2.96220054e-04 -2.92895261e-03 -7.33029602e-03 -1.89419942e-03
 -4.56842722e-03 -6.46157873e-03  4.43555098e-03 -1.13169224e-03
 -5.06218417e-05 -1.62906836e-03 -1.31636993e-02  4.65076794e-03
 -3.89759754e-03 -6.14834009e-04 -7.12868324e-03  3.71724277e-03
 -5.34347492e-03 -9.31167163e-03  4.72152681e-03  2.55783596e-03
 -1.92347904e-03 -8.97823304e-03 -1.37191312e-03  2.01699809e-03
  1.10271867e-02 -9.93370673e-03  5.63101679e-03  8.03084690e-04
 -1.92943612e-03  2.77727491e-03  3.99593045e-04 -2.35041564e-03
 -3.53512971e-03  3.62785880e-03  5.33695743e-03 -5.81778935e-03
  4.42348949e-03 -2.23048540e-03]",50,
575,50,1,2,0.012591268432578885,,,"[ 3.92792535e-03  1.74639298e-03  3.50216556e-03  7.95785632e-03
  3.47768218e-04 -1.36513602e-02 -1.79047206e-03 -5.26017071e-04
  2.03637868e-03  2.72855546e-03 -6.42581695e-03  6.59064040e-03
 -8.38089744e-04 -2.59507863e-03 -7.16609132e-03 -1.75572468e-03
 -3.86679868e-03 -5.83179964e-03  4.69138584e-03 -1.18073255e-03
 -4.19278674e-04 -9.08125571e-04 -1.33906877e-02  4.49479291e-03
 -3.68849455e-03 -8.12857140e-05 -7.23541978e-03  3.91707144e-03
 -4.81228714e-03 -8.80432594e-03  5.28415576e-03  2.86002717e-03
 -1.74555495e-03 -9.16098958e-03 -1.47175175e-03  1.52679157e-03
  1.14864972e-02 -9.63056599e-03  5.82126392e-03  6.22825400e-04
 -2.72231816e-03  2.49817748e-03  8.10436813e-04 -2.19498017e-03
 -3.24986223e-03  4.32873981e-03  6.09586559e-03 -5.48307879e-03
  4.17567664e-03 -2.50266956e-03]",50,
625,50,1,2,0.012602336332886353,,,"[ 0.00326998  0.00155206  0.00361295  0.00761634  0.00056619 -0.01347832
 -0.00231135 -0.00109726  0.00178111  0.00287192 -0.00695052  0.00686201
 -0.00092117 -0.00238933 -0.00661075 -0.00165546 -0.00390483 -0.00535211
  0.00525064 -0.00161453 -0.00027617 -0.00050068 -0.01421978  0.00381398
 -0.00366409 -0.00107207 -0.00716107  0.00408713 -0.00456151 -0.00917173
  0.00542297  0.00237106 -0.00168236 -0.00891588 -0.00091287  0.00163702
  0.01174861 -0.00968697  0.00515593  0.00118543 -0.00199232  0.00225342
  0.00135146 -0.00202875 -0.00362814  0.00474548  0.006395   -0.00489268
  0.00451568 -0.00241329]",50,
675,50,1,2,0.012338404667763142,,,"[ 0.00297934  0.00214861  0.00440065  0.00721246 -0.00010187 -0.01342058
 -0.00255255 -0.00111156  0.00149784  0.00275825 -0.00710337  0.0063691
 -0.0008914  -0.00177162 -0.00681901 -0.00157489 -0.00417698 -0.00488349
  0.0055978  -0.00138909 -0.00063269 -0.00035262 -0.01381657  0.00342563
 -0.00357712 -0.00114528 -0.00698951  0.00382718 -0.00455848 -0.00883091
  0.00439911  0.00189856 -0.00187166 -0.00888762 -0.00132216  0.000858
  0.01223176 -0.00931113  0.00554586  0.00160722 -0.00215417  0.00239173
  0.00127443 -0.00197756 -0.00357642  0.00422096  0.00660537 -0.00477875
  0.00377133 -0.00243632]",50,
725,50,1,2,0.012306729312816742,,,"[ 0.00295122  0.00175169  0.0037631   0.007675    0.0002678  -0.01372407
 -0.0025784  -0.00100681  0.00151317  0.00236286 -0.00786871  0.00643092
 -0.000838   -0.00210201 -0.00769636 -0.00155779 -0.00467499 -0.00543893
  0.00548691 -0.00137756 -0.00038547 -0.00056678 -0.01367436  0.00314272
 -0.003645   -0.00103048 -0.00693514  0.00366952 -0.00473459 -0.00889126
  0.00445734  0.0017018  -0.00152519 -0.00851585 -0.00067974  0.00097398
  0.01191435 -0.00907191  0.00566786  0.00183057 -0.00271866  0.00189288
  0.00159951 -0.00185627 -0.00423405  0.00350166  0.00631668 -0.00459913
  0.00430506 -0.00258023]",50,
775,50,1,2,0.012255747139586787,,,"[ 2.71647752e-03  2.21284273e-03  4.20275388e-03  7.79938219e-03
  9.48152151e-05 -1.36704742e-02 -2.75615842e-03 -1.20509454e-03
  1.54513768e-03  1.99825805e-03 -8.00592923e-03  6.20125342e-03
 -7.47147830e-04 -2.34564683e-03 -7.24334134e-03 -2.30233880e-03
 -4.79018589e-03 -5.98766559e-03  5.24115134e-03 -1.36828603e-03
 -3.19618102e-04 -5.04302567e-04 -1.33171150e-02  3.42639540e-03
 -3.98304079e-03 -1.00177554e-03 -7.08300326e-03  3.08862929e-03
 -4.85708607e-03 -8.85922627e-03  4.37153892e-03  1.70459856e-03
 -1.43503991e-03 -8.01085425e-03 -1.19664607e-03  9.73937861e-04
  1.16502630e-02 -9.83524991e-03  5.68896635e-03  1.89595795e-03
 -2.70496379e-03  2.53397769e-03  1.36662215e-03 -2.03633219e-03
 -4.10482911e-03  3.74705140e-03  5.74545527e-03 -4.90787457e-03
  4.87814499e-03 -2.87974879e-03]",50,
825,50,1,2,0.012376830982429966,,,"[ 0.00303648  0.00201137  0.00397255  0.00799091  0.00033461 -0.01348343
 -0.00257557 -0.0011876   0.00166503  0.00129492 -0.00759438  0.00594388
 -0.00043555 -0.00293929 -0.00733213 -0.00265529 -0.00468311 -0.00609611
  0.00545857 -0.0011329  -0.00012547 -0.00054496 -0.01330373  0.00392622
 -0.00360071 -0.00075597 -0.00722665  0.00330447 -0.00474009 -0.00923896
  0.00420892  0.00187241 -0.00161302 -0.00833395 -0.00165637  0.00050304
  0.01154298 -0.00994926  0.00546277  0.00186906 -0.00280557  0.00261889
  0.00162214 -0.00203848 -0.00385152  0.00369411  0.00560166 -0.00474256
  0.00507336 -0.00221168]",50,
875,50,1,2,0.01234741246268186,,,"[ 3.23977641e-03  2.41001518e-03  3.85735198e-03  7.87618088e-03
  9.14545816e-05 -1.32514996e-02 -2.58214412e-03 -1.58643999e-03
  1.62263523e-03  1.66130822e-03 -7.55208479e-03  5.95850685e-03
 -1.04359978e-03 -3.10140140e-03 -7.35401639e-03 -2.37171064e-03
 -5.11846755e-03 -6.10158196e-03  5.58528274e-03 -1.33856664e-03
 -7.86295362e-05 -4.82829206e-04 -1.29325536e-02  3.74617028e-03
 -3.28857134e-03 -5.70504416e-04 -7.27146869e-03  3.49148187e-03
 -5.16785334e-03 -9.10198843e-03  4.17115361e-03  1.97003010e-03
 -1.71133715e-03 -8.33796320e-03 -1.87139532e-03  4.18056414e-04
  1.10386600e-02 -1.01785375e-02  5.28071080e-03  2.02749147e-03
 -2.91180674e-03  3.11867763e-03  1.27421739e-03 -2.01933603e-03
 -3.93374476e-03  3.69463165e-03  5.31640598e-03 -4.84054418e-03
  4.66777861e-03 -2.13758206e-03]",50,
925,50,1,2,0.012290695017056805,,,"[ 3.29793224e-03  2.37578936e-03  3.90729049e-03  7.80890460e-03
  1.74517684e-04 -1.32906690e-02 -2.54219519e-03 -1.66020344e-03
  1.17370115e-03  1.94577384e-03 -7.31482842e-03  5.99005199e-03
 -9.61584209e-04 -3.15867095e-03 -7.33470983e-03 -2.27618819e-03
 -5.08673107e-03 -5.89339609e-03  5.22452761e-03 -1.45710055e-03
 -5.69502735e-05 -6.16394856e-04 -1.33485608e-02  3.93383927e-03
 -3.15114055e-03 -6.14506551e-04 -7.15219231e-03  3.43663849e-03
 -4.90350457e-03 -9.02681557e-03  3.88028366e-03  2.00635306e-03
 -1.98133744e-03 -8.00805838e-03 -2.07078324e-03  1.38589016e-04
  1.10464930e-02 -1.03449783e-02  5.34148369e-03  1.80158459e-03
 -2.85119134e-03  2.98099207e-03  9.00138572e-04 -1.70934065e-03
 -3.76193058e-03  3.84149134e-03  5.15627227e-03 -4.78445060e-03
  4.85816590e-03 -1.98783228e-03]",50,
975,50,1,2,0.012077749446431767,,,"[ 0.00334557  0.00247138  0.00365885  0.00748212 -0.00028611 -0.01319013
 -0.00318752 -0.00157962  0.00150502  0.00209335 -0.00752234  0.00599114
 -0.00119066 -0.00312676 -0.0072275  -0.0020789  -0.00534302 -0.0058618
  0.00528966 -0.00135533 -0.0002378  -0.00038899 -0.01334777  0.00363393
 -0.0031671  -0.00086198 -0.00701492  0.00349821 -0.0047657  -0.00889931
  0.0035156   0.00201839 -0.00174694 -0.00785678 -0.0021464   0.00049534
  0.01105282 -0.01039512  0.00530741  0.0019989  -0.00293023  0.0033894
  0.00075113 -0.00209045 -0.00388911  0.00392931  0.0050317  -0.00484625
  0.0048015  -0.00224492]",50,
1025,50,1,2,0.012108902148409584,,,"[ 0.00295634  0.00224734  0.00377498  0.00738294 -0.00052635 -0.01293551
 -0.00345622 -0.00146368  0.00176865  0.00221165 -0.00731405  0.00581121
 -0.00088369 -0.00303358 -0.00710778 -0.00238055 -0.00524969 -0.00552626
  0.00552864 -0.00186246 -0.00022703 -0.00046076 -0.01330723  0.00291006
 -0.00307921 -0.00105722 -0.00703556  0.003915   -0.00487137 -0.00859357
  0.00348548  0.00210213 -0.00171417 -0.00748729 -0.00232888  0.00047384
  0.01139947 -0.01115556  0.00507823  0.00196254 -0.00283991  0.00335162
  0.00079448 -0.00245172 -0.00400256  0.00408636  0.00515046 -0.00437338
  0.00501961 -0.00169129]",50,
25,50,1,3,0.02197837528937839,,,"[ 3.61914215e-04  8.24974555e-03  5.40092015e-03 -1.58991607e-03
 -6.29031673e-03 -6.81490545e-03  5.01798171e-03  1.15757978e-02
  3.91951485e-03 -1.77193089e-03 -1.00246643e-02 -1.16379313e-03
  5.43457085e-03 -2.16179175e-03  1.01431305e-03  8.55768760e-03
  3.53004946e-03 -1.36599988e-02 -5.11334911e-03  2.20475033e-03
 -7.06222197e-03  1.39627316e-03 -6.38165517e-03  4.39256679e-03
  1.39699682e-03 -7.20324639e-03 -3.44864907e-03  1.02116560e-02
 -6.59411450e-03 -1.19855183e-03 -3.48973633e-03  1.90562361e-03
 -2.53889995e-03 -4.19022419e-03 -4.85595728e-03 -8.79818771e-04
  8.05605674e-03 -1.74810211e-02  2.91477999e-04  6.47361674e-03
 -7.36810872e-03 -1.18894676e-02 -6.32256109e-04  1.04291560e-03
  1.86005081e-03 -7.83085588e-03 -2.27813187e-03 -2.78220581e-03
  2.88231289e-05 -4.98699687e-03]",50,
75,50,1,3,0.02196067981614476,,,"[-4.88642626e-04  8.53416364e-03 -1.27702360e-03 -7.94611855e-04
  3.63591791e-03 -1.88617707e-02 -2.38154682e-03  5.63793192e-03
 -7.59049701e-03  1.47003676e-02 -1.89020969e-02  3.50948625e-03
 -4.51175918e-03 -4.05054790e-03 -1.23559196e-02  8.16372654e-04
 -4.62819198e-03 -1.81346476e-03  4.67508635e-04 -6.08590350e-04
 -8.46521908e-03  4.20793206e-03 -7.26417862e-03  3.54613401e-03
 -1.00811017e-02  7.91545102e-03 -4.92278100e-03  6.48464730e-03
 -1.43863810e-02 -1.14648667e-02  8.19051805e-03  2.80797902e-03
 -1.33902323e-02 -9.44162975e-03 -3.42591108e-03  3.40698738e-03
  1.42774803e-02 -1.83163915e-02  7.11083305e-03  2.71853226e-03
 -7.48384190e-03 -8.02428687e-04  1.06237049e-02 -3.07555010e-05
 -3.64990236e-03 -1.28477846e-03  2.71589887e-03 -2.16745754e-02
  1.93647295e-03  5.37284759e-03]",50,
125,50,1,3,0.01665520828884439,,,"[-0.00072775  0.00976528 -0.00155729  0.00518408  0.00027363 -0.01228476
 -0.00275135  0.00070021 -0.00249426  0.01008955 -0.00812779  0.00099199
 -0.00324865  0.0027171  -0.004194    0.00025435 -0.00341475 -0.00675647
  0.00140571 -0.00333308 -0.00542947  0.00373879 -0.00955059  0.0059101
 -0.00348525  0.00136786 -0.00318824  0.01033649 -0.00581517 -0.0075051
  0.00588058  0.00223578 -0.00414107 -0.01155556 -0.00343205  0.0015585
  0.01558384 -0.01693579  0.00271813  0.00545589 -0.00871052  0.0019884
  0.00397523  0.00383257 -0.00098775  0.00084599  0.00358231 -0.01303392
  0.00306572 -0.00131377]",50,
175,50,1,3,0.013911183327717822,,,"[ 0.00217681  0.00414232  0.00048117  0.00349205 -0.00054236 -0.0137804
 -0.00472777  0.00037363 -0.00026082  0.00730755 -0.00445747  0.00255483
 -0.00507639 -0.00293396 -0.00862557 -0.00350777 -0.0053307  -0.00601665
  0.00254291 -0.00267786 -0.00078464  0.00169786 -0.00905124  0.00414425
 -0.00814017 -0.00108646 -0.002767    0.00558379 -0.00533711 -0.00681901
  0.00408581  0.00418473 -0.00429251 -0.00750062 -0.00264838  0.00139628
  0.01523951 -0.01466318  0.00355449  0.00301596 -0.00576442  0.00500602
  0.0051119   0.00525711 -0.00497713  0.00222455  0.00442678 -0.00644345
  0.00321315 -0.00310145]",50,
225,50,1,3,0.013790421123260899,,,"[ 1.87837839e-03  5.89589724e-03  3.80649855e-03  7.71044212e-03
 -2.48284201e-03 -1.42912994e-02 -4.27840747e-03  1.49622960e-04
  1.63537699e-03  5.94073082e-03 -5.52091219e-03  3.25067117e-03
 -5.85828165e-03 -1.00983435e-03 -8.56884725e-03 -5.08726220e-03
 -6.14025643e-03 -4.62471414e-03  5.20937336e-03 -3.93997402e-03
  3.20425382e-04 -9.56080959e-04 -9.66412848e-03  1.05246789e-03
 -5.24357261e-03  1.97688999e-03 -5.97645137e-03  8.76224220e-03
 -5.91578164e-03 -7.49962327e-03  1.38388335e-03  4.58294158e-03
 -5.89179152e-03 -6.85618590e-03 -3.84085864e-03  1.85818806e-04
  1.16629256e-02 -1.27662824e-02  2.58226808e-03  2.40451124e-03
 -4.26941216e-03  3.96471454e-03  1.82208604e-03 -8.98837042e-04
 -3.61913752e-03  2.27225334e-03  4.82395117e-03 -5.68401408e-03
  3.84209884e-03  5.69306968e-05]",50,
275,50,1,3,0.013143303209394617,,,"[ 1.80311266e-03  3.24722549e-03  4.14719575e-03  5.68921021e-03
 -3.40842655e-03 -1.53925362e-02 -5.55483026e-03 -7.14803284e-04
  5.63442327e-05  4.88052634e-03 -6.28763644e-03  3.67263925e-03
 -4.23464678e-03 -1.38835878e-03 -6.81448993e-03 -4.66389940e-03
 -6.43734255e-03 -2.48250801e-03  4.62968643e-03 -3.79120507e-03
  1.04911505e-03 -8.07519728e-04 -1.01048610e-02  4.35999213e-04
 -7.40412582e-03  4.10507873e-04 -6.82010315e-03  5.79184633e-03
 -5.56094311e-03 -6.48827844e-03  1.43151846e-03  3.76679185e-03
 -3.97307782e-03 -8.30685570e-03 -3.98981727e-03 -1.59586445e-03
  1.21874809e-02 -1.30903900e-02  4.82216716e-03  2.23352892e-03
 -3.65284668e-03  3.39748533e-03  1.42845879e-03 -5.60169476e-04
 -3.50716606e-03  1.60333753e-03  6.57483056e-03 -3.45575682e-03
  4.49308323e-03 -1.19187930e-03]",50,
325,50,1,3,0.013142918926532729,,,"[ 1.21500440e-03  3.84858235e-03  4.31223613e-03  6.79731171e-03
 -3.20186735e-03 -1.57616108e-02 -5.83978347e-03 -1.08161273e-03
 -6.83988745e-07  3.63648909e-03 -6.22878901e-03  4.57070399e-03
 -4.56076666e-03 -5.11932174e-04 -6.31982017e-03 -3.94038269e-03
 -7.79875936e-03 -3.19295908e-03  5.58040477e-03 -3.33058810e-03
  1.22735928e-03 -3.76826325e-04 -9.42655452e-03  2.72128988e-04
 -6.83225483e-03  2.41852890e-04 -5.85818404e-03  6.21427854e-03
 -6.74296979e-03 -7.05680626e-03  1.65337681e-03  3.45728119e-03
 -2.25737631e-03 -7.45340370e-03 -3.72703607e-03 -2.30369525e-03
  1.21812189e-02 -1.37895199e-02  4.22717975e-03  3.00832454e-03
 -3.52320475e-03  3.07979694e-03  8.33264449e-04 -1.60739410e-03
 -2.81302503e-03  2.89065379e-03  6.80242866e-03 -3.97574720e-03
  4.97374615e-03 -7.50651107e-04]",50,
375,50,1,3,0.0125987599875441,,,"[ 0.00198086  0.00450929  0.00446511  0.00807508 -0.00152647 -0.01544542
 -0.00426168 -0.00222675  0.00061444  0.00350081 -0.00510409  0.00497577
 -0.00274188 -0.00194127 -0.00693831 -0.00412674 -0.00606065 -0.00470811
  0.00423209 -0.00212192 -0.00077882  0.00078624 -0.01080402  0.00156498
 -0.00504348 -0.00118531 -0.0071899   0.00520655 -0.00506759 -0.00805
  0.0025933   0.00191511 -0.00192321 -0.00702243 -0.00390342 -0.00075393
  0.0117953  -0.01338286  0.00426025  0.00278144 -0.00360994  0.0025549
  0.00133995 -0.00274378 -0.00438413  0.00394254  0.00588686 -0.0038255
  0.00446293 -0.002198  ]",50,
425,50,1,3,0.012466580555148994,,,"[ 0.00190631  0.00373993  0.00476985  0.0083681  -0.00159182 -0.014351
 -0.00446261 -0.00274421  0.00122786  0.00280671 -0.00628591  0.00490354
 -0.002141   -0.00173935 -0.00795895 -0.00376928 -0.00577163 -0.00487541
  0.00465713 -0.00112186 -0.00045575  0.00146833 -0.01199218  0.00273416
 -0.0041358  -0.00133917 -0.0062341   0.00517393 -0.00477454 -0.00803595
  0.002052    0.00207451 -0.00169676 -0.00703449 -0.0046335  -0.00116765
  0.01220838 -0.01314332  0.00435431  0.00318795 -0.00300107  0.00315652
  0.00144095 -0.00215461 -0.00390566  0.00427365  0.00492695 -0.0031003
  0.00462513 -0.00165455]",50,
475,50,1,3,0.01242436342827034,,,"[ 0.00250888  0.00436028  0.00388812  0.00746142 -0.00105365 -0.01377406
 -0.00453842 -0.00302345  0.00169927  0.00260585 -0.00648452  0.00541343
 -0.00193136 -0.00192815 -0.00763328 -0.00299528 -0.00597624 -0.00492135
  0.00513474 -0.00127454 -0.00033796  0.00107192 -0.01216495  0.00249926
 -0.00371962 -0.00094978 -0.00634792  0.00557824 -0.00532461 -0.00791789
  0.00236558  0.00268964 -0.00266499 -0.00721841 -0.00446773 -0.00103881
  0.0125781  -0.01233804  0.00506678  0.00341473 -0.00328765  0.00363026
  0.00176569 -0.00177268 -0.00389475  0.00407246  0.00449192 -0.0035355
  0.00418915 -0.00138355]",50,
525,50,1,3,0.012463835005794408,,,"[ 0.0025438   0.00469655  0.00368032  0.00770413 -0.00190812 -0.01395231
 -0.004655   -0.00342345  0.0017065   0.00260395 -0.00667241  0.00557088
 -0.00180078 -0.00199264 -0.0070524  -0.00289848 -0.00535532 -0.00453498
  0.00550466 -0.00163568  0.00045125  0.00098732 -0.01195222  0.00272185
 -0.00421469 -0.00078406 -0.00628353  0.0059841  -0.0055188  -0.00814908
  0.00246194  0.00310601 -0.00271219 -0.0077755  -0.0044009  -0.00087548
  0.01200734 -0.01191984  0.0051982   0.003348   -0.00326718  0.00360061
  0.00112488 -0.00199623 -0.00353311  0.0041541   0.00453528 -0.00308933
  0.00474621 -0.00238745]",50,
575,50,1,3,0.012613293815380188,,,"[ 0.00264998  0.00452779  0.00365331  0.00791155 -0.00182936 -0.01411642
 -0.00476931 -0.00277908  0.00163109  0.0019603  -0.00669498  0.00524642
 -0.00139351 -0.00217231 -0.00758752 -0.00245996 -0.00499562 -0.0052046
  0.00600885 -0.00249201  0.00075527  0.00120131 -0.01257044  0.00276359
 -0.00396594 -0.00038288 -0.00633043  0.00576249 -0.00583359 -0.0088117
  0.00214995  0.00251604 -0.0025504  -0.00785709 -0.00367722 -0.00065058
  0.0121387  -0.01180335  0.00548711  0.00295647 -0.00314016  0.00346563
  0.00144104 -0.00223529 -0.0038658   0.0046531   0.00419607 -0.0028798
  0.00483815 -0.0019142 ]",50,
625,50,1,3,0.012568232193529524,,,"[ 0.00252662  0.00446531  0.00385658  0.00714262 -0.00166124 -0.0142635
 -0.00448169 -0.00264485  0.00188042  0.0015302  -0.00680486  0.00559165
 -0.00165673 -0.00218762 -0.00755638 -0.00228977 -0.00552182 -0.00557981
  0.00613592 -0.00224588  0.00092025  0.00075268 -0.01229996  0.00276981
 -0.00357068 -0.00019601 -0.00600571  0.00534276 -0.00599603 -0.00860031
  0.00234347  0.00283852 -0.0022406  -0.00772208 -0.00393081 -0.00053153
  0.0115012  -0.01144835  0.00474629  0.00314391 -0.00295353  0.00378257
  0.00126751 -0.00237369 -0.00396526  0.00454698  0.00431431 -0.00368211
  0.0047468  -0.00226186]",50,
675,50,1,3,0.01241877981105972,,,"[ 0.00266447  0.00426143  0.00348847  0.00741848 -0.00121357 -0.01349946
 -0.00469405 -0.00295332  0.0015726   0.00155413 -0.00677619  0.00589689
 -0.00144287 -0.00202879 -0.00748915 -0.0021504  -0.00565239 -0.00555815
  0.00587731 -0.00211283  0.00068309  0.00042386 -0.01210267  0.00281486
 -0.0036771  -0.00014188 -0.00554381  0.00487329 -0.00592573 -0.00833107
  0.00174273  0.00249028 -0.00218099 -0.0074019  -0.00308844 -0.00022543
  0.01194431 -0.011338    0.00467797  0.00340748 -0.00284181  0.00377727
  0.00146923 -0.00208747 -0.00368056  0.00472674  0.00418397 -0.00386217
  0.0047172  -0.00228786]",50,
725,50,1,3,0.012287393818217538,,,"[ 0.00252188  0.00377968  0.00325151  0.00776627 -0.00103162 -0.01311987
 -0.00422378 -0.00285724  0.00148764  0.00200856 -0.00691633  0.00538564
 -0.001377   -0.00238651 -0.00761291 -0.00230982 -0.00592321 -0.00550148
  0.00627801 -0.002071    0.00030932  0.00051898 -0.01206031  0.00273698
 -0.00328442 -0.00049791 -0.00528864  0.00484443 -0.00535669 -0.0082614
  0.00209792  0.00256291 -0.00168383 -0.00734365 -0.00321143 -0.00057149
  0.01164791 -0.01121842  0.00507427  0.00316699 -0.00297252  0.00362165
  0.00100368 -0.00221537 -0.00369633  0.00418033  0.00449783 -0.00425547
  0.00457343 -0.00228268]",50,
775,50,1,3,0.01227358052331283,,,"[ 0.00229796  0.00375076  0.00392355  0.00781859 -0.00113004 -0.01315097
 -0.0038129  -0.00252514  0.00084499  0.00195221 -0.00709066  0.00572926
 -0.00108184 -0.00340543 -0.00764934 -0.00314957 -0.00528284 -0.00565525
  0.00597155 -0.00175916  0.00024819  0.00021082 -0.01233225  0.00265042
 -0.00305615 -0.00061321 -0.00564572  0.00404083 -0.00490123 -0.00868385
  0.00252947  0.00289631 -0.00160993 -0.00715062 -0.00238101 -0.00039739
  0.01125444 -0.01127113  0.00554216  0.00256717 -0.0026512   0.00383249
  0.0014243  -0.00217587 -0.0037319   0.00392132  0.00438176 -0.00386218
  0.00467584 -0.0021201 ]",50,
825,50,1,3,0.012324482704544266,,,"[ 2.50354212e-03  3.05340201e-03  3.90943072e-03  7.85718610e-03
 -6.13687778e-04 -1.33573903e-02 -4.00246027e-03 -2.09645889e-03
  1.17379458e-03  2.25616076e-03 -7.28918239e-03  5.89813256e-03
 -1.36973287e-03 -3.02469668e-03 -7.29453600e-03 -2.89248129e-03
 -4.83480119e-03 -5.60259850e-03  5.84957098e-03 -1.77820505e-03
 -6.29754693e-05  2.30304344e-04 -1.26891456e-02  2.42543938e-03
 -2.63196887e-03 -4.74239711e-04 -6.01301470e-03  4.22891358e-03
 -4.99156897e-03 -8.97211346e-03  2.97513194e-03  2.55196608e-03
 -1.42726938e-03 -7.51216106e-03 -2.47836787e-03  3.24511022e-04
  1.14736152e-02 -1.11944182e-02  5.59805245e-03  2.58902319e-03
 -3.27231614e-03  3.67167690e-03  1.24660863e-03 -1.95398086e-03
 -3.39959417e-03  4.47405181e-03  4.33255678e-03 -4.18925600e-03
  5.02772294e-03 -1.66338274e-03]",50,
875,50,1,3,0.012125023879892751,,,"[ 2.74447399e-03  2.96380597e-03  4.06649339e-03  8.12594269e-03
 -5.39079453e-04 -1.33315661e-02 -4.04485792e-03 -2.18830424e-03
  1.21139393e-03  2.08994459e-03 -7.41209491e-03  6.06837979e-03
 -1.42631765e-03 -3.12163862e-03 -7.36085104e-03 -2.41773084e-03
 -5.03903130e-03 -5.60067919e-03  5.97840933e-03 -1.61186694e-03
  1.80244394e-04 -4.93273333e-05 -1.26770127e-02  2.68051250e-03
 -2.36070847e-03 -9.94595547e-04 -6.21750722e-03  3.95167685e-03
 -4.99484917e-03 -8.41042998e-03  2.78569116e-03  2.82710107e-03
 -1.44949463e-03 -7.44969557e-03 -2.14621757e-03  5.79152468e-04
  1.19454180e-02 -1.11661200e-02  5.07916998e-03  2.24698839e-03
 -3.33432292e-03  3.84183831e-03  9.93028905e-04 -2.19336913e-03
 -4.04759797e-03  4.26333644e-03  4.29441748e-03 -4.25229235e-03
  4.81173787e-03 -1.77232991e-03]",50,
925,50,1,3,0.01214597352195426,,,"[ 0.00250884  0.00259709  0.00375929  0.00764146 -0.00048996 -0.01356372
 -0.00384685 -0.00195852  0.00151933  0.00188854 -0.00754245  0.00579384
 -0.00101871 -0.0029401  -0.00741382 -0.00239332 -0.00523994 -0.00596266
  0.0058445  -0.0016483   0.00027009 -0.00019926 -0.01309841  0.00254819
 -0.00224769 -0.0008775  -0.00691178  0.00385159 -0.0047199  -0.00857229
  0.00330291  0.00260459 -0.00204701 -0.00748481 -0.00222471  0.00090406
  0.01172559 -0.01105174  0.00513529  0.00208023 -0.00358432  0.00337567
  0.00113276 -0.00202614 -0.00410376  0.00396523  0.00471102 -0.00405906
  0.0049037  -0.00191179]",50,
975,50,1,3,0.012053898531175946,,,"[ 0.00256239  0.002038    0.0034778   0.0075077  -0.00050327 -0.01315422
 -0.00360237 -0.00154545  0.00187071  0.00223711 -0.00741913  0.00577826
 -0.00132841 -0.00301855 -0.00729973 -0.00241736 -0.00541716 -0.00581212
  0.00553552 -0.00146319 -0.00040347 -0.00048468 -0.01320752  0.00264298
 -0.00286234 -0.0010158  -0.00719067  0.00379558 -0.00478774 -0.00861671
  0.00320444  0.00231125 -0.00194048 -0.00762473 -0.00256501  0.00070831
  0.01144352 -0.01151602  0.00504209  0.00214735 -0.00294493  0.0038439
  0.0010346  -0.00231866 -0.0041292   0.00398541  0.00513707 -0.00437503
  0.00514944 -0.00175234]",50,
1025,50,1,3,0.012108902148428911,,,"[ 0.00295634  0.00224734  0.00377498  0.00738294 -0.00052635 -0.01293551
 -0.00345622 -0.00146368  0.00176865  0.00221165 -0.00731405  0.00581121
 -0.00088369 -0.00303358 -0.00710778 -0.00238055 -0.00524969 -0.00552626
  0.00552864 -0.00186246 -0.00022703 -0.00046076 -0.01330723  0.00291006
 -0.00307921 -0.00105722 -0.00703556  0.003915   -0.00487137 -0.00859357
  0.00348548  0.00210213 -0.00171417 -0.00748729 -0.00232888  0.00047384
  0.01139947 -0.01115556  0.00507823  0.00196254 -0.00283991  0.00335162
  0.00079448 -0.00245172 -0.00400256  0.00408636  0.00515046 -0.00437338
  0.00501961 -0.00169129]",50,
25,50,1,4,0.018159213349643436,,,"[ 0.00149937  0.00322017  0.00266635  0.00337591 -0.00119573 -0.00514299
  0.00702942 -0.00535011 -0.00425297  0.00197026 -0.00305176 -0.00042675
 -0.00234266 -0.00278132 -0.00537633 -0.0049218  -0.00871421 -0.00192183
 -0.00400605  0.00364684 -0.00389124 -0.00660425 -0.00591202 -0.00085436
 -0.0046469   0.00035415 -0.00663728  0.00996336 -0.00159056 -0.00438405
  0.01046027 -0.00229065 -0.00733338 -0.00041253  0.00102898 -0.00111667
 -0.00187026 -0.00791589  0.00237216 -0.00052489 -0.00488188  0.00165397
 -0.01529287 -0.00088986 -0.00446944  0.00109149  0.00312811 -0.00613963
  0.00152465  0.0039628 ]",50,
75,50,1,4,0.020509475833749777,,,"[ 1.12093268e-02  1.22031940e-02 -5.52411191e-03  7.04894093e-03
 -2.88429531e-03 -1.62194608e-02  8.27068023e-05 -1.97748401e-03
  2.65462764e-03  1.37446428e-04 -6.66558195e-03 -1.29228636e-03
 -4.41094763e-03 -8.07584425e-03 -4.92460293e-03 -2.75594147e-03
 -7.27861693e-03  4.66062057e-03  7.00444469e-03 -4.55719243e-04
 -9.93973526e-03 -1.25570938e-02 -2.54419100e-03  3.10244923e-03
  6.04050416e-03 -1.27475904e-03 -1.04868858e-02 -8.41582914e-04
 -4.57976408e-03 -1.14564916e-02  7.98819198e-03  2.81380678e-03
 -2.23672559e-03 -4.61703599e-03 -3.83909833e-03 -1.05605804e-02
  6.97720841e-03 -1.19070567e-02 -4.21040303e-03  5.47863762e-03
 -1.18978079e-02 -6.17731639e-03 -5.62349974e-03 -2.54147900e-03
  4.78709181e-03 -2.00823546e-03  1.88161425e-03 -5.64077944e-03
  1.09351942e-02  7.01857628e-03]",50,
125,50,1,4,0.017615077658094832,,,"[ 1.29153157e-02  1.28711436e-02 -9.45692197e-04  5.36222821e-03
  7.60827409e-03 -1.58140481e-02 -6.49380648e-03 -3.61936565e-03
 -5.29970257e-03  7.81293241e-04 -9.87363598e-03 -2.18938648e-03
 -8.46232928e-03 -4.56332215e-03 -2.49955638e-03 -9.86817029e-03
 -6.62337719e-03 -3.84170968e-03  9.67298915e-03 -1.03629575e-03
 -1.43507298e-03  9.95565880e-04 -1.11256290e-02 -5.41965087e-04
 -6.97400085e-04 -9.44373345e-05 -4.28139554e-03  4.61271805e-03
 -6.95332948e-03 -5.53769942e-03  1.15843061e-02 -1.09043296e-03
  2.09127416e-03 -6.63066281e-03 -4.73539938e-03 -7.31847591e-03
  1.93195440e-02 -7.13603239e-03  2.80960767e-03  9.25505228e-04
 -9.88914184e-03 -3.37102369e-03  1.86126379e-03 -8.21247586e-04
 -6.77491193e-03  4.99795292e-03  5.00085486e-03 -3.19657805e-03
 -2.23611893e-03 -4.37924248e-03]",50,
175,50,1,4,0.01426292347154913,,,"[ 7.79614299e-03  7.43135697e-03  1.37505430e-03  8.31312943e-03
  2.43103822e-03 -1.49094291e-02 -6.78303597e-03 -2.35691930e-03
 -1.07016346e-03  2.75680148e-03 -7.61447823e-03  5.09767480e-03
 -5.38910335e-03 -3.16920193e-03 -6.35158031e-03 -3.11799743e-03
 -5.65208631e-03 -3.59159052e-03  8.25669059e-03 -3.38237875e-05
 -8.54638913e-04  3.72930835e-03 -1.44315418e-02  1.83588295e-03
 -1.54117398e-05  1.39829144e-03 -7.36186372e-03  1.45245482e-03
 -6.79966192e-03 -5.95574751e-03  5.29010994e-03  1.20828998e-03
 -3.90833645e-05 -8.32070083e-03 -2.88842716e-03 -4.94383051e-03
  1.59124656e-02 -5.86031596e-03  5.14301248e-03  3.35705414e-03
 -5.12778511e-03  1.79966318e-03 -2.13581968e-03 -2.27077739e-03
 -3.81738152e-03  6.64835703e-03  4.66852993e-03 -5.58260903e-03
 -7.73717295e-04 -3.63796329e-03]",50,
225,50,1,4,0.013769454962065879,,,"[ 0.00668653  0.00482498  0.00334527  0.00864655  0.00205104 -0.01470108
 -0.00658205 -0.00308657 -0.000772    0.00175375 -0.00828978  0.00603689
 -0.00548073 -0.00100371 -0.00687059 -0.00377378 -0.00561738 -0.0026974
  0.00688365 -0.00287426 -0.00140047  0.00131656 -0.01316338  0.00206241
 -0.00095065  0.0005762  -0.00637582  0.00206463 -0.00782599 -0.00751322
  0.00392758  0.00238546 -0.00021262 -0.00766956 -0.00201625 -0.00532759
  0.01286437 -0.0102131   0.0041744   0.00234755 -0.00495074  0.00159584
 -0.00014409 -0.00186599 -0.00303511  0.00623101  0.00543505 -0.00731925
  0.00122757 -0.00159748]",50,
275,50,1,4,0.013156589939497962,,,"[ 5.25525963e-03  3.52403484e-03  3.30354298e-03  7.03171351e-03
  1.19812400e-03 -1.32884242e-02 -6.07999195e-03 -1.35425171e-03
 -4.68971939e-04  1.53051447e-03 -7.82336166e-03  5.92351056e-03
 -4.34028100e-03 -1.37102638e-03 -6.21268511e-03 -3.17430065e-03
 -6.77280822e-03 -3.43636857e-03  6.77247797e-03 -2.61439989e-03
 -6.20784095e-04  3.51210794e-05 -1.14941304e-02  2.60341465e-03
 -1.16827437e-03  1.29103391e-03 -5.77612154e-03  3.35707605e-03
 -8.48860979e-03 -8.32055089e-03  2.92836794e-03  4.08545532e-03
  4.08387976e-04 -6.75078225e-03 -1.30884492e-03 -3.42496453e-03
  1.33776596e-02 -1.03650194e-02  5.29499430e-03  8.57575788e-04
 -3.87213814e-03  1.17350642e-03 -1.05190592e-03 -1.27252274e-04
 -2.14494774e-03  4.09461481e-03  5.78979270e-03 -6.54362350e-03
  3.24466742e-03 -1.41377499e-03]",50,
325,50,1,4,0.013031209921413165,,,"[ 4.56880489e-03  3.69996883e-03  2.82070505e-03  7.09337773e-03
  1.02464301e-03 -1.35033790e-02 -5.03814650e-03 -1.58154850e-03
 -3.69094279e-05  2.68268709e-03 -7.29927688e-03  6.22829456e-03
 -3.45642631e-03 -3.26765850e-03 -6.99974572e-03 -3.10576920e-03
 -6.10642244e-03 -6.26063928e-03  7.53668872e-03 -3.62204871e-03
 -5.60853519e-04  1.51160816e-03 -1.11244338e-02  3.21831036e-03
 -2.21862189e-03  1.25954912e-03 -6.79161189e-03  3.03376444e-03
 -7.49295763e-03 -6.64403202e-03  3.57231169e-03  4.00793437e-03
  5.49848930e-05 -6.55689912e-03 -1.91500668e-03 -2.04281511e-03
  1.36901220e-02 -1.06099712e-02  4.59616771e-03 -1.39991995e-04
 -2.43132927e-03  2.47353395e-03  6.80074086e-04  5.30661148e-04
 -1.18452749e-03  3.90905701e-03  5.43822734e-03 -5.42196319e-03
  3.36668839e-03 -2.46900380e-03]",50,
375,50,1,4,0.012808211009214573,,,"[ 4.93914614e-03  3.08467312e-03  3.35192093e-03  6.41402839e-03
  9.12595227e-05 -1.38280958e-02 -4.03377757e-03 -2.21572999e-03
  6.41244931e-04  2.78020610e-03 -8.35084266e-03  6.45313336e-03
 -2.88333414e-03 -3.55387048e-03 -6.55522156e-03 -4.23473091e-03
 -6.32615212e-03 -6.53151523e-03  6.20231502e-03 -3.03151344e-03
 -6.20485965e-04  1.08540089e-03 -1.19330641e-02  2.75040937e-03
 -3.08891843e-03  1.03345806e-03 -6.72437565e-03  2.26102338e-03
 -6.28212510e-03 -7.63616269e-03  3.15948151e-03  3.22368803e-03
 -5.25262090e-04 -6.02647938e-03 -1.55075845e-03 -1.58934413e-03
  1.35665278e-02 -1.10117858e-02  5.48590555e-03 -1.55934480e-04
 -2.17582039e-03  2.99028518e-03  1.57907088e-03 -5.95643595e-04
 -1.39612239e-03  3.15308449e-03  5.42118656e-03 -5.14477540e-03
  3.08811267e-03 -1.54419948e-03]",50,
425,50,1,4,0.012773476023908756,,,"[ 0.00522539  0.00334222  0.00403006  0.00774283  0.0004226  -0.01387927
 -0.00430228 -0.00315646  0.00096956  0.00280149 -0.00831922  0.00647772
 -0.00251758 -0.00406781 -0.0058729  -0.00359287 -0.00642318 -0.00645406
  0.00585255 -0.00194202 -0.0005516   0.00118152 -0.01240266  0.00283769
 -0.00357097  0.00120483 -0.00600347  0.00183807 -0.00533781 -0.00711522
  0.00330989  0.00346261 -0.0008691  -0.00654    -0.00168442 -0.00153042
  0.01379273 -0.0108048   0.0058479   0.00027187 -0.00193234  0.00250404
  0.00086477 -0.00016206 -0.00187371  0.00351661  0.00512187 -0.00512248
  0.0030093  -0.0009164 ]",50,
475,50,1,4,0.012750224449013104,,,"[ 0.0054608   0.00207437  0.00366972  0.0087828   0.00091505 -0.01261055
 -0.00309354 -0.00190591  0.00091854  0.00348529 -0.00788978  0.00630569
 -0.0019346  -0.00454145 -0.00569684 -0.0025813  -0.00663131 -0.0064105
  0.00547897 -0.00301199 -0.00017678  0.00098795 -0.0128963   0.00278562
 -0.00330753  0.00112421 -0.00606621  0.00139349 -0.00569799 -0.00759332
  0.0019825   0.00341762 -0.00032199 -0.00704221 -0.00136064 -0.00091347
  0.01308062 -0.01089775  0.00493105  0.00088331 -0.0024099   0.00223103
  0.00074053 -0.0007369  -0.00217153  0.00306152  0.0050683  -0.00485481
  0.00289541 -0.00103721]",50,
525,50,1,4,0.01230182417744004,,,"[ 0.00464559  0.00274276  0.0046317   0.00745019 -0.00039032 -0.01308693
 -0.0028682  -0.00184842  0.00042842  0.00285318 -0.00747112  0.00591312
 -0.0022905  -0.00440258 -0.00601331 -0.00221325 -0.00690815 -0.00540039
  0.00518808 -0.00288692 -0.00026642  0.0010636  -0.01248856  0.00270452
 -0.00250862  0.00030845 -0.00647834  0.00203059 -0.00595681 -0.00759561
  0.0018596   0.00295689 -0.00031874 -0.00730986 -0.00112013 -0.00030791
  0.01315719 -0.01096235  0.00454328  0.00160938 -0.00254654  0.00237586
  0.00038501 -0.0012022  -0.00344356  0.00312947  0.00576122 -0.00528893
  0.00332971 -0.00160479]",50,
575,50,1,4,0.012404190063003284,,,"[ 4.34343648e-03  3.28453683e-03  4.81757514e-03  7.38242425e-03
 -2.45830656e-05 -1.30908555e-02 -3.91727052e-03 -2.01386985e-03
  1.04730552e-04  2.40377895e-03 -7.61369036e-03  5.92874453e-03
 -1.82832569e-03 -4.46070326e-03 -6.48627424e-03 -2.37221662e-03
 -7.16293423e-03 -5.64807843e-03  5.34570483e-03 -2.65269236e-03
 -4.94795970e-04  1.16021762e-03 -1.28162016e-02  2.17411990e-03
 -3.11305840e-03  4.82942254e-04 -6.04249438e-03  2.23412653e-03
 -5.82528133e-03 -7.93088299e-03  2.09343175e-03  2.92451787e-03
  2.10076172e-04 -6.84584560e-03 -6.34343454e-04 -6.15798280e-04
  1.22428567e-02 -1.10584836e-02  5.63024521e-03  2.15149384e-03
 -2.81159734e-03  2.09722091e-03  2.25932962e-04 -1.33357271e-03
 -3.36743082e-03  3.44433348e-03  6.39034802e-03 -5.33129045e-03
  3.27497826e-03 -1.92614040e-03]",50,
625,50,1,4,0.012345345510159972,,,"[ 3.36879696e-03  2.73309189e-03  5.16338166e-03  7.18108501e-03
 -9.68562702e-04 -1.30449208e-02 -4.47711627e-03 -1.43590167e-03
  3.31174158e-04  2.41654134e-03 -7.04469376e-03  5.86269517e-03
 -2.06493310e-03 -3.85726428e-03 -6.44099614e-03 -2.76130644e-03
 -7.88144601e-03 -5.04437477e-03  5.16627118e-03 -3.05593702e-03
 -1.25434882e-03  2.85028671e-05 -1.29711320e-02  2.35367025e-03
 -3.66490867e-03 -1.36621472e-04 -7.17391143e-03  2.25940374e-03
 -5.04019435e-03 -8.09838330e-03  2.95427190e-03  3.00465909e-03
 -7.64655491e-04 -6.36829538e-03 -1.15241117e-03 -5.87340511e-04
  1.18709006e-02 -1.11620348e-02  5.08503601e-03  2.05111841e-03
 -3.25270867e-03  2.14442477e-03  6.55993286e-04 -1.52053589e-03
 -3.42276914e-03  3.92547006e-03  5.72869896e-03 -5.33287950e-03
  4.53613238e-03 -1.31152395e-03]",50,
675,50,1,4,0.01222173200600082,,,"[ 3.11508268e-03  2.18980518e-03  5.19297828e-03  7.25510121e-03
 -1.29487293e-03 -1.37023899e-02 -3.76885491e-03 -1.28277873e-03
  1.49044688e-04  2.36152878e-03 -6.55200449e-03  6.12185321e-03
 -1.62885002e-03 -4.36297967e-03 -7.08138151e-03 -2.51520291e-03
 -6.40463486e-03 -5.35587213e-03  4.92619763e-03 -2.33881664e-03
 -5.47326176e-04  4.29168594e-04 -1.26534233e-02  2.61671787e-03
 -2.92234859e-03 -4.10324710e-04 -7.38731721e-03  2.15996073e-03
 -4.69193572e-03 -7.92967984e-03  2.68664211e-03  2.80404816e-03
 -1.17433480e-03 -7.12843671e-03 -1.44491229e-03  6.52012493e-05
  1.14709887e-02 -1.13605553e-02  5.01966202e-03  2.04303361e-03
 -2.92451535e-03  2.94109650e-03  1.63537627e-03 -1.74752964e-03
 -3.65640243e-03  3.34711306e-03  5.61961961e-03 -5.48594964e-03
  4.51542006e-03 -1.67295117e-03]",50,
725,50,1,4,0.01219814525858851,,,"[ 2.96745868e-03  2.53317298e-03  4.83012251e-03  7.28433248e-03
 -1.67030061e-03 -1.35721405e-02 -3.96850838e-03 -1.22363133e-03
  8.10566789e-04  2.69187391e-03 -6.88483945e-03  5.98805148e-03
 -1.16901955e-03 -4.16248167e-03 -7.05342860e-03 -2.26777201e-03
 -5.72693342e-03 -5.58045567e-03  5.37056441e-03 -2.13025162e-03
 -5.84549400e-04  5.43950518e-04 -1.25115699e-02  2.34471290e-03
 -2.91523790e-03 -6.60165247e-04 -7.24813646e-03  2.76349432e-03
 -4.63100374e-03 -7.80675338e-03  3.23870044e-03  2.69115448e-03
 -1.09624965e-03 -7.09053666e-03 -1.62526466e-03  6.30497262e-05
  1.10404999e-02 -1.10670711e-02  5.01537586e-03  2.00362165e-03
 -2.56876500e-03  2.68262758e-03  1.71555244e-03 -1.88515940e-03
 -3.54216688e-03  3.81377052e-03  5.43911936e-03 -5.08151889e-03
  4.49975221e-03 -1.66390815e-03]",50,
775,50,1,4,0.012341618233001554,,,"[ 2.62709413e-03  2.50253081e-03  4.50145235e-03  7.07787558e-03
 -1.67985408e-03 -1.33717765e-02 -3.50403680e-03 -1.48185873e-03
  7.16747968e-04  2.16776501e-03 -6.79664213e-03  5.96375114e-03
 -1.15605653e-03 -3.55465954e-03 -7.14385434e-03 -2.90467491e-03
 -5.21757004e-03 -5.46988575e-03  5.94869505e-03 -2.88134632e-03
  4.17094672e-04  1.97693611e-04 -1.30928320e-02  2.37960576e-03
 -3.42284775e-03 -8.76749262e-04 -7.01141488e-03  3.60711045e-03
 -4.92164380e-03 -8.46351708e-03  3.38092110e-03  2.38856821e-03
 -1.63949834e-03 -7.22155518e-03 -2.04238743e-03 -5.80813703e-05
  1.08827280e-02 -1.13222777e-02  4.93721876e-03  1.93511011e-03
 -2.50428628e-03  2.72529893e-03  1.70643081e-03 -2.02984825e-03
 -3.84590655e-03  3.49475343e-03  5.42380083e-03 -4.71950705e-03
  5.16093994e-03 -1.86680680e-03]",50,
825,50,1,4,0.012424163037147195,,,"[ 0.00271396  0.0020734   0.00480232  0.00701494 -0.00104945 -0.01339782
 -0.00352795 -0.0013596   0.00074502  0.00234774 -0.00731647  0.00624378
 -0.00104977 -0.00388237 -0.00723099 -0.00240758 -0.00479946 -0.00564031
  0.00608749 -0.0028684   0.00025306  0.00032289 -0.01310986  0.00247393
 -0.00293775 -0.00064772 -0.00706322  0.00358377 -0.0049861  -0.00884588
  0.00369814  0.00215071 -0.00172381 -0.00717407 -0.00223187 -0.00020901
  0.01156004 -0.01157021  0.00472072  0.00205306 -0.00224424  0.00312304
  0.00122758 -0.00248999 -0.00376604  0.00367018  0.00570799 -0.00465363
  0.00491473 -0.00151334]",50,
875,50,1,4,0.012334376113073517,,,"[ 3.05806338e-03  2.11926053e-03  4.60552162e-03  7.44815771e-03
 -4.09252164e-04 -1.30507997e-02 -3.48014005e-03 -1.51148776e-03
  1.01619060e-03  2.29573052e-03 -7.25788690e-03  6.26184898e-03
 -1.17433168e-03 -3.22590690e-03 -7.45625443e-03 -2.79573083e-03
 -4.97414444e-03 -5.42290663e-03  5.99010915e-03 -2.53432089e-03
  4.09420270e-05  3.85224617e-04 -1.28389823e-02  2.92037193e-03
 -2.89561229e-03 -1.06109087e-03 -6.99776357e-03  3.75021675e-03
 -4.73491869e-03 -8.45532091e-03  3.66225200e-03  1.96008435e-03
 -1.69414737e-03 -6.72965375e-03 -1.98151436e-03 -9.51444462e-05
  1.14023064e-02 -1.13624028e-02  4.72029022e-03  2.23417501e-03
 -2.46373995e-03  2.92870404e-03  1.00037794e-03 -2.29521161e-03
 -4.29268513e-03  4.04834658e-03  5.68714573e-03 -5.05297590e-03
  4.95411634e-03 -1.41569241e-03]",50,
925,50,1,4,0.012269487376998426,,,"[ 3.11355617e-03  2.16124318e-03  4.32000050e-03  7.79431944e-03
 -1.16203229e-04 -1.31449537e-02 -3.42305691e-03 -1.61714624e-03
  1.39987395e-03  1.88240005e-03 -7.15839938e-03  5.89682894e-03
 -1.31764473e-03 -2.89059544e-03 -7.44422162e-03 -2.67090114e-03
 -5.52860473e-03 -5.59263511e-03  5.84436989e-03 -2.36739670e-03
  4.94847638e-05  8.06136192e-05 -1.29663332e-02  2.89642833e-03
 -2.88575506e-03 -1.36840260e-03 -6.80953486e-03  3.89949535e-03
 -5.19167736e-03 -8.39031734e-03  3.59768207e-03  1.63042992e-03
 -1.94254444e-03 -6.94259412e-03 -1.97251868e-03  7.08778473e-05
  1.13935757e-02 -1.14343877e-02  5.00790156e-03  2.50717591e-03
 -2.65749973e-03  2.84378629e-03  1.11116392e-03 -2.25087870e-03
 -4.24472759e-03  4.25271378e-03  5.63918410e-03 -4.70300699e-03
  4.67191456e-03 -1.41499506e-03]",50,
975,50,1,4,0.012175014632140914,,,"[ 3.21023565e-03  2.20101843e-03  4.07338102e-03  7.57304038e-03
 -3.16478035e-06 -1.31645896e-02 -3.41582250e-03 -1.39417183e-03
  1.87413719e-03  1.90065713e-03 -7.25276906e-03  5.71042511e-03
 -1.25516860e-03 -3.16367715e-03 -7.34918025e-03 -2.55428902e-03
 -5.45592038e-03 -5.62315837e-03  5.72076667e-03 -2.44184248e-03
 -1.44892518e-04 -3.08297056e-04 -1.30106529e-02  2.99305726e-03
 -2.93255240e-03 -1.14252430e-03 -6.85725207e-03  3.92638493e-03
 -5.17223290e-03 -8.47312285e-03  3.28797434e-03  1.85898210e-03
 -1.75514562e-03 -7.22844000e-03 -2.33167017e-03  2.54580540e-04
  1.14620967e-02 -1.11546791e-02  5.02204482e-03  2.32859374e-03
 -2.84612039e-03  3.15567465e-03  8.09050483e-04 -2.36302617e-03
 -3.99548313e-03  4.31174886e-03  5.43568777e-03 -4.84929429e-03
  4.57463645e-03 -1.75890716e-03]",50,
1025,50,1,4,0.012108902148428911,,,"[ 0.00295634  0.00224734  0.00377498  0.00738294 -0.00052635 -0.01293551
 -0.00345622 -0.00146368  0.00176865  0.00221165 -0.00731405  0.00581121
 -0.00088369 -0.00303358 -0.00710778 -0.00238055 -0.00524969 -0.00552626
  0.00552864 -0.00186246 -0.00022703 -0.00046076 -0.01330723  0.00291006
 -0.00307921 -0.00105722 -0.00703556  0.003915   -0.00487137 -0.00859357
  0.00348548  0.00210213 -0.00171417 -0.00748729 -0.00232888  0.00047384
  0.01139947 -0.01115556  0.00507823  0.00196254 -0.00283991  0.00335162
  0.00079448 -0.00245172 -0.00400256  0.00408636  0.00515046 -0.00437338
  0.00501961 -0.00169129]",50,
25,50,1,5,0.022992110916346745,,,"[-1.85863231e-03  3.35915167e-03  4.12597324e-03  4.50033438e-03
 -9.73174053e-04 -1.75388709e-04 -7.09179806e-03  9.13544807e-04
 -7.19110311e-04  3.29837601e-03  9.70936142e-05 -1.86819112e-03
  2.70131295e-03  6.41468426e-03  1.77916617e-03 -5.92652491e-03
  4.19592786e-04 -3.99312887e-03 -6.85867153e-03  7.53646859e-04
  6.41005450e-03 -7.78436960e-04 -6.48148889e-04 -4.76084511e-03
  1.74620255e-07 -9.40863081e-03 -2.36421930e-03  1.24616102e-03
  3.29148509e-04 -2.71885116e-03  7.17576272e-03  6.85667565e-03
  1.83543399e-03  4.98509428e-03 -4.52149645e-03 -4.48191205e-03
  8.95927091e-04  6.80621072e-03  8.17778982e-03  1.23027761e-03
  5.04840422e-03  1.17243762e-03 -4.64436757e-03 -5.06979309e-03
 -2.52184205e-04  2.12963184e-03 -3.58473728e-03  5.36671824e-05
  1.46670597e-03  3.31045658e-03]",50,
75,50,1,5,0.02218430199990223,,,"[ 0.00505826 -0.00117603  0.00339202  0.00431695 -0.00208109 -0.00024822
 -0.00826236  0.00251231  0.00485847  0.00260069 -0.01117538 -0.00182139
 -0.00698199  0.00134651 -0.01742413 -0.00432116 -0.01185273  0.0024975
 -0.0030599   0.00344297  0.00514657  0.0115696  -0.00139324 -0.00514776
 -0.00331478 -0.01557315 -0.00340808  0.00324994 -0.01545005 -0.00089145
  0.00777895  0.00720393 -0.00195596 -0.00272054 -0.00973175  0.00217284
 -0.0001097   0.00025702  0.00622396  0.004978   -0.00786141  0.00225339
  0.00943128 -0.00891458 -0.00777299  0.01205167  0.00943306 -0.00658803
  0.00778112 -0.00750622]",50,
125,50,1,5,0.014567672455606272,,,"[ 0.00228931  0.00497799  0.00334657  0.00698088 -0.00451709 -0.01660714
 -0.01097796  0.00163899  0.00580207  0.0025126  -0.00998523  0.00525647
 -0.00020442  0.00308048 -0.00978602 -0.0039104  -0.01333869  0.00161172
  0.00137283  0.00248539 -0.00205462  0.00060657 -0.00837362  0.00162414
  0.00098698 -0.00781995 -0.00577305 -0.00196138 -0.0112207  -0.0037509
  0.00459172  0.00181199 -0.00203935 -0.00708947 -0.00358133  0.00348301
  0.00627701 -0.00661434  0.00949052  0.0019045  -0.00326536  0.00060475
  0.00015457 -0.00196936 -0.00318998  0.00409772 -0.00019969 -0.00324752
  0.00497062  0.00392727]",50,
175,50,1,5,0.013132045074110579,,,"[ 0.00164256  0.00428524  0.00424417  0.00606513 -0.00156964 -0.01336749
 -0.00693497  0.00065534  0.00452236  0.00316875 -0.00898688  0.00424284
  0.00276309  0.00038766 -0.00923302 -0.00298164 -0.00971459 -0.00089445
  0.00591968  0.00316494 -0.0034251  -0.00234218 -0.01186053  0.0012565
  0.00034422 -0.00375933 -0.00762692  0.00050222 -0.0083208  -0.00804348
  0.00507913  0.00063296 -0.00154821 -0.00584824 -0.00197727  0.00174543
  0.01148555 -0.00714147  0.00856297  0.00043784 -0.003444    0.00055098
 -0.00235815  0.00024931 -0.00442857  0.00452551  0.00141622 -0.00238027
  0.0033675   0.00079656]",50,
225,50,1,5,0.012641951584899402,,,"[ 0.00191502  0.004922    0.00389638  0.00650097 -0.00151411 -0.01378729
 -0.00562598  0.00085179  0.00198569  0.00228193 -0.00847538  0.00328715
  0.0011984   0.00040729 -0.00804021 -0.0046243  -0.00770447 -0.00160878
  0.00444149  0.00098276 -0.00191785  0.00097363 -0.01293922  0.00221684
 -0.00030587 -0.00291437 -0.00650087  0.00157486 -0.0063407  -0.00799477
  0.00449524 -0.00022947 -0.00266731 -0.00564768 -0.00365362  0.0022386
  0.01043204 -0.00853328  0.00621992  0.00115586 -0.00416545  0.00139853
 -0.00125182 -0.00314959 -0.00460932  0.00528983  0.00329527 -0.00359913
  0.0026724  -0.0001817 ]",50,
275,50,1,5,0.01229274091986042,,,"[ 1.50850372e-03  4.34318944e-03  4.00433165e-03  6.65600174e-03
  1.36729776e-05 -1.36891725e-02 -3.39890160e-03 -2.05552431e-04
  3.38925200e-05  2.43720840e-03 -8.23570172e-03  3.85739132e-03
  1.49492755e-03 -7.32244774e-04 -8.27253566e-03 -3.51901239e-03
 -6.54146139e-03 -2.99209590e-03  4.00128404e-03 -9.58967768e-04
 -4.70547355e-04 -1.29055202e-03 -1.36859886e-02  1.78716800e-03
 -3.20561977e-04 -1.77917011e-03 -6.25644149e-03  1.09771363e-03
 -5.53769920e-03 -7.68594276e-03  5.47501328e-03  1.44249971e-03
 -3.45622711e-03 -5.88573495e-03 -2.70581742e-03  2.15797266e-03
  1.09990568e-02 -1.03572896e-02  5.12656391e-03  3.69869819e-04
 -6.23940943e-03  1.53528354e-03 -4.45278946e-04 -2.76938099e-03
 -4.51649046e-03  3.83468402e-03  4.96681246e-03 -5.36120121e-03
  3.39747862e-03 -2.08894503e-03]",50,
325,50,1,5,0.012144743484082027,,,"[ 2.28628028e-03  3.58196565e-03  4.20677359e-03  5.61265388e-03
 -4.43989982e-04 -1.41148052e-02 -4.72842801e-03 -3.92833096e-04
 -5.82044021e-04  3.31453381e-03 -8.65586960e-03  3.84923037e-03
  5.81036242e-04 -1.42276606e-03 -8.54466410e-03 -3.37757427e-03
 -5.97615210e-03 -5.13781412e-03  4.35756428e-03 -3.82415788e-05
  5.60192895e-04 -4.22860018e-04 -1.40817089e-02  2.19336767e-03
 -3.01976334e-04 -2.52252707e-03 -5.20677321e-03  3.45864236e-03
 -6.18155467e-03 -7.78025281e-03  3.18777617e-03 -5.46873018e-04
 -4.70659776e-03 -4.58517753e-03 -5.08870488e-03  2.36971689e-03
  9.47281837e-03 -1.20774336e-02  4.19366097e-03  2.28240384e-03
 -4.79574565e-03  2.91118247e-03  5.81220816e-04 -1.62745882e-03
 -5.62352440e-03  4.47758243e-03  4.98405157e-03 -4.00251860e-03
  3.37983893e-03 -3.08925155e-03]",50,
375,50,1,5,0.012100260866129703,,,"[ 0.00195791  0.00436051  0.00306756  0.00599285 -0.0001803  -0.014977
 -0.00407332 -0.00060257 -0.00062409  0.00339088 -0.00887665  0.00417925
  0.00093665 -0.00216758 -0.00805763 -0.0028355  -0.00514839 -0.00541958
  0.00454924 -0.00010764  0.000714   -0.00036027 -0.01446737  0.00167915
 -0.00018443 -0.00327812 -0.00576115  0.00445837 -0.00607088 -0.00801117
  0.00278475  0.00065775 -0.00465425 -0.00471951 -0.00446915  0.00103439
  0.01011452 -0.01242797  0.0043743   0.00236448 -0.00581262  0.00282357
  0.00073941 -0.00084867 -0.00545362  0.00358958  0.00538853 -0.00382028
  0.0039393  -0.00321137]",50,
425,50,1,5,0.01192956690887172,,,"[ 2.80582260e-03  3.41506805e-03  3.82838614e-03  5.71732665e-03
 -9.32731108e-04 -1.42398802e-02 -4.46378866e-03 -8.39691250e-04
 -1.07104003e-03  3.30749913e-03 -8.59344257e-03  4.26372325e-03
  4.26998122e-04 -2.14923728e-03 -7.91730419e-03 -2.77197789e-03
 -4.61447236e-03 -5.76248616e-03  3.45117820e-03  5.74797350e-05
  8.85038665e-04 -5.49101818e-04 -1.46162419e-02  1.40958081e-03
 -3.07552721e-04 -3.04106463e-03 -5.95666508e-03  4.06926172e-03
 -5.24685555e-03 -7.52957873e-03  2.29287756e-03  3.30051809e-04
 -3.95016806e-03 -5.74938932e-03 -4.89712275e-03  1.19919567e-04
  1.05085111e-02 -1.16431376e-02  4.58064033e-03  2.67645349e-03
 -5.46486516e-03  3.63318670e-03 -2.65129521e-04 -1.16464313e-03
 -5.62955594e-03  3.68154059e-03  5.75026019e-03 -3.40394075e-03
  3.78701141e-03 -2.85757216e-03]",50,
475,50,1,5,0.012361437718906245,,,"[ 0.00192288  0.00305909  0.00384331  0.00660392  0.00016231 -0.01446935
 -0.00403284 -0.0007856  -0.00093715  0.00369827 -0.00830407  0.00378325
  0.0008204  -0.00241558 -0.00801261 -0.0018121  -0.00450935 -0.0059027
  0.00406344 -0.00099069  0.00015044  0.00041438 -0.01477999  0.00062351
 -0.00036308 -0.0019609  -0.00599576  0.00527159 -0.00586235 -0.00791827
  0.00264473 -0.00024754 -0.00451316 -0.00579838 -0.00455125 -0.0007087
  0.01098432 -0.01160184  0.00491187  0.00216989 -0.00566669  0.00390841
  0.00015831 -0.00069171 -0.0056109   0.00361531  0.00543814 -0.00314021
  0.00335052 -0.00254726]",50,
525,50,1,5,0.012349169416341397,,,"[ 1.65050454e-03  2.36809725e-03  5.11017323e-03  6.81590735e-03
  1.98817976e-04 -1.41771275e-02 -3.47480832e-03 -1.45899671e-03
  1.69351307e-04  3.64733256e-03 -7.73270192e-03  3.84668419e-03
  8.00945321e-04 -2.60398108e-03 -7.93070112e-03 -1.71715208e-03
 -4.59344054e-03 -5.73116599e-03  4.66099958e-03 -1.69779258e-03
 -3.25876996e-05  4.93619751e-04 -1.44429726e-02  1.01008264e-03
 -7.76245267e-04 -1.90976766e-03 -6.21613286e-03  5.91138663e-03
 -5.46997203e-03 -7.01257084e-03  2.46235242e-03 -2.64714957e-04
 -3.79039297e-03 -5.94551362e-03 -3.81288990e-03 -1.13863136e-03
  1.15751653e-02 -1.10426430e-02  4.42063608e-03  2.72822968e-03
 -5.25718014e-03  4.16389900e-03  2.91337739e-06 -1.26882321e-03
 -5.94209244e-03  4.30161681e-03  5.54152799e-03 -3.12703851e-03
  3.26810591e-03 -1.95801167e-03]",50,
575,50,1,5,0.012439982076460297,,,"[ 2.06281156e-03  3.01846825e-03  5.02783876e-03  7.20157522e-03
  8.21087838e-04 -1.44396810e-02 -3.46261033e-03 -1.22549243e-03
  6.50084850e-04  3.28547688e-03 -8.01193681e-03  4.55740022e-03
 -2.28203633e-04 -2.73720350e-03 -7.50814297e-03 -2.78575976e-03
 -4.09235369e-03 -5.66614424e-03  5.82038941e-03 -2.20504275e-03
 -4.79807393e-04  2.99665051e-04 -1.39736681e-02  1.60329104e-03
 -9.30093019e-04 -2.22313932e-03 -6.93611486e-03  6.04640109e-03
 -4.94656219e-03 -7.54722714e-03  3.61913727e-03  4.70027822e-05
 -3.29062900e-03 -5.96475059e-03 -3.89735699e-03 -3.90996736e-04
  1.25116540e-02 -1.08425623e-02  5.17645623e-03  2.42449598e-03
 -4.95961363e-03  3.52460506e-03  2.83852482e-04 -1.61450111e-03
 -6.17395963e-03  4.42225120e-03  5.62620420e-03 -4.15456519e-03
  3.09401763e-03 -1.66166303e-03]",50,
625,50,1,5,0.012329209272860454,,,"[ 2.20877546e-03  2.38061066e-03  4.92312405e-03  7.32548416e-03
  3.38991368e-04 -1.39825040e-02 -4.18269292e-03 -1.86822828e-03
  4.36839107e-04  3.08526974e-03 -8.04856856e-03  4.21507652e-03
  3.01823185e-04 -3.25948846e-03 -6.41793370e-03 -2.69827378e-03
 -4.09970032e-03 -5.48960617e-03  5.21862815e-03 -2.23111985e-03
 -8.33601025e-04  5.82661275e-04 -1.33435057e-02  2.46142946e-03
 -1.49412536e-03 -1.68787360e-03 -6.94659792e-03  4.74895149e-03
 -5.38323042e-03 -6.84481064e-03  3.77737020e-03 -5.14606401e-05
 -3.28956833e-03 -6.28408867e-03 -2.95068251e-03 -1.21464507e-04
  1.20566006e-02 -1.05265647e-02  5.49664123e-03  2.31115276e-03
 -4.66585922e-03  2.70272663e-03  1.68076768e-04 -1.14159126e-03
 -5.74917962e-03  3.80763984e-03  5.64716162e-03 -3.28728943e-03
  3.61683491e-03 -1.78593813e-03]",50,
675,50,1,5,0.012452072089463967,,,"[ 2.41775105e-03  2.43333385e-03  4.56072818e-03  7.68171399e-03
  2.85146106e-05 -1.39180704e-02 -4.10928458e-03 -1.82871861e-03
  8.15726481e-04  2.88873796e-03 -7.62418843e-03  4.49270204e-03
  3.04245372e-04 -3.50331119e-03 -6.49054389e-03 -2.68222371e-03
 -3.82187006e-03 -6.45036919e-03  5.02713130e-03 -2.53827310e-03
 -5.31707099e-04  6.09995865e-04 -1.24863276e-02  2.20342034e-03
 -2.07469665e-03 -9.79222232e-04 -6.59855565e-03  4.98807127e-03
 -5.11882219e-03 -7.58507757e-03  3.92527928e-03  4.84708846e-05
 -3.26019896e-03 -6.47525401e-03 -3.00169401e-03 -5.01679267e-04
  1.19271623e-02 -1.09020185e-02  5.23630018e-03  1.93057432e-03
 -4.73251710e-03  2.57289321e-03  2.80957417e-04 -1.04747265e-03
 -5.30535376e-03  3.75569876e-03  5.72882470e-03 -3.07211598e-03
  3.57257184e-03 -2.00514655e-03]",50,
725,50,1,5,0.01231945878013903,,,"[ 2.43235247e-03  1.59429643e-03  3.95017932e-03  7.69816255e-03
 -4.62910141e-04 -1.37423001e-02 -4.27755616e-03 -1.60645750e-03
  1.11412969e-03  2.67042312e-03 -7.39876605e-03  4.95194970e-03
  2.09985093e-04 -4.19004121e-03 -5.99902208e-03 -2.69468602e-03
 -4.19856903e-03 -6.28207386e-03  5.32834839e-03 -2.31499385e-03
 -7.99224982e-04  1.83191696e-04 -1.31286177e-02  2.46796582e-03
 -2.13582681e-03 -1.18755777e-03 -6.83102253e-03  4.85985401e-03
 -5.57511891e-03 -7.34830765e-03  3.90325054e-03  7.09766751e-04
 -2.87385237e-03 -6.58167211e-03 -2.98217780e-03  3.49928611e-06
  1.16357318e-02 -1.11674095e-02  5.41709873e-03  1.61442205e-03
 -4.02011115e-03  2.35915095e-03  1.31134316e-04 -1.07595963e-03
 -4.69722537e-03  3.59295096e-03  5.24855741e-03 -3.09463554e-03
  3.62642919e-03 -2.21295456e-03]",50,
775,50,1,5,0.012221588098525445,,,"[ 2.95021021e-03  2.18263332e-03  3.76660732e-03  7.45420933e-03
 -1.00117100e-03 -1.35618737e-02 -4.21403422e-03 -1.57076962e-03
  1.26477218e-03  2.60020347e-03 -7.10837291e-03  5.39545686e-03
  1.18867101e-04 -4.05161553e-03 -5.94663043e-03 -2.99100672e-03
 -4.60078656e-03 -6.26954140e-03  5.56214448e-03 -2.20627248e-03
 -2.30377117e-04  1.73805782e-04 -1.31355137e-02  2.14036475e-03
 -2.28052248e-03 -1.58756327e-03 -7.23393094e-03  4.93877845e-03
 -5.38949461e-03 -7.33425484e-03  3.94807686e-03  1.00790278e-03
 -2.49311559e-03 -6.65547589e-03 -2.30021170e-03 -2.60983022e-05
  1.13544966e-02 -1.12153446e-02  5.46471145e-03  1.49998770e-03
 -3.87559987e-03  2.74127626e-03  1.35868129e-04 -9.06932523e-04
 -4.23784081e-03  3.58448031e-03  5.35914166e-03 -3.32310632e-03
  3.69027321e-03 -2.11664170e-03]",50,
825,50,1,5,0.01215187077969972,,,"[ 3.22527159e-03  2.22404117e-03  3.77505414e-03  7.61749234e-03
 -1.07161531e-03 -1.28892389e-02 -3.76976965e-03 -1.56385260e-03
  1.79297041e-03  2.75463093e-03 -6.97084926e-03  5.14237656e-03
 -1.62538101e-04 -3.79258712e-03 -6.28745237e-03 -2.95461717e-03
 -4.89927135e-03 -6.06938159e-03  5.47121367e-03 -2.31135368e-03
 -5.88016792e-04  3.41828974e-04 -1.29327726e-02  2.84903643e-03
 -2.61990090e-03 -1.51607880e-03 -7.51449313e-03  4.50640751e-03
 -5.61767956e-03 -7.83432369e-03  3.78021722e-03  1.22259472e-03
 -2.35082600e-03 -7.01693333e-03 -2.71726451e-03  1.50314521e-04
  1.13879331e-02 -1.08808365e-02  5.40121463e-03  1.25535896e-03
 -3.06787403e-03  3.35289537e-03  7.20852024e-05 -1.25772950e-03
 -4.02029603e-03  3.95291955e-03  5.19643375e-03 -3.80426061e-03
  3.62648781e-03 -2.14795180e-03]",50,
875,50,1,5,0.01217687765933647,,,"[ 0.00325062  0.00265959  0.00367916  0.00754928 -0.00088736 -0.01319309
 -0.00383094 -0.00189243  0.0021802   0.00248111 -0.0074605   0.00545609
 -0.00021493 -0.00351721 -0.00636962 -0.00271657 -0.00505239 -0.00577122
  0.00515733 -0.00194834 -0.00041285 -0.00026164 -0.01324547  0.0025802
 -0.00255054 -0.00146688 -0.00760577  0.00451063 -0.00565587 -0.00819607
  0.00334217  0.00122025 -0.00214628 -0.00756015 -0.00240776  0.00065318
  0.01117778 -0.01105976  0.00527725  0.00167683 -0.00286065  0.003238
  0.00038559 -0.00159368 -0.00394159  0.00457104  0.00513779 -0.00419207
  0.00447461 -0.00168439]",50,
925,50,1,5,0.01213436796269889,,,"[ 3.24440426e-03  2.76172775e-03  4.00672294e-03  7.52704261e-03
 -6.57143126e-04 -1.31006890e-02 -3.98558020e-03 -1.52486202e-03
  1.77230243e-03  2.24138550e-03 -7.11929549e-03  5.43466126e-03
 -3.79713046e-04 -3.03350802e-03 -6.93734724e-03 -2.31019895e-03
 -5.14478851e-03 -6.05891440e-03  5.17172502e-03 -1.95313833e-03
 -6.05053666e-04 -7.35184335e-05 -1.30433569e-02  2.95826703e-03
 -2.77531509e-03 -1.25196482e-03 -7.25824968e-03  4.42883245e-03
 -5.46165954e-03 -8.10884929e-03  3.49748368e-03  1.61513795e-03
 -1.97047135e-03 -7.44386144e-03 -2.51803393e-03  4.84409617e-04
  1.11512915e-02 -1.15391226e-02  4.99912021e-03  1.55849739e-03
 -2.80236135e-03  3.37990743e-03  5.00049123e-04 -2.04371841e-03
 -3.70108923e-03  4.52725558e-03  5.36535430e-03 -4.95812397e-03
  5.04828691e-03 -1.65288094e-03]",50,
975,50,1,5,0.012187557681603494,,,"[ 0.00287245  0.00248796  0.00373766  0.00745774 -0.00028263 -0.01307697
 -0.00351544 -0.00168821  0.00184806  0.00216085 -0.0073217   0.00540842
 -0.00062967 -0.00330416 -0.00679774 -0.0022112  -0.0050559  -0.00589583
  0.0052615  -0.00187305 -0.00055592 -0.00014336 -0.01331444  0.00292974
 -0.00280157 -0.00122142 -0.00690671  0.00407466 -0.00535951 -0.00854221
  0.00379786  0.00198544 -0.00159564 -0.00727269 -0.00245024  0.0004385
  0.01110438 -0.01128526  0.00506429  0.00165102 -0.00257478  0.00331558
  0.00082849 -0.00195325 -0.00401149  0.00403204  0.0051529  -0.00462704
  0.00518765 -0.00177512]",50,
1025,50,1,5,0.012108902148428911,,,"[ 0.00295634  0.00224734  0.00377498  0.00738294 -0.00052635 -0.01293551
 -0.00345622 -0.00146368  0.00176865  0.00221165 -0.00731405  0.00581121
 -0.00088369 -0.00303358 -0.00710778 -0.00238055 -0.00524969 -0.00552626
  0.00552864 -0.00186246 -0.00022703 -0.00046076 -0.01330723  0.00291006
 -0.00307921 -0.00105722 -0.00703556  0.003915   -0.00487137 -0.00859357
  0.00348548  0.00210213 -0.00171417 -0.00748729 -0.00232888  0.00047384
  0.01139947 -0.01115556  0.00507823  0.00196254 -0.00283991  0.00335162
  0.00079448 -0.00245172 -0.00400256  0.00408636  0.00515046 -0.00437338
  0.00501961 -0.00169129]",50,
