sample_size,n,k,repeat,mae,alphas,coef_path,coefficients,non_zero_coef,num_iter
25,50,2,1,0.019104140392901172,,,"[-1.05207234e-04 -2.84372664e-04 -2.12748380e-04 ... -2.65586224e-04
 -2.41573205e-04 -2.07732003e-05]",1275,
125,50,2,1,0.01447474409684446,,,"[ 2.99403618e-04  1.98277996e-04  5.02232255e-04 ... -1.78573948e-05
  2.83730861e-04  1.14794620e-03]",1275,
225,50,2,1,0.013362864825029987,,,"[ 4.84386466e-04  4.48944377e-04  4.23529956e-05 ... -6.87078414e-04
  3.73834434e-04  6.49966294e-04]",1275,
325,50,2,1,0.012439453598876184,,,"[ 0.00041208  0.0005362   0.00026003 ... -0.00060419  0.00068165
  0.00029303]",1275,
425,50,2,1,0.011416785223913166,,,"[ 0.00017782  0.00077355 -0.00024408 ... -0.00034074  0.00077935
  0.00036645]",1275,
525,50,2,1,0.010368403119709341,,,"[ 2.75241518e-04  7.97835498e-04 -5.02584244e-04 ...  4.29348898e-04
  8.43640676e-05  1.12011845e-05]",1275,
625,50,2,1,0.009642633160881929,,,"[ 0.00053617  0.00096346 -0.00085982 ...  0.001667   -0.00023503
 -0.00022717]",1275,
725,50,2,1,0.00957067817654888,,,"[ 0.00070197  0.00145526 -0.00154916 ...  0.00057898 -0.00031547
 -0.00096202]",1275,
825,50,2,1,0.008543231199565184,,,"[ 3.59892978e-04  2.16704726e-03 -2.19906780e-03 ...  8.70808148e-06
 -7.12485376e-04 -9.60811931e-06]",1275,
925,50,2,1,0.008629736051541954,,,"[ 9.85143990e-05  2.53168034e-03 -2.42174628e-03 ...  2.45145604e-04
 -6.22078899e-04  2.72551103e-04]",1275,
1025,50,2,1,0.007886852030055706,,,"[ 6.34529152e-04  2.96476928e-03 -4.77384744e-03 ...  1.23549148e-05
 -7.81266207e-05  1.69158345e-04]",1275,
1125,50,2,1,0.008326715389355286,,,"[ 0.00087948  0.00183958 -0.00643244 ... -0.0001124  -0.00080549
  0.00090939]",1275,
1225,50,2,1,0.0056494816740644185,,,"[ 2.49144763e-03  2.58102346e-03 -1.26671124e-02 ...  3.88622595e-04
 -9.88089076e-05  3.19353106e-04]",1275,
1325,50,2,1,1.6882495401659982e-13,,,"[ 1.10792718e-03  6.06378867e-03 -1.90473632e-02 ... -4.00797017e-15
  2.25247338e-14  1.50354989e-14]",1275,
1425,50,2,1,8.128608897095546e-14,,,"[ 1.10792718e-03  6.06378867e-03 -1.90473632e-02 ...  2.18712310e-14
  9.89876583e-16  3.29001149e-15]",1275,
1525,50,2,1,7.560174708487466e-14,,,"[ 1.10792718e-03  6.06378867e-03 -1.90473632e-02 ...  1.74975594e-14
  1.64711994e-15  9.67758859e-15]",1275,
1625,50,2,1,1.0231815394945443e-13,,,"[ 1.10792718e-03  6.06378867e-03 -1.90473632e-02 ...  1.34307170e-14
  4.09069480e-16  8.51131231e-15]",1275,
1725,50,2,1,1.7791990103432908e-13,,,"[ 1.10792718e-03  6.06378867e-03 -1.90473632e-02 ...  3.35452152e-15
 -1.46341713e-15  3.57927663e-15]",1275,
1825,50,2,1,3.979039320256561e-14,,,"[ 1.10792718e-03  6.06378867e-03 -1.90473632e-02 ...  1.31296883e-15
  2.80205953e-15  3.70255042e-15]",1275,
1925,50,2,1,1.0572875908110291e-13,,,"[ 1.10792718e-03  6.06378867e-03 -1.90473632e-02 ...  8.38115384e-16
  2.97987546e-15  2.23833539e-15]",1275,
2025,50,2,1,3.637978807091713e-14,,,"[ 1.10792718e-03  6.06378867e-03 -1.90473632e-02 ... -2.30176121e-16
  1.02511315e-16  4.80279878e-15]",1275,
25,50,2,2,0.020844428213832204,,,"[-1.35489766e-04 -2.66669630e-04 -4.02257693e-04 ... -9.28907798e-05
  1.33939702e-04 -1.71469428e-05]",1274,
125,50,2,2,0.01712131431447574,,,"[ 1.49065873e-04 -3.11701806e-04 -8.36088523e-05 ... -9.45075001e-04
 -7.55803613e-04 -5.87786758e-04]",1275,
225,50,2,2,0.014131742429207748,,,"[ 4.19044946e-04 -4.88183323e-05 -4.18447995e-05 ... -6.42034163e-04
 -8.07064241e-05 -2.63968900e-04]",1275,
325,50,2,2,0.012894132140214652,,,"[ 3.33952350e-04 -6.39892224e-05 -1.55544765e-04 ... -7.11557457e-04
 -3.71526531e-04  6.66393678e-04]",1275,
425,50,2,2,0.011984209689866248,,,"[ 0.00026115  0.00018562 -0.00040946 ... -0.00075311 -0.00101708
  0.0001452 ]",1275,
525,50,2,2,0.011370789254153238,,,"[ 4.33556754e-04  1.30900979e-04 -4.34313978e-04 ... -7.82629091e-04
 -1.11457510e-03  1.01577135e-05]",1275,
625,50,2,2,0.010381402284170348,,,"[-6.00437529e-05  1.94305895e-04 -8.06570269e-04 ... -5.35360307e-04
 -1.06572706e-03 -1.56687529e-04]",1275,
725,50,2,2,0.009796775462047548,,,"[ 7.24312336e-05  2.00681682e-04 -1.39133625e-03 ...  3.70088737e-05
  2.22421463e-04 -4.58520437e-04]",1275,
825,50,2,2,0.009143923627282788,,,"[ 0.00011788  0.00094897 -0.00236568 ... -0.00113291  0.00048664
  0.0007839 ]",1275,
925,50,2,2,0.008571047839635072,,,"[-0.00025733  0.00155459 -0.00281671 ... -0.00124789  0.00072252
  0.00122964]",1275,
1025,50,2,2,0.00813961828370566,,,"[-0.00043193  0.00218752 -0.00416924 ... -0.00077579  0.0004534
  0.00083449]",1275,
1125,50,2,2,0.007814854648935353,,,"[-0.00077331  0.00300115 -0.0063547  ... -0.00053325  0.00080235
  0.00034393]",1275,
1225,50,2,2,0.006464867597545094,,,"[ 1.17373081e-03  4.57093890e-03 -1.31602621e-02 ...  8.10724590e-04
  8.82892452e-05 -1.61280053e-04]",1275,
1325,50,2,2,1.3187673175707459e-13,,,"[ 1.10792718e-03  6.06378867e-03 -1.90473632e-02 ... -2.97574465e-14
  1.11278174e-14  1.71796171e-14]",1275,
1425,50,2,2,1.375610736431554e-13,,,"[ 1.10792718e-03  6.06378867e-03 -1.90473632e-02 ... -1.60245081e-14
  1.07212416e-14  7.19639192e-15]",1275,
1525,50,2,2,1.63140612130519e-13,,,"[ 1.10792718e-03  6.06378867e-03 -1.90473632e-02 ... -9.58407615e-15
  5.69878346e-15  9.93768869e-15]",1275,
1625,50,2,2,9.833911462919786e-14,,,"[ 1.10792718e-03  6.06378867e-03 -1.90473632e-02 ... -4.35849273e-17
  3.43545721e-15  8.99855277e-15]",1275,
1725,50,2,2,5.854872142663226e-14,,,"[ 1.10792718e-03  6.06378867e-03 -1.90473632e-02 ... -2.21719344e-17
  3.05202912e-15  8.92601965e-15]",1275,
1825,50,2,2,1.1596057447604835e-13,,,"[ 1.10792718e-03  6.06378867e-03 -1.90473632e-02 ... -1.06896913e-15
  4.74327608e-15  7.03050899e-15]",1275,
1925,50,2,2,9.549694368615746e-14,,,"[ 1.10792718e-03  6.06378867e-03 -1.90473632e-02 ...  4.16225214e-16
  1.65313726e-15  4.29078431e-15]",1275,
2025,50,2,2,1.1823431123048067e-13,,,"[ 1.10792718e-03  6.06378867e-03 -1.90473632e-02 ... -2.37873957e-16
  1.45174671e-16  4.75634072e-15]",1275,
25,50,2,3,0.017336872642820255,,,"[ 0.00015162 -0.00032637  0.00035011 ... -0.00013057 -0.00033519
 -0.00029915]",1275,
125,50,2,3,0.015310368301370544,,,"[ 0.00027558  0.00046227  0.00029394 ...  0.00041986 -0.00026826
  0.00025622]",1275,
225,50,2,3,0.013081085821496571,,,"[ 0.00078803  0.00067784 -0.00014791 ...  0.00074489  0.00038313
 -0.00048816]",1275,
325,50,2,3,0.011643057105795834,,,"[ 0.00099963  0.00063506 -0.00023971 ...  0.0008666   0.00062078
 -0.00076753]",1275,
425,50,2,3,0.011278334501612903,,,"[ 1.03650572e-03  7.94820101e-04 -2.78215328e-04 ... -9.43396200e-05
  4.76169653e-04 -3.98135039e-05]",1275,
525,50,2,3,0.010913110306909744,,,"[ 0.00124493  0.00079994 -0.00086486 ...  0.00031549 -0.00061505
  0.00041667]",1275,
625,50,2,3,0.010372114774332317,,,"[ 0.00151163  0.0006092  -0.00109871 ...  0.00071565 -0.0007776
  0.0002157 ]",1275,
725,50,2,3,0.009657069767500843,,,"[ 0.00203477  0.0003391  -0.00130124 ...  0.00070672 -0.00112586
 -0.00031163]",1275,
825,50,2,3,0.008736065191540661,,,"[ 0.00253445  0.00043646 -0.00167353 ...  0.00042158 -0.00071179
 -0.00036193]",1275,
925,50,2,3,0.00822948688458439,,,"[ 0.00271548  0.00122021 -0.00267807 ...  0.00015292 -0.00128898
 -0.00067938]",1275,
1025,50,2,3,0.00769480218619151,,,"[ 2.14058065e-03  2.68162438e-03 -3.77169925e-03 ...  7.27601345e-05
 -1.22677848e-03  1.88343463e-04]",1275,
1125,50,2,3,0.0074466405623752506,,,"[ 0.00142064  0.00376001 -0.00729395 ...  0.00070816 -0.00063635
  0.00048864]",1275,
1225,50,2,3,0.006039415497642153,,,"[ 0.00071614  0.00162522 -0.01198176 ...  0.00065496 -0.00014155
 -0.00042635]",1275,
1325,50,2,3,1.7109869077103211e-13,,,"[ 1.10792718e-03  6.06378867e-03 -1.90473632e-02 ... -2.29189497e-15
  6.67001177e-16 -3.73922898e-14]",1275,
1425,50,2,3,1.3869794202037155e-13,,,"[ 1.10792718e-03  6.06378867e-03 -1.90473632e-02 ... -1.02474453e-14
 -2.07019731e-14 -1.77212845e-14]",1275,
1525,50,2,3,8.071765478234738e-14,,,"[ 1.10792718e-03  6.06378867e-03 -1.90473632e-02 ... -4.38603147e-15
 -3.81856005e-16 -9.39406972e-15]",1275,
1625,50,2,3,1.2732925824820997e-13,,,"[ 1.10792718e-03  6.06378867e-03 -1.90473632e-02 ... -3.64942451e-15
 -2.54787511e-15 -4.20713811e-15]",1275,
1725,50,2,3,4.4906300900038334e-14,,,"[ 1.10792718e-03  6.06378867e-03 -1.90473632e-02 ... -1.44502466e-15
 -1.51571464e-16 -3.52007919e-15]",1275,
1825,50,2,3,5.0022208597511053e-14,,,"[ 1.10792718e-03  6.06378867e-03 -1.90473632e-02 ... -2.19637676e-15
 -7.56881537e-16 -3.43583668e-15]",1275,
1925,50,2,3,4.263256414560601e-14,,,"[ 1.10792718e-03  6.06378867e-03 -1.90473632e-02 ...  5.76361875e-16
  4.92715677e-16  9.71878827e-16]",1275,
2025,50,2,3,3.524291969370097e-14,,,"[ 1.10792718e-03  6.06378867e-03 -1.90473632e-02 ... -2.35705552e-16
  1.73038667e-16  4.76788747e-15]",1275,
25,50,2,4,0.01887429453891059,,,"[-0.00010722 -0.00014547  0.00014264 ... -0.00036475 -0.00010858
  0.00010813]",1274,
125,50,2,4,0.015370073030636035,,,"[ 2.80253265e-04  4.57788369e-05 -2.70626172e-04 ... -1.59527837e-04
 -9.40974732e-05  2.82851472e-04]",1275,
225,50,2,4,0.014051614551570423,,,"[ 3.26908836e-04  5.13332228e-05 -2.69912339e-04 ... -1.48671602e-04
 -1.25319040e-05  3.90773650e-04]",1275,
325,50,2,4,0.013197326311253619,,,"[ 5.22343467e-04  3.02528592e-04 -5.22543236e-04 ... -3.23144306e-04
 -1.47064587e-05  4.09833159e-04]",1275,
425,50,2,4,0.012660697867860336,,,"[ 0.00112234  0.00058092 -0.00064644 ... -0.00019337 -0.00137114
  0.00056446]",1275,
525,50,2,4,0.011419034001713157,,,"[ 0.00153953  0.00046206 -0.00078897 ...  0.00072497 -0.00119222
 -0.00017724]",1275,
625,50,2,4,0.010887195824246874,,,"[ 0.00171064  0.00069773 -0.00162978 ...  0.00104109 -0.00133281
 -0.00096608]",1275,
725,50,2,4,0.009947466189646547,,,"[ 2.08365683e-03  9.62405821e-04 -1.84350466e-03 ... -3.69533257e-06
 -1.39576362e-03 -8.06021515e-04]",1275,
825,50,2,4,0.00934977754815293,,,"[ 0.00221953  0.00167897 -0.00238589 ...  0.00015721 -0.00014567
 -0.00115306]",1275,
925,50,2,4,0.00830300051936149,,,"[ 0.00271453  0.00238584 -0.00315956 ...  0.00047823 -0.00015523
 -0.00068342]",1275,
1025,50,2,4,0.007543596409290103,,,"[ 2.09215130e-03  1.38665281e-03 -4.70290142e-03 ... -4.61557130e-05
  3.59084687e-05 -1.22145232e-03]",1275,
1125,50,2,4,0.006827856056120254,,,"[ 0.0031272   0.00188146 -0.00589976 ...  0.00057849  0.00069837
 -0.00053617]",1275,
1225,50,2,4,0.005196421789655688,,,"[ 2.94228663e-03  2.72703647e-03 -1.37233636e-02 ... -6.76064366e-04
  1.10248603e-05 -5.99564872e-04]",1275,
1325,50,2,4,1.3699263945454732e-13,,,"[ 1.10792718e-03  6.06378867e-03 -1.90473632e-02 ... -6.94333913e-15
 -2.44865976e-14 -1.11771486e-14]",1275,
1425,50,2,4,1.0061285138363019e-13,,,"[ 1.10792718e-03  6.06378867e-03 -1.90473632e-02 ... -6.90799414e-15
 -1.53495923e-14  3.27136322e-15]",1275,
1525,50,2,4,2.438582669128664e-13,,,"[ 1.10792718e-03  6.06378867e-03 -1.90473632e-02 ... -6.66914440e-15
 -1.19380959e-14  1.94625132e-15]",1275,
1625,50,2,4,5.6274984672199934e-14,,,"[ 1.10792718e-03  6.06378867e-03 -1.90473632e-02 ... -7.83818540e-15
 -8.82551410e-15  5.08490819e-17]",1275,
1725,50,2,4,8.640199666842818e-14,,,"[ 1.10792718e-03  6.06378867e-03 -1.90473632e-02 ... -6.79653816e-15
 -3.84382196e-15 -5.45136852e-16]",1275,
1825,50,2,4,8.58335624798201e-14,,,"[ 1.10792718e-03  6.06378867e-03 -1.90473632e-02 ... -2.74736831e-16
  8.03176969e-16  1.89106543e-15]",1275,
1925,50,2,4,1.3130829756846652e-13,,,"[ 1.10792718e-03  6.06378867e-03 -1.90473632e-02 ... -3.55726733e-16
  4.11237884e-16  2.71755275e-15]",1275,
2025,50,2,4,3.581135388230905e-14,,,"[ 1.10792718e-03  6.06378867e-03 -1.90473632e-02 ... -2.21827764e-16
  1.27990066e-16  4.76599012e-15]",1275,
25,50,2,5,0.01724060151594074,,,"[-4.22162456e-05 -3.18123206e-05  1.11515342e-04 ...  1.81075514e-04
 -2.70596897e-04  4.12256674e-04]",1275,
125,50,2,5,0.01589308540166314,,,"[-2.48341723e-04  2.31920424e-04  3.10100792e-04 ...  5.91902387e-05
  9.94271222e-06  2.75876918e-04]",1275,
225,50,2,5,0.013741023785988205,,,"[ 4.20712453e-04 -9.08423763e-05 -2.00724959e-04 ...  3.71790339e-05
 -1.42293540e-04  1.58110444e-04]",1275,
325,50,2,5,0.012456489916820601,,,"[ 4.25684768e-04 -5.27277447e-05 -5.21927139e-04 ...  6.40677954e-05
 -6.10233720e-04  9.39770088e-04]",1275,
425,50,2,5,0.011800735250948264,,,"[ 3.15056823e-04  1.54982930e-04 -5.67237106e-04 ... -9.93654007e-05
 -1.01461562e-03  9.92830742e-04]",1275,
525,50,2,5,0.010852657938857533,,,"[ 0.0004898   0.00047648 -0.00030298 ...  0.00100251 -0.00056233
  0.00069085]",1275,
625,50,2,5,0.010198218450082664,,,"[ 1.04462746e-03  9.24172353e-05 -3.20971209e-04 ...  1.36618161e-03
 -8.90253065e-04  1.73183661e-04]",1275,
725,50,2,5,0.009692021962092099,,,"[ 0.00113865  0.00022085 -0.00084785 ... -0.00024629 -0.00084718
  0.00051619]",1275,
825,50,2,5,0.008855378199794473,,,"[ 5.88620283e-04  3.94230293e-05 -1.02861153e-03 ... -2.48015673e-04
 -9.70264882e-04 -1.00760325e-03]",1275,
925,50,2,5,0.00808593439329286,,,"[ 0.00049868 -0.00014242 -0.00100004 ... -0.00088643  0.00013568
 -0.00112628]",1275,
1025,50,2,5,0.006794864699879781,,,"[ 0.00134771  0.00091391 -0.0020108  ... -0.00058739  0.00037065
 -0.00137433]",1275,
1125,50,2,5,0.006473134468111538,,,"[-4.40882900e-06  4.17731833e-04 -4.52193577e-03 ... -1.29003261e-03
  8.63403921e-04 -5.42810120e-04]",1275,
1225,50,2,5,0.005530965746848438,,,"[ 0.00141642  0.00142146 -0.00662641 ...  0.00044711 -0.00032383
 -0.00066646]",1275,
1325,50,2,5,1.5006662579253317e-13,,,"[ 1.10792718e-03  6.06378867e-03 -1.90473632e-02 ...  1.60821877e-14
  1.28796713e-14 -1.62501306e-14]",1275,
1425,50,2,5,7.787548383930699e-14,,,"[ 1.10792718e-03  6.06378867e-03 -1.90473632e-02 ... -2.08882391e-15
 -5.60911994e-16 -1.24133017e-15]",1275,
1525,50,2,5,8.640199666842818e-14,,,"[ 1.10792718e-03  6.06378867e-03 -1.90473632e-02 ... -7.34546972e-15
 -7.03565895e-15  9.29161262e-17]",1275,
1625,50,2,5,5.1727511163335295e-14,,,"[ 1.10792718e-03  6.06378867e-03 -1.90473632e-02 ... -4.42918272e-15
  1.84249317e-15  8.00252334e-15]",1275,
1725,50,2,5,1.1539214028744026e-13,,,"[ 1.10792718e-03  6.06378867e-03 -1.90473632e-02 ... -1.92554306e-15
  9.68328065e-17  6.88438564e-15]",1275,
1825,50,2,5,4.206412995699793e-14,,,"[ 1.10792718e-03  6.06378867e-03 -1.90473632e-02 ... -2.54245409e-15
 -1.87669975e-15  7.36075697e-15]",1275,
1925,50,2,5,4.035882739117369e-14,,,"[ 1.10792718e-03  6.06378867e-03 -1.90473632e-02 ... -9.79847713e-16
  2.99673480e-16  5.29188238e-15]",1275,
2025,50,2,5,3.637978807091713e-14,,,"[ 1.10792718e-03  6.06378867e-03 -1.90473632e-02 ... -1.86808034e-16
  1.30537942e-16  4.80334088e-15]",1275,
