sample_size,n,k,repeat,mae,alphas,coef_path,coefficients,non_zero_coef,num_iter
25,50,1,1,0.022532888564857672,,,"[-0.00278083  0.00534302 -0.00247364  0.00012683  0.00372377  0.00461132
  0.00270776 -0.00053395  0.00067205  0.00130421  0.00294586 -0.00419676
  0.00056175 -0.00133589  0.005165    0.00126697 -0.00076896  0.00423752
 -0.00422412 -0.00086379 -0.00289312  0.00239617  0.00010333  0.00745501
  0.00117    -0.00313481 -0.00295522 -0.0048396   0.00311479  0.0085286
  0.00118105 -0.00113799 -0.00219582  0.0012273   0.00480095  0.00232138
 -0.00253002  0.00023516 -0.00308362  0.00086715 -0.00357802  0.00115759
  0.00028587  0.00217656  0.00324268 -0.00140449 -0.00374659 -0.00349854
 -0.00168721  0.00048512]",50,
75,50,1,1,0.025465027642312635,,,"[ 3.10938131e-03  1.55000238e-03 -1.31054012e-03 -5.57489866e-03
 -2.49941995e-03  9.49230067e-03  1.32090085e-03 -2.31816073e-03
 -5.98757246e-03 -9.42159217e-04  5.54984357e-03 -5.29048413e-03
 -2.10180773e-03  3.42040851e-03  1.07569890e-02  8.67303238e-03
 -2.35201974e-03 -2.17163613e-03  1.61276897e-03  5.97854877e-03
 -7.15812908e-04  5.11191519e-03  6.88120463e-03  1.67549705e-03
 -1.62226886e-03 -2.84182755e-03  2.58765177e-03  7.10241923e-05
  6.41156944e-03  4.51890633e-03 -3.01452383e-03  3.69409294e-04
 -3.90478118e-03  9.11072704e-03  4.57531429e-03  1.52073267e-03
 -5.20787054e-03  3.66948707e-03  1.61621978e-03  2.70036350e-03
 -3.98903122e-03 -6.74683437e-03 -2.84612921e-03  4.82195623e-03
  4.87135243e-03 -5.31791434e-03 -4.71698628e-03  1.23606019e-03
 -6.94644883e-04  5.87616959e-03]",50,
125,50,1,1,0.017435388065340476,,,"[-1.70185302e-03 -3.33343528e-04 -4.58409962e-03 -4.55610338e-03
  1.31004719e-03  7.21956231e-03  3.72186520e-03  7.60433578e-04
 -2.51332382e-03 -7.36508723e-04  1.89628612e-03 -3.31271625e-03
 -1.68849039e-03  4.73876853e-03  3.98939941e-03  5.51557659e-03
  6.71209517e-04  2.44307072e-03 -1.90243388e-03  2.26669307e-03
 -9.45661018e-04  4.57946508e-03  5.00571087e-03  7.35277256e-04
  1.22295969e-05  3.15884486e-03  1.37943607e-03 -3.18860465e-03
  2.88765047e-03  1.41777945e-03 -1.86942758e-03 -2.03235721e-03
 -1.95124626e-03  3.45906902e-03  1.03454040e-03 -3.01184308e-03
 -3.80511213e-03  7.51571198e-03 -1.88865221e-03  1.74465079e-03
 -4.72266629e-04 -2.20865068e-03 -7.66334746e-04  2.80049862e-04
  2.99118512e-03 -2.58923758e-03 -4.23382355e-03  2.03942091e-03
  6.60330237e-04 -2.18254708e-04]",50,
175,50,1,1,0.01598931287526682,,,"[-1.52513326e-03 -8.64021111e-04 -4.94544781e-03 -2.98735353e-03
  2.36462548e-03  6.98795764e-03  3.08403208e-03  7.14720417e-04
 -2.08764792e-03 -7.79266869e-04  3.14149602e-03 -3.23652539e-03
  3.01543163e-04  3.59670170e-03  4.91248694e-03  3.65385911e-03
  1.82531111e-03  3.46838226e-03 -5.45299201e-05  2.14087152e-03
  2.35613646e-05  3.19386777e-03  5.37037098e-03 -3.52051148e-04
  3.24133831e-04  2.81292582e-03  1.72197880e-03 -2.12414205e-03
  2.59660478e-03  2.00548172e-03 -1.05300051e-03 -1.64184693e-03
 -6.03033883e-04  3.82146645e-03  7.24011424e-04 -2.39236680e-03
 -4.55313010e-03  5.61715501e-03 -1.70442711e-03  6.42161247e-04
 -6.52389714e-04 -2.31159786e-03  3.46921771e-04  1.73899369e-03
  3.01321358e-03 -1.24609645e-03 -4.84571530e-03  1.34946108e-03
  5.56723234e-05  8.33723750e-04]",50,
225,50,1,1,0.014956176730672155,,,"[-2.08170969e-03 -1.19250075e-03 -4.49807623e-03 -3.58686236e-03
  2.20010441e-03  7.32611920e-03  2.08406125e-03 -3.24753652e-04
 -1.40749461e-03 -3.15487641e-04  3.78294936e-03 -3.57624950e-03
  3.26159835e-05  2.61793080e-03  4.64479443e-03  2.55277727e-03
  3.45283483e-03  2.50742197e-03 -5.10322973e-04  1.30370630e-03
 -3.76181189e-04  2.28573693e-03  4.67235934e-03  2.33940138e-04
  2.42060833e-04  1.93724621e-03  1.61394513e-03 -1.62334979e-03
  2.10256981e-03  2.66372090e-03 -1.61306502e-03 -5.26377228e-04
  5.73209490e-05  3.32695875e-03  7.79720836e-04 -8.06024023e-04
 -5.01847753e-03  4.91662933e-03 -1.58672663e-03  5.49847352e-06
  1.14678362e-03 -1.64558508e-03  6.04355786e-04  2.14911820e-03
  2.64212890e-03 -1.61747298e-03 -3.25417451e-03  1.41770622e-03
 -6.98664138e-04  6.45943510e-04]",50,
275,50,1,1,0.014963636121565286,,,"[-9.82847783e-04 -1.71675302e-03 -4.26342693e-03 -5.04746915e-03
  1.53643587e-03  6.90968432e-03  1.68841306e-03 -4.47220459e-04
 -2.20850051e-03 -4.55625306e-04  3.97366910e-03 -3.19280218e-03
 -4.21085804e-04  2.53161252e-03  4.15195476e-03  3.17351306e-03
  2.98926263e-03  1.90892773e-03 -6.50432233e-04  9.89579753e-04
  1.10567116e-05  2.42825404e-03  4.58723697e-03 -3.33826061e-04
  7.24205895e-04  2.32439007e-03  1.78633930e-03 -1.44718782e-03
  2.43648941e-03  2.51492672e-03 -2.54308570e-03 -3.15643324e-05
 -3.59803425e-04  3.06084990e-03  1.37021453e-03 -7.48183650e-04
 -5.98777428e-03  4.53425371e-03 -2.24632670e-03  3.23672188e-04
  1.25658359e-03 -4.28422748e-04 -1.35061174e-05  2.13540444e-03
  1.81664577e-03 -2.03817219e-03 -4.03087903e-03  1.54410018e-03
 -3.08793991e-04  9.75550387e-05]",50,
325,50,1,1,0.01462448000987024,,,"[-1.00748187e-03 -1.51006809e-03 -3.98414161e-03 -4.26208057e-03
  1.44467990e-03  6.32103901e-03  1.79447653e-03  8.75418302e-05
 -2.52802445e-03 -7.24561691e-04  3.71340011e-03 -3.64476447e-03
  1.08158704e-04  2.78162762e-03  3.70121158e-03  2.83482900e-03
  3.19461651e-03  2.19735179e-03 -6.63182998e-04  6.30913332e-04
  3.76536220e-04  1.92411230e-03  5.20104538e-03 -6.37806665e-04
  6.11255779e-04  1.93255485e-03  1.48111485e-03 -1.50528106e-03
  2.61218690e-03  2.12098137e-03 -1.88978191e-03  1.41511974e-04
  2.79020939e-04  3.84947951e-03  1.28792382e-03 -6.70752936e-04
 -5.58090821e-03  5.35485071e-03 -2.69271880e-03  1.60775522e-04
  7.40672423e-04 -1.01979571e-03  4.61790114e-04  1.97682556e-03
  2.38252700e-03 -1.69377298e-03 -3.50545782e-03  1.44954318e-03
 -5.70549141e-04 -1.75775152e-05]",50,
375,50,1,1,0.01463298267861319,,,"[-0.00167696 -0.00158195 -0.00411352 -0.00337483  0.00174931  0.00595065
  0.00180422  0.00062192 -0.00222465 -0.00109204  0.00370131 -0.00280939
  0.00019557  0.00264643  0.00377425  0.00303625  0.00323739  0.00319752
 -0.00145144  0.00076128  0.00059733  0.00121605  0.00553231 -0.00084856
  0.00074807  0.0021528   0.0020466  -0.00138105  0.00297146  0.00122002
 -0.00168371 -0.0003617  -0.00028453  0.00352505  0.00194601 -0.00160486
 -0.00605996  0.00598213 -0.00277396  0.00054942  0.00112487 -0.00070555
  0.00042938  0.00184443  0.00268441 -0.0013203  -0.00399683  0.00146697
 -0.00043763  0.00110171]",50,
425,50,1,1,0.014598423034941561,,,"[-1.53613276e-03 -1.36498556e-03 -3.97511136e-03 -3.58094668e-03
  1.47715411e-03  6.47082529e-03  2.25038007e-03  7.91826278e-04
 -2.15297591e-03 -1.22535940e-03  4.33075733e-03 -3.56062148e-03
  3.12926626e-04  2.31759581e-03  4.30412048e-03  2.45578074e-03
  3.03665530e-03  2.75732108e-03 -1.34969580e-03  5.96481383e-04
  6.73509802e-04  8.49967392e-04  5.63800467e-03 -1.09751519e-03
  6.13321511e-04  2.22080393e-03  2.20542979e-03 -1.48083703e-03
  2.96118268e-03  1.76035711e-03 -1.99609635e-03 -1.25730640e-04
 -2.16813358e-05  3.26075607e-03  1.88258095e-03 -1.24805584e-03
 -6.24996156e-03  5.65173000e-03 -2.89581179e-03  9.28832784e-04
  1.30075870e-03 -3.59483553e-04 -8.08425242e-05  2.01068434e-03
  2.88314812e-03 -1.22451316e-03 -4.32605094e-03  1.06203879e-03
 -3.73931362e-04  5.58402335e-04]",50,
475,50,1,1,0.014382495936615669,,,"[-1.36866728e-03 -1.26115793e-03 -3.77692182e-03 -3.78858078e-03
  1.27312458e-03  6.58116015e-03  2.35748190e-03  1.02483881e-03
 -2.12981385e-03 -8.53482953e-04  4.09265142e-03 -3.76006771e-03
  1.26258641e-04  2.02389023e-03  4.11959041e-03  2.80452271e-03
  3.24083459e-03  2.88949639e-03 -1.45956556e-03  2.67050739e-04
  3.08125075e-04  1.00778579e-03  5.58102760e-03 -1.36819997e-03
  3.16547110e-04  2.20616051e-03  1.92262369e-03 -1.44838005e-03
  2.43604153e-03  1.39796068e-03 -1.90956819e-03 -2.34627149e-04
 -8.12429985e-05  3.57259774e-03  1.75550104e-03 -1.36831390e-03
 -6.29456435e-03  5.72245138e-03 -2.98362707e-03  8.65372020e-04
  1.10908843e-03 -4.16839017e-04 -3.61926734e-04  2.22652036e-03
  2.95460000e-03 -1.08963303e-03 -4.16737979e-03  9.42535052e-04
 -2.58603105e-04  7.35610925e-04]",50,
525,50,1,1,0.014307574126736427,,,"[-1.41103143e-03 -1.17560557e-03 -3.90996949e-03 -3.80887917e-03
  1.24112926e-03  6.46316072e-03  2.26860134e-03  1.08598523e-03
 -2.07777382e-03 -8.23342717e-04  4.26766329e-03 -3.13330780e-03
  2.48158645e-04  1.84432458e-03  4.26995733e-03  2.60987552e-03
  3.21599646e-03  2.88385619e-03 -1.58550808e-03  1.68221064e-04
  1.74602417e-04  1.18683892e-03  5.64754152e-03 -1.61368533e-03
  5.49282918e-04  2.28175375e-03  2.02515225e-03 -1.21019828e-03
  2.64548847e-03  1.24763622e-03 -1.88905052e-03 -3.02215157e-04
 -2.04638163e-05  3.74335906e-03  1.66099219e-03 -1.37825070e-03
 -6.07251991e-03  6.00485049e-03 -2.67064657e-03  7.28934024e-04
  1.27743744e-03 -8.59805398e-04 -3.67187171e-04  2.17223925e-03
  2.55231618e-03 -1.30079278e-03 -3.70047100e-03  9.24763928e-04
 -3.38339536e-04  8.10302053e-04]",50,
575,50,1,1,0.01437956120518038,,,"[-1.45954787e-03 -9.90917197e-04 -3.79619818e-03 -3.63350616e-03
  1.23598401e-03  6.07373852e-03  2.25203913e-03  5.61620169e-04
 -1.72073057e-03 -9.61856103e-04  4.03922761e-03 -2.89060618e-03
  4.06115948e-04  1.86138369e-03  4.17482679e-03  2.18363632e-03
  3.32029477e-03  2.69830236e-03 -1.73571073e-03 -1.88805933e-04
 -5.61691637e-05  8.75695397e-04  5.60080660e-03 -1.46693878e-03
  3.32746805e-04  1.78389351e-03  2.13676785e-03 -1.39223191e-03
  2.69392280e-03  1.27951381e-03 -2.05031181e-03 -7.95543231e-04
 -2.57080418e-04  3.81987424e-03  1.92116199e-03 -1.51240928e-03
 -6.29094966e-03  6.25637010e-03 -2.48753722e-03  1.95055996e-04
  1.37333785e-03 -9.90494487e-04 -4.47167441e-04  2.08748712e-03
  2.36840169e-03 -1.26723867e-03 -3.71870492e-03  1.36455270e-03
 -2.76251627e-04  5.64156960e-04]",50,
625,50,1,1,0.014490951021606975,,,"[-1.28452620e-03 -1.19269801e-03 -3.85509933e-03 -3.61108420e-03
  1.11326597e-03  6.03846221e-03  2.11264664e-03  8.21942938e-04
 -1.56220199e-03 -7.72655834e-04  3.85159240e-03 -3.19039465e-03
  1.84375791e-04  2.01467826e-03  4.16921752e-03  2.15380323e-03
  3.60676692e-03  2.41967888e-03 -1.57062835e-03  1.00362898e-04
 -3.61081575e-04  1.37922398e-03  5.47265777e-03 -1.82857217e-03
  1.48089209e-04  2.27172290e-03  1.78712733e-03 -1.25773662e-03
  2.64942202e-03  1.51862539e-03 -1.82720917e-03 -8.96835001e-04
 -3.39572591e-05  3.84868350e-03  1.86690604e-03 -1.47330950e-03
 -5.88567570e-03  6.49695982e-03 -2.28140405e-03  3.75723246e-04
  1.40021509e-03 -1.02375741e-03 -1.54300708e-04  2.00947633e-03
  2.39916417e-03 -1.56745890e-03 -3.64115458e-03  1.44796314e-03
 -4.56893520e-04  9.89391432e-04]",50,
675,50,1,1,0.01428779033169917,,,"[-1.65857074e-03 -1.18405974e-03 -3.39993273e-03 -3.48116499e-03
  1.10552663e-03  5.53246277e-03  1.89093842e-03  9.28267154e-04
 -1.63529998e-03 -1.10732821e-03  3.63215569e-03 -3.31226083e-03
  1.12501670e-04  1.90885327e-03  4.06093762e-03  2.08251521e-03
  3.53244889e-03  2.30966183e-03 -1.57460123e-03  3.25630243e-04
 -3.99885035e-04  1.24728429e-03  5.64673974e-03 -2.06542373e-03
  3.73163962e-05  2.30808751e-03  1.64121567e-03 -1.26340807e-03
  2.53208297e-03  1.14666938e-03 -1.53830581e-03 -9.67651475e-04
 -7.12531821e-05  3.81971361e-03  1.86993449e-03 -1.64543978e-03
 -6.05288545e-03  6.28575497e-03 -2.15976998e-03  1.50232615e-04
  1.22880576e-03 -9.09794118e-04  8.02167651e-05  1.66527753e-03
  2.36043481e-03 -1.50685265e-03 -3.47237666e-03  1.46961929e-03
 -5.75062129e-04  8.24994161e-04]",50,
725,50,1,1,0.01422382970435251,,,"[-1.61408834e-03 -1.10931000e-03 -3.31171902e-03 -3.53797457e-03
  9.76145902e-04  5.45278412e-03  1.95822717e-03  7.92082055e-04
 -1.22298861e-03 -1.06803182e-03  3.58799356e-03 -3.22631002e-03
 -3.63975848e-06  1.69818565e-03  4.10958294e-03  2.12316044e-03
  3.43137261e-03  2.22518626e-03 -1.70745449e-03  1.51619769e-04
 -3.96708160e-04  1.33063054e-03  5.83211480e-03 -2.00007666e-03
 -3.19984874e-05  2.01379528e-03  1.73757614e-03 -1.24218347e-03
  2.34953229e-03  1.34353373e-03 -1.31772469e-03 -1.13990112e-03
 -2.01950066e-04  3.80199029e-03  1.78716112e-03 -1.68448407e-03
 -6.03814858e-03  6.38333722e-03 -2.28738299e-03  1.93684834e-04
  1.53923870e-03 -9.42220942e-04 -1.34078631e-05  1.68981108e-03
  2.63745920e-03 -1.59374393e-03 -3.71330468e-03  1.29301281e-03
 -6.45074908e-04  8.32537258e-04]",50,
775,50,1,1,0.01423422206255907,,,"[-1.45062688e-03 -1.33361976e-03 -3.42092257e-03 -3.51100038e-03
  9.25352420e-04  5.58963162e-03  1.76960363e-03  6.99029945e-04
 -1.36000663e-03 -1.06552015e-03  3.44748298e-03 -3.17549525e-03
  2.46875005e-04  1.61949890e-03  4.11729667e-03  2.14482019e-03
  3.20698157e-03  2.09556179e-03 -1.69076941e-03  1.78384981e-04
 -3.73632188e-04  1.41075553e-03  6.10970544e-03 -1.79944792e-03
 -1.10037779e-04  1.87155675e-03  1.84643447e-03 -1.15110102e-03
  2.19716700e-03  1.38189058e-03 -1.22462665e-03 -1.34531060e-03
 -2.50891180e-04  3.74375949e-03  1.72472220e-03 -1.51488685e-03
 -5.88310615e-03  6.39567563e-03 -2.01757613e-03  2.67292196e-05
  1.59370276e-03 -9.87250318e-04 -7.19769142e-05  1.49754536e-03
  2.32535294e-03 -1.49366636e-03 -3.52356664e-03  1.22677742e-03
 -6.54768694e-04  8.86639197e-04]",50,
825,50,1,1,0.014244925334788263,,,"[-1.56292648e-03 -1.43465377e-03 -3.09758414e-03 -3.57349226e-03
  6.44177049e-04  5.71121816e-03  1.62141017e-03  6.83495476e-04
 -1.56210519e-03 -1.04964791e-03  3.54077632e-03 -3.26457060e-03
  2.13620509e-04  1.77985118e-03  3.73659012e-03  2.31523273e-03
  3.12659505e-03  2.25148494e-03 -1.73022528e-03  3.67684516e-04
 -5.20243277e-06  1.45024977e-03  6.22984232e-03 -1.70144931e-03
  4.96631889e-05  1.93377388e-03  1.86642517e-03 -1.31229271e-03
  2.26259107e-03  1.27129177e-03 -1.18788338e-03 -1.40067394e-03
 -4.98965027e-04  3.58332398e-03  1.79486205e-03 -1.72620248e-03
 -6.06218844e-03  6.42892120e-03 -2.31305340e-03  6.66855922e-05
  1.61030007e-03 -9.94624228e-04 -9.43259942e-05  1.84300807e-03
  2.36112941e-03 -1.60310931e-03 -3.47806327e-03  1.24498810e-03
 -6.87721611e-04  7.64953907e-04]",50,
875,50,1,1,0.014250088483016156,,,"[-1.76619076e-03 -1.28343038e-03 -3.06583025e-03 -3.46841345e-03
  7.84545684e-04  5.61790583e-03  1.50247777e-03  4.80848500e-04
 -1.38781952e-03 -9.94982833e-04  3.61617616e-03 -2.95628364e-03
  4.31615003e-04  1.73807673e-03  3.69187349e-03  2.15911178e-03
  3.08799815e-03  2.33451190e-03 -1.80957663e-03  3.14298940e-04
  1.10205238e-04  1.42488383e-03  6.26064283e-03 -1.48223568e-03
 -1.75676586e-05  1.64086549e-03  1.76358353e-03 -1.43738156e-03
  2.62101510e-03  1.28410912e-03 -1.42533266e-03 -1.34329951e-03
 -6.70253603e-04  3.78017853e-03  1.62713443e-03 -1.86040154e-03
 -6.03446304e-03  6.22615333e-03 -2.19559589e-03  7.64101358e-06
  1.50815198e-03 -9.53676650e-04 -6.16935742e-05  1.86369319e-03
  2.18675527e-03 -1.46158911e-03 -3.28106556e-03  1.36277044e-03
 -8.60479356e-04  7.20043660e-04]",50,
925,50,1,1,0.014324847570181305,,,"[-1.83929597e-03 -1.33487469e-03 -3.22977818e-03 -3.43333291e-03
  7.92137550e-04  5.64881658e-03  1.62489886e-03  4.64867324e-04
 -1.29310049e-03 -9.53923121e-04  3.43062454e-03 -2.72600682e-03
  3.38911438e-04  1.75984010e-03  3.61751045e-03  2.15934718e-03
  2.88721987e-03  2.21991677e-03 -1.73689280e-03  2.21481546e-04
 -8.42279326e-05  1.50975681e-03  6.28584745e-03 -1.36144817e-03
 -4.91927293e-05  1.71276704e-03  1.88216471e-03 -1.43120058e-03
  2.68391966e-03  1.36580954e-03 -1.69676838e-03 -1.44167520e-03
 -7.18403375e-04  3.67139483e-03  1.54089814e-03 -1.76035747e-03
 -6.02095890e-03  6.23024426e-03 -2.01396825e-03 -4.94351666e-05
  1.71332157e-03 -9.76537229e-04 -1.72721899e-04  1.90337896e-03
  1.96681569e-03 -1.49397394e-03 -3.31498032e-03  1.40076679e-03
 -6.71334735e-04  6.15106860e-04]",50,
975,50,1,1,0.014293857148282428,,,"[-1.75898887e-03 -1.22719287e-03 -3.22147334e-03 -3.45221325e-03
  7.28665187e-04  5.60760117e-03  1.41596562e-03  5.33210420e-04
 -1.33628666e-03 -1.10936770e-03  3.40559202e-03 -2.67151360e-03
  4.00875537e-04  1.69706431e-03  3.80686152e-03  2.01279531e-03
  2.81681838e-03  2.32200449e-03 -1.73091258e-03  3.75481291e-04
 -2.46872546e-04  1.65189404e-03  6.28340261e-03 -1.46253471e-03
  1.71216456e-04  1.69959285e-03  1.85299960e-03 -1.54852580e-03
  2.57572065e-03  1.52239774e-03 -1.50216282e-03 -1.56301261e-03
 -6.67160010e-04  3.44061845e-03  1.54220465e-03 -1.76313983e-03
 -6.08157040e-03  6.11839439e-03 -1.94293050e-03 -1.77044161e-05
  1.65958445e-03 -9.55501097e-04 -2.85728979e-04  1.67556949e-03
  1.68091627e-03 -1.57785415e-03 -3.07535847e-03  1.42876113e-03
 -5.00550616e-04  7.57348274e-04]",50,
1025,50,1,1,0.014268324822770068,,,"[-1.79931293e-03 -1.35903566e-03 -3.27337939e-03 -3.54564475e-03
  8.62332958e-04  5.75340407e-03  1.46414589e-03  4.29934870e-04
 -1.22945914e-03 -1.14763701e-03  3.48852655e-03 -2.77583067e-03
  2.50841862e-04  1.74036562e-03  3.88362536e-03  2.06270338e-03
  2.62476144e-03  2.35115075e-03 -1.82612719e-03  4.86220451e-04
 -1.15978097e-04  1.69656905e-03  6.24496568e-03 -1.23659752e-03
  2.81959148e-04  1.52677455e-03  1.87959290e-03 -1.38792967e-03
  2.69246081e-03  1.50951845e-03 -1.53139517e-03 -1.56943281e-03
 -5.93475327e-04  3.44348853e-03  1.54016600e-03 -1.76577905e-03
 -6.10867077e-03  6.06844275e-03 -2.00270568e-03  1.97996878e-05
  1.75202929e-03 -9.47273824e-04 -3.02439817e-04  1.67166289e-03
  1.55795235e-03 -1.68418453e-03 -2.78549404e-03  1.58663663e-03
 -6.27407858e-04  7.86527187e-04]",50,
25,50,1,2,0.0205284664384493,,,"[ 2.33598164e-03 -9.79959291e-04 -7.11815276e-03 -4.77199218e-04
 -1.18987129e-03  1.65007745e-03  3.66492824e-04  2.61462439e-03
 -1.01592401e-04 -1.41109716e-04  6.31099220e-04  4.32870886e-04
  1.83430534e-03  2.84043965e-04  6.03972529e-04  4.78278791e-03
  4.70787556e-04  5.82009287e-03  5.68062169e-04  2.09307195e-03
  1.17355488e-03  3.01132954e-04 -7.81742273e-04 -6.53365454e-04
  3.45867799e-03  2.04697746e-03  1.98243693e-03  1.29150066e-03
  2.54456012e-03  3.69697210e-03 -7.87013112e-04 -2.88823015e-03
  5.29263479e-04  5.74334504e-03  1.86190842e-03  1.77824074e-04
  2.72607131e-04  2.41845959e-03  7.73046356e-05  1.59572441e-03
  1.37092624e-03 -2.94497763e-03 -4.80024589e-05  2.03887896e-03
  3.46705520e-03 -2.58424631e-03 -2.28329040e-03  1.22667183e-04
  4.07011609e-04  3.14612822e-03]",50,
75,50,1,2,0.020557096515745457,,,"[-1.23467720e-04 -3.22508909e-03 -7.20352110e-03 -7.90127571e-04
 -7.94508111e-04  6.72994877e-03 -2.76213536e-03  3.70605106e-03
  7.34501757e-04 -3.51423574e-03  6.64054424e-03 -5.26738787e-03
  2.74854431e-03  2.07109408e-03  3.16426440e-03  7.28968005e-03
  4.79644415e-03  3.66229054e-03 -9.71497824e-04  3.84998732e-03
 -9.52234310e-05  2.78953838e-03  8.47790531e-03 -4.96665634e-03
  2.51831786e-03 -2.38665102e-04 -2.92340692e-05 -6.76478611e-04
  2.66559033e-03  1.33472790e-03  9.30587721e-04 -2.57559459e-03
  3.07237331e-03  1.57208107e-03  1.86217117e-03 -2.71553795e-03
 -6.65714016e-03  6.92337369e-03 -3.40808043e-03 -2.39291306e-03
  1.10797851e-03 -5.71246676e-03 -1.55984930e-03 -3.26386102e-03
  1.40424858e-03 -6.60736877e-04 -2.61739414e-03 -2.50825879e-03
  3.75943127e-03 -1.42091994e-04]",50,
125,50,1,2,0.017242781858642503,,,"[-0.00184309 -0.00202859 -0.00564848 -0.00357536 -0.00198473  0.0054208
 -0.00040545  0.00297838 -0.00366419 -0.00114194  0.00554916 -0.00192793
  0.0019031   0.00224711  0.00319286  0.00204611  0.0055439   0.00281166
 -0.00183611  0.00190823 -0.00120582  0.00145411  0.00808897 -0.00526971
  0.00066934  0.00204101  0.00012511  0.00046154  0.00211552  0.00116904
 -0.00049641 -0.00198416  0.00015598  0.00392889  0.00166107 -0.00307749
 -0.00626204  0.0053132  -0.00375579 -0.00096124  0.00234728 -0.00539036
  0.00172063  0.00087983  0.00181072 -0.0012782  -0.00175313  0.00083888
  0.00113249  0.001188  ]",50,
175,50,1,2,0.016076849304259896,,,"[-8.09509083e-04 -9.16128778e-04 -5.61422854e-03 -4.94748271e-03
 -2.40383303e-03  5.27034149e-03  1.45919368e-03  2.25012200e-03
 -2.89052422e-03 -1.03869151e-03  4.58576024e-03 -1.56693002e-03
  1.71488609e-03  1.80628742e-03  3.26723815e-03  1.83390884e-03
  3.27050700e-03  2.85672925e-03 -3.42009385e-03  1.49020705e-03
 -7.88516566e-04  3.12035541e-03  8.30412946e-03 -4.02575877e-03
  8.62711477e-04  7.89416217e-05  1.34325946e-04  7.98215573e-05
  2.89992886e-03  8.04249379e-04 -9.57382846e-04 -1.31750115e-03
  6.95968571e-04  3.24412732e-03  2.16778228e-03 -1.30073617e-03
 -5.51626827e-03  6.04259136e-03 -3.21326108e-03 -1.45134215e-03
  2.16364955e-03 -3.40350744e-03  5.48069398e-04  1.91926269e-03
  3.92732591e-03 -9.29809606e-04 -3.04696547e-03  1.28190884e-03
  1.37015905e-04  1.69511701e-03]",50,
225,50,1,2,0.015724694821714708,,,"[-1.54383697e-03 -1.20428885e-03 -5.44346297e-03 -4.35876891e-03
 -1.81427292e-03  5.70263275e-03  6.04181575e-04  1.57414830e-03
 -2.69541505e-03 -1.19407245e-04  3.63961212e-03 -1.96624514e-03
  1.37418901e-03  1.30590910e-03  4.88146612e-03  1.64638203e-03
  3.26117287e-03  3.03220151e-03 -2.53097692e-03  1.49154479e-03
 -7.26522190e-04  2.68576577e-03  6.33407007e-03 -4.00730944e-03
 -1.27006122e-04  1.68658581e-04 -4.63106031e-05 -1.67916022e-03
  2.13747144e-03  1.51622462e-03 -2.26139953e-04 -1.68412309e-03
  6.40974809e-04  3.09420167e-03  2.92941866e-03 -1.88721291e-03
 -4.76595231e-03  5.38342346e-03 -2.66979689e-03  1.48155691e-04
  9.51136607e-04 -3.30928230e-03  8.48815986e-04  2.07545937e-03
  2.61752636e-03 -2.37150369e-03 -2.73009086e-03  1.65354590e-03
 -1.34742012e-04  9.10768047e-04]",50,
275,50,1,2,0.015332723753838878,,,"[-0.00237352 -0.00136584 -0.00435615 -0.00439714 -0.00052705  0.00537295
  0.00038728  0.0014028  -0.00169461 -0.00077176  0.00280432 -0.00199361
  0.00096006  0.00204508  0.00397384  0.00157378  0.00339473  0.00287768
 -0.00250099  0.00098111 -0.00052798  0.00207868  0.0060512  -0.00426307
 -0.00088413  0.0006601   0.00015401 -0.00174426  0.00252714  0.00161722
 -0.0011712  -0.00220692  0.00027804  0.00420526  0.00259473 -0.00204005
 -0.00531576  0.00598598 -0.00281795  0.00013405  0.00096523 -0.00298717
  0.00064242  0.00208801  0.00217353 -0.00233684 -0.00240686  0.00199423
  0.00010902  0.00090872]",50,
325,50,1,2,0.015061855874233174,,,"[-1.96701888e-03 -1.47162195e-03 -4.30721864e-03 -3.86827553e-03
 -5.22948345e-04  4.86564763e-03  5.22261703e-04  1.19702609e-03
 -1.48517828e-03 -7.87748829e-04  2.82888525e-03 -1.68597172e-03
  1.04703855e-03  1.28871359e-03  4.60519442e-03  1.59373806e-03
  2.60937578e-03  3.02303724e-03 -2.80498566e-03  8.18246552e-04
 -5.96838201e-06  1.82009178e-03  6.36056659e-03 -3.36863802e-03
 -2.69181304e-04  1.68347174e-04  2.92955649e-04 -1.94843004e-03
  2.72993672e-03  1.40521017e-03 -1.03914592e-03 -2.53680858e-03
 -1.01530243e-04  3.89921600e-03  2.79657794e-03 -1.57613591e-03
 -5.39817739e-03  5.76242826e-03 -2.28578754e-03 -2.83862647e-04
  4.39348990e-04 -2.68797665e-03  8.25659751e-04  1.93265913e-03
  2.10386899e-03 -2.02627761e-03 -2.30072567e-03  2.02096945e-03
 -4.89398446e-04  6.92315290e-04]",50,
375,50,1,2,0.015150100003003786,,,"[-1.94602409e-03 -1.70162198e-03 -3.61170847e-03 -4.11691226e-03
 -8.14398318e-04  4.43055053e-03  5.67883953e-04  1.14891446e-03
 -1.28592567e-03 -8.25838993e-04  2.56845039e-03 -1.66135504e-03
  7.99977503e-04  1.86153593e-03  4.16528717e-03  1.45231879e-03
  2.58109623e-03  2.53937999e-03 -2.19519581e-03  7.44850898e-04
  3.43708121e-05  1.71841248e-03  6.56060876e-03 -3.14429739e-03
 -8.11784344e-04  1.07668541e-03  4.51450130e-04 -2.59228093e-03
  2.51512543e-03  1.15362734e-03 -6.51938690e-04 -2.35373547e-03
 -1.19291326e-05  4.52631239e-03  3.11086597e-03 -1.52634862e-03
 -5.62739805e-03  5.85839840e-03 -2.60598625e-03 -4.55342371e-04
  2.72130469e-04 -1.98698433e-03  1.64947032e-03  1.59846973e-03
  2.18604874e-03 -2.12620777e-03 -2.72663306e-03  1.99402556e-03
 -4.94948072e-04 -4.59312814e-05]",50,
425,50,1,2,0.01515056784031799,,,"[-1.66119442e-03 -1.52752951e-03 -3.88324904e-03 -3.48545548e-03
  1.59122177e-05  4.45696671e-03  3.21475971e-04  8.51542916e-04
 -1.88525334e-03 -9.71398131e-04  2.56381006e-03 -1.79149861e-03
  6.77798633e-04  2.20868255e-03  4.00827916e-03  1.14368085e-03
  2.74257149e-03  2.63060418e-03 -2.11396199e-03  4.88659846e-04
 -3.27262201e-04  1.89358943e-03  6.99000353e-03 -3.21643465e-03
 -2.78221660e-04  1.41810281e-03  3.77256065e-04 -2.26879855e-03
  2.41574636e-03  1.54598538e-03 -7.41858146e-04 -2.41626906e-03
 -5.42528206e-04  4.72487736e-03  2.39800376e-03 -1.65755995e-03
 -5.45689848e-03  5.56084166e-03 -2.52968743e-03 -7.72511497e-04
  6.54696436e-04 -1.49353685e-03  1.33152994e-03  1.06297338e-03
  1.88114710e-03 -2.17253494e-03 -2.74619505e-03  2.00567790e-03
 -3.32108289e-04  9.20885702e-05]",50,
475,50,1,2,0.01503720027403233,,,"[-1.48420158e-03 -1.66930145e-03 -4.11564031e-03 -3.03708827e-03
  7.70692051e-06  5.11678136e-03 -1.32015738e-04  6.43925229e-04
 -1.74087540e-03 -1.16106806e-03  2.51141335e-03 -1.94102784e-03
  7.77265066e-04  2.34381267e-03  3.99049057e-03  1.36119392e-03
  2.69474536e-03  2.58701198e-03 -1.96095202e-03  4.20992410e-04
 -7.47458354e-04  1.75544925e-03  6.98798862e-03 -2.89741620e-03
 -4.64844118e-04  1.41059260e-03  1.87668589e-04 -2.04543172e-03
  2.43842564e-03  1.64336576e-03 -7.54157029e-04 -2.37649163e-03
 -3.80025772e-04  4.42639805e-03  2.11755425e-03 -2.02617519e-03
 -5.83135844e-03  5.47657809e-03 -2.63329458e-03 -7.94832144e-04
  6.46693756e-04 -1.27524954e-03  1.32606090e-03  1.17838414e-03
  1.69476386e-03 -2.49661736e-03 -2.61061977e-03  2.20411986e-03
 -4.77852194e-04 -2.47383098e-05]",50,
525,50,1,2,0.014905106214675357,,,"[-0.00101614 -0.00179711 -0.00361382 -0.00298175  0.00027939  0.0048842
  0.00021101  0.00041379 -0.00172955 -0.00082121  0.00235779 -0.00251821
  0.0004495   0.00240465  0.00428024  0.00147566  0.00272182  0.00224869
 -0.0018317   0.0005198  -0.00048002  0.00234284  0.00660773 -0.00243268
 -0.0004862   0.0013358   0.00052947 -0.00154233  0.00283814  0.00157756
 -0.00121425 -0.0023927  -0.00018456  0.00402683  0.00217361 -0.00186995
 -0.00590068  0.00546488 -0.00237625 -0.00071972  0.00089074 -0.00106447
  0.00066563  0.00132267  0.00197929 -0.00198221 -0.00283748  0.00197847
 -0.00089698  0.00031128]",50,
575,50,1,2,0.014830937709182876,,,"[-1.29931342e-03 -1.97437217e-03 -3.48851843e-03 -2.99067382e-03
  1.17705317e-04  5.20307253e-03  4.65114210e-04  3.74617933e-04
 -1.35379077e-03 -7.36574297e-04  2.68947287e-03 -2.56353424e-03
  3.57495394e-05  2.33151557e-03  4.41786607e-03  1.65404474e-03
  2.54674371e-03  1.96345344e-03 -1.86107236e-03  1.86510641e-04
 -1.30336838e-06  1.89607658e-03  6.76853960e-03 -2.38656336e-03
 -9.60226619e-04  1.40549201e-03  1.09795379e-03 -1.25102848e-03
  2.49610170e-03  1.19196225e-03 -1.40337207e-03 -1.96841355e-03
  5.67352950e-05  3.95714393e-03  1.96965140e-03 -1.99789421e-03
 -5.45447175e-03  5.48851827e-03 -2.04970749e-03 -6.16539515e-04
  1.36688167e-03 -9.96317763e-04  8.51573009e-04  1.37913197e-03
  2.12721161e-03 -1.73269306e-03 -2.87378988e-03  2.09462426e-03
 -6.23637432e-04  4.95288043e-04]",50,
625,50,1,2,0.014769931729113638,,,"[-1.33631739e-03 -1.87187751e-03 -3.48603222e-03 -3.00746959e-03
  1.21642272e-04  5.38602304e-03  6.19065602e-04  4.78496362e-04
 -1.23176605e-03 -8.99731689e-04  2.67669010e-03 -2.55763749e-03
  8.91300722e-05  1.96478200e-03  4.03425053e-03  1.63607117e-03
  3.07764773e-03  1.98862630e-03 -1.53591771e-03  3.92542033e-04
  2.17366371e-04  2.07928734e-03  6.95769206e-03 -2.18522244e-03
 -7.39108626e-04  1.37146422e-03  1.11324747e-03 -1.25149962e-03
  2.36207701e-03  1.22017634e-03 -1.75656460e-03 -1.80842932e-03
  1.11460027e-04  4.04972975e-03  2.11532392e-03 -2.06924816e-03
 -5.46680369e-03  5.38217091e-03 -1.77344952e-03 -6.80059707e-04
  1.48555594e-03 -8.87514908e-04  9.04551810e-04  1.41862120e-03
  1.97872225e-03 -1.76414255e-03 -2.94145978e-03  1.93067420e-03
 -4.12406756e-04  8.20941535e-04]",50,
675,50,1,2,0.014566418255228655,,,"[-1.40063634e-03 -1.80247888e-03 -3.44031299e-03 -3.20342857e-03
 -4.92886055e-05  5.26030755e-03  8.01321912e-04  2.24618160e-04
 -1.29771026e-03 -1.01436125e-03  2.78631356e-03 -2.59349422e-03
  1.95056778e-04  1.72253936e-03  4.03992554e-03  1.49417237e-03
  2.98894561e-03  2.11056255e-03 -1.47771393e-03  3.62010111e-04
  2.86572663e-04  1.85276054e-03  6.87542827e-03 -1.69529594e-03
 -6.73265180e-04  1.26322819e-03  1.41165063e-03 -1.54312119e-03
  2.34229185e-03  1.11929794e-03 -1.77814751e-03 -1.89056468e-03
  3.69187911e-05  4.14624827e-03  1.79405398e-03 -1.83374980e-03
 -5.40824588e-03  5.20440534e-03 -2.02427745e-03 -1.04796153e-03
  1.65520593e-03 -1.16226927e-03  9.19743494e-04  1.18833619e-03
  1.77733666e-03 -1.96206397e-03 -2.97157779e-03  1.79271041e-03
 -2.99236322e-04  6.92391340e-04]",50,
725,50,1,2,0.014569974506064795,,,"[-1.25991762e-03 -1.73410860e-03 -3.69508202e-03 -3.16864272e-03
  3.68607766e-04  5.58778251e-03  7.40720433e-04  2.54465872e-04
 -1.37786685e-03 -1.02437524e-03  2.76892555e-03 -2.33338232e-03
  5.96145709e-05  1.67760497e-03  4.06255240e-03  1.59865612e-03
  2.71742289e-03  2.20249688e-03 -1.58607576e-03  3.02811606e-04
  1.00485918e-04  1.85944419e-03  6.70441665e-03 -1.75560004e-03
 -7.08911882e-04  1.01476293e-03  1.48129686e-03 -1.54343670e-03
  2.27954024e-03  1.46770207e-03 -1.78203080e-03 -1.92367690e-03
 -6.64403662e-05  3.93393232e-03  1.66041617e-03 -1.87591501e-03
 -5.67581872e-03  5.59650044e-03 -2.12421758e-03 -8.31377425e-04
  1.54827798e-03 -1.19796517e-03  8.28754132e-04  1.22226820e-03
  1.90954748e-03 -1.76813022e-03 -3.10791335e-03  1.61903100e-03
 -3.86172122e-04  7.96448315e-04]",50,
775,50,1,2,0.014344892156822197,,,"[-1.29127992e-03 -1.73634962e-03 -3.51923471e-03 -3.29396810e-03
  9.88917336e-05  5.57300637e-03  8.23888174e-04  1.57461121e-04
 -1.46721174e-03 -1.20018812e-03  3.15653286e-03 -2.50974638e-03
 -1.56936749e-04  1.70151893e-03  4.24143826e-03  1.69161065e-03
  2.65363881e-03  2.15089603e-03 -1.80584308e-03  4.10535286e-04
 -2.82885579e-05  1.57655527e-03  6.37942113e-03 -1.79005294e-03
 -4.34112751e-04  1.28527538e-03  1.43350200e-03 -1.66001437e-03
  2.16335806e-03  1.33005017e-03 -1.67747229e-03 -1.96995437e-03
 -1.43182587e-05  3.83023086e-03  1.49210115e-03 -1.74513674e-03
 -5.59219204e-03  5.64009378e-03 -2.13395241e-03 -7.42708484e-04
  1.72515317e-03 -1.03855315e-03  6.11768527e-04  1.36817234e-03
  1.83264827e-03 -1.56437118e-03 -2.92414800e-03  1.48315835e-03
 -8.01403921e-04  7.73178982e-04]",50,
825,50,1,2,0.01434035455955268,,,"[-1.32206917e-03 -1.93067704e-03 -3.24224622e-03 -3.23744690e-03
  3.71385390e-04  5.49406231e-03  9.87991534e-04  1.05143988e-04
 -1.45256152e-03 -1.22579193e-03  3.18362786e-03 -2.51086076e-03
 -1.13090375e-04  1.62713316e-03  4.10953026e-03  1.90475887e-03
  2.57153942e-03  2.23318111e-03 -1.89262911e-03  4.44593599e-04
  1.55121763e-04  1.59042496e-03  6.40475941e-03 -1.32862078e-03
 -3.49048396e-04  1.30173246e-03  1.44597748e-03 -1.67119042e-03
  2.46184036e-03  1.31519701e-03 -1.75884313e-03 -1.94905416e-03
 -8.70864965e-05  3.78682713e-03  1.42238997e-03 -1.86007266e-03
 -5.60677889e-03  5.84875733e-03 -2.17769431e-03 -5.53213972e-04
  1.52456559e-03 -1.02371585e-03  2.85084443e-04  1.58638245e-03
  1.90644485e-03 -1.58666002e-03 -2.99342865e-03  1.56153575e-03
 -7.14544000e-04  6.72657755e-04]",50,
875,50,1,2,0.014290564176844782,,,"[-1.62143421e-03 -1.88809031e-03 -3.19165993e-03 -3.38220312e-03
  7.22323477e-04  5.34487057e-03  1.17155896e-03  1.46127189e-04
 -1.33557440e-03 -1.04613278e-03  3.16501757e-03 -2.60355690e-03
  1.59824580e-05  1.51540818e-03  4.14962107e-03  1.90897298e-03
  2.81259782e-03  2.46986218e-03 -1.77078635e-03  2.55485545e-04
  3.34790537e-06  1.82236706e-03  6.16446449e-03 -1.21109020e-03
 -4.28916187e-04  1.31982222e-03  1.52408281e-03 -1.72557151e-03
  2.45715678e-03  1.40554955e-03 -1.70207195e-03 -1.78330536e-03
 -1.77524479e-04  3.74705160e-03  1.38199353e-03 -1.86412999e-03
 -5.74087947e-03  5.83052182e-03 -2.08634852e-03 -2.31120926e-04
  1.49657495e-03 -8.75898558e-04  1.36180820e-04  1.76868673e-03
  1.89385353e-03 -1.65757855e-03 -2.84507434e-03  1.56983871e-03
 -6.97879232e-04  6.38092020e-04]",50,
925,50,1,2,0.01428797865289937,,,"[-1.54375788e-03 -1.75626826e-03 -3.10010546e-03 -3.61208304e-03
  5.14763271e-04  5.32325195e-03  1.05657101e-03  2.80075661e-04
 -1.46668031e-03 -1.01463203e-03  3.40353556e-03 -2.65757892e-03
  1.19486003e-05  1.61759409e-03  4.19386038e-03  1.91504919e-03
  2.78052667e-03  2.57546095e-03 -1.95469045e-03  3.65989414e-04
  6.07807732e-06  1.86411936e-03  6.34635783e-03 -1.15266481e-03
 -1.11686581e-04  1.46988236e-03  1.63178448e-03 -1.50579334e-03
  2.55027648e-03  1.44048680e-03 -1.70261005e-03 -1.75965961e-03
 -4.89252250e-04  3.57315636e-03  1.48045236e-03 -1.90573412e-03
 -5.82181660e-03  5.95147429e-03 -2.12417636e-03 -2.01239515e-04
  1.54944972e-03 -9.63719745e-04 -1.57339375e-04  1.64188106e-03
  1.73593779e-03 -1.86277037e-03 -2.87430927e-03  1.47976709e-03
 -8.01303313e-04  6.41323558e-04]",50,
975,50,1,2,0.01428625596188624,,,"[-1.81114510e-03 -1.60208116e-03 -3.06406172e-03 -3.32795464e-03
  7.83817163e-04  5.62637296e-03  1.42042212e-03  3.39811548e-04
 -1.46682902e-03 -9.36220171e-04  3.34885192e-03 -2.79536904e-03
  9.50951879e-05  1.67679991e-03  3.97661395e-03  1.88134933e-03
  2.71169144e-03  2.45616108e-03 -2.04643800e-03  5.96764557e-04
  8.77909735e-06  1.73342034e-03  6.24886348e-03 -1.45473780e-03
  6.94444014e-05  1.34389131e-03  1.59072878e-03 -1.28488036e-03
  2.44421213e-03  1.41562038e-03 -1.67535324e-03 -1.65010336e-03
 -4.78371791e-04  3.58150684e-03  1.35968807e-03 -1.75001868e-03
 -5.96682957e-03  6.12488381e-03 -2.02138350e-03 -9.98162127e-05
  1.67223503e-03 -9.24087970e-04 -1.88153150e-04  1.64622510e-03
  1.67207540e-03 -1.71613285e-03 -2.92042256e-03  1.53909770e-03
 -6.90063308e-04  7.28765185e-04]",50,
1025,50,1,2,0.014268324822782574,,,"[-1.79931293e-03 -1.35903566e-03 -3.27337939e-03 -3.54564475e-03
  8.62332958e-04  5.75340407e-03  1.46414589e-03  4.29934870e-04
 -1.22945914e-03 -1.14763701e-03  3.48852655e-03 -2.77583067e-03
  2.50841862e-04  1.74036562e-03  3.88362536e-03  2.06270338e-03
  2.62476144e-03  2.35115075e-03 -1.82612719e-03  4.86220451e-04
 -1.15978097e-04  1.69656905e-03  6.24496568e-03 -1.23659752e-03
  2.81959148e-04  1.52677455e-03  1.87959290e-03 -1.38792967e-03
  2.69246081e-03  1.50951845e-03 -1.53139517e-03 -1.56943281e-03
 -5.93475327e-04  3.44348853e-03  1.54016600e-03 -1.76577905e-03
 -6.10867077e-03  6.06844275e-03 -2.00270568e-03  1.97996878e-05
  1.75202929e-03 -9.47273824e-04 -3.02439817e-04  1.67166289e-03
  1.55795235e-03 -1.68418453e-03 -2.78549404e-03  1.58663663e-03
 -6.27407858e-04  7.86527187e-04]",50,
25,50,1,3,0.021910743755705654,,,"[-0.00285832 -0.00464742 -0.0003786  -0.00440666 -0.00294712  0.00375807
  0.00283629 -0.00043956 -0.00537028  0.00022366  0.00013878  0.00243394
  0.00245127  0.00422121 -0.00240061  0.00138883  0.00422026 -0.00228667
 -0.00290115 -0.00276269  0.00217227  0.00570732  0.00734918 -0.00084377
  0.00096664  0.00083196  0.00036341 -0.00590994  0.00416925  0.00296282
  0.00362672  0.00040101  0.00079635  0.00412475  0.00031656 -0.00223005
 -0.00466117  0.00442022  0.00090606  0.00287536 -0.00060258  0.00051356
 -0.00033588 -0.00228241  0.00261592  0.00332188 -0.00197411  0.00232233
 -0.00485544  0.00142518]",50,
75,50,1,3,0.023259761677803113,,,"[-0.00641345  0.00306835 -0.00318217 -0.00362211  0.00237071  0.00286457
  0.00315385  0.00827046  0.00504569 -0.00024084  0.00446945 -0.00593202
  0.00502672  0.0063751   0.00119106  0.00274702  0.00435958  0.00636853
 -0.0020718  -0.00263359  0.00394653  0.00119591  0.01073301 -0.00063917
 -0.00089708 -0.00069723  0.00093528 -0.0071902   0.00266178 -0.00301326
 -0.00184088  0.00373538  0.00025028  0.00152525  0.00687377  0.00115389
 -0.0120915   0.01056915 -0.00414062 -0.00239428 -0.00136484 -0.00574404
  0.00121341  0.00157714  0.00440926 -0.00452454 -0.00407165 -0.00467105
 -0.00899966  0.00318447]",50,
125,50,1,3,0.017061034675310793,,,"[-2.81493619e-03 -4.56111104e-04 -4.78952603e-03 -2.73661122e-03
  1.34654302e-03  4.68580602e-03  3.46077105e-03  4.07983801e-03
  1.28715847e-03 -1.87570240e-03  8.95697088e-04 -5.71698134e-03
  4.05332919e-03  2.92874674e-03  1.50239823e-03  6.01299670e-03
  2.38898913e-03  1.61944019e-03 -7.98362142e-04 -3.80540304e-04
 -1.73779231e-03  1.65346215e-03  7.59269472e-03 -1.22276943e-03
 -1.73528310e-03 -6.42868808e-04  1.26648611e-03 -7.88609072e-04
  2.62112316e-03 -4.91559156e-04  8.82483916e-04  7.40397143e-06
 -8.21193065e-04  5.37606471e-03  2.84854584e-03  8.01483381e-04
 -7.91686211e-03  7.27345296e-03 -4.10300651e-03  1.73683301e-03
  2.11269289e-03 -1.14227001e-03  4.75878685e-05  3.06769559e-03
  5.41744498e-03 -4.42590148e-04 -2.59910765e-03 -5.17286919e-04
 -1.73654615e-03  1.03986302e-03]",50,
175,50,1,3,0.015763548714583634,,,"[-2.54411516e-03 -2.28120654e-03 -2.39143912e-03 -4.28309507e-03
  4.54166504e-04  5.99187696e-03  2.53817723e-03  3.15980586e-03
  2.09910576e-03 -1.45202419e-03  3.77650406e-03 -5.08932681e-03
  2.29111857e-03  1.96326846e-03  1.59885673e-03  3.11102907e-03
  3.09711730e-03  1.58961179e-03 -5.91604304e-04  5.42657166e-05
 -1.39938083e-03  8.47279640e-04  7.25539256e-03  1.43475346e-03
  3.79297374e-04  2.58863116e-04  1.96879738e-03 -9.56638026e-04
  1.28874973e-03  2.85905513e-04 -5.66813639e-05  1.39822859e-03
 -1.21666894e-03  6.14166408e-03  3.02184134e-03  1.41530280e-03
 -6.63278000e-03  6.73053879e-03 -4.53541472e-03  8.10387305e-04
  1.41444132e-03  3.52068602e-04  4.47344044e-04  2.58030823e-03
  2.75493260e-03 -1.50846814e-03 -3.15492991e-03  1.11094663e-03
 -1.18577124e-03 -5.62349586e-04]",50,
225,50,1,3,0.014612451717552518,,,"[-0.00255543 -0.00110802 -0.00304311 -0.00369548  0.00064523  0.00471041
  0.00122184  0.00288972  0.00041393 -0.0015048   0.00306027 -0.00348359
  0.00103623  0.00225266  0.00220774  0.00232216  0.00348134  0.00217332
 -0.00124666  0.0001841   0.00038527  0.00047433  0.00833544  0.0007503
  0.0005028   0.00047883  0.0014858  -0.00116282  0.00070564  0.00036055
 -0.00099201  0.00034061 -0.00164977  0.00536223  0.00209875  0.00065959
 -0.00619333  0.00663247 -0.00384728  0.00061742  0.00063009  0.00039152
  0.00091253  0.00135973  0.00256317 -0.00101833 -0.00276863  0.0011151
 -0.00232913  0.00023262]",50,
275,50,1,3,0.014722395623102215,,,"[-2.01950432e-03 -6.00577306e-04 -3.58023788e-03 -3.58910392e-03
  1.98939831e-03  4.44382975e-03  1.57516116e-03  2.66350249e-03
  2.41643262e-04 -1.11299654e-03  2.79946327e-03 -3.56945908e-03
  8.36968333e-04  1.68631128e-03  3.12860405e-03  1.69228084e-03
  3.11138694e-03  1.98609100e-03 -1.07681999e-03  1.08913191e-03
 -5.41031728e-06 -1.62112247e-04  6.81276527e-03 -2.93658562e-04
  4.17576316e-04  7.93635171e-04  4.81057904e-04 -6.04199644e-04
  1.13257812e-03  8.10253084e-04 -1.77217147e-03  6.21726053e-05
 -1.29911800e-03  4.90866825e-03  2.04691841e-03  8.82417598e-04
 -5.61890637e-03  6.81134576e-03 -3.30351993e-03 -1.68416012e-05
  3.10130584e-04  1.43009345e-04  1.02221900e-03  1.30160711e-03
  2.74143874e-03 -1.30445451e-03 -3.03588199e-03  1.79183031e-03
 -3.23443677e-03  1.35848441e-03]",50,
325,50,1,3,0.01447115181793606,,,"[-0.00201378 -0.00097979 -0.00385731 -0.0029742   0.0023024   0.00474957
  0.00183404  0.00246156 -0.00035405 -0.00124842  0.00255538 -0.00332708
  0.00098249  0.002361    0.0032841   0.00143936  0.00281445  0.00161385
 -0.00177298  0.00090125  0.00038518 -0.00032933  0.00590462 -0.00099101
  0.00030639  0.00088479  0.00054031 -0.00093421  0.00203478  0.00116718
 -0.0015513  -0.00027241 -0.00154828  0.00452529  0.00178755  0.0005079
 -0.0053376   0.00656974 -0.00322697  0.00053749  0.0006794  -0.00039301
  0.0007022   0.00132014  0.00247455 -0.00171176 -0.00329061  0.00208866
 -0.00275297  0.0012325 ]",50,
375,50,1,3,0.01440212742033168,,,"[-1.99252289e-03 -8.81322914e-04 -3.51058987e-03 -2.89723098e-03
  1.72290994e-03  4.89292210e-03  1.73123261e-03  1.85090652e-03
 -9.83952699e-04 -1.21228714e-03  2.20956989e-03 -3.49426680e-03
  9.13717742e-04  2.41881554e-03  2.97928966e-03  1.42853748e-03
  1.89011678e-03  2.06325126e-03 -1.47196739e-03  9.96798137e-04
  1.70114948e-04 -8.74478725e-04  5.97163905e-03 -6.99703360e-04
 -2.36545176e-04  1.60158415e-03  6.87422638e-04 -1.59446955e-03
  1.49856210e-03  1.48978469e-03 -1.81010792e-03 -2.52711829e-04
 -8.23178325e-04  3.92182956e-03  1.85312006e-03  4.40108552e-04
 -5.26778678e-03  6.15655374e-03 -2.48269188e-03  3.20550882e-05
  5.18372368e-04 -7.05776776e-04  4.74401056e-04  9.31143153e-04
  1.99794614e-03 -1.23932382e-03 -3.35988269e-03  1.93688773e-03
 -2.13604123e-03  1.08844997e-03]",50,
425,50,1,3,0.014253846627069038,,,"[-2.23048055e-03 -7.38350643e-04 -3.39035580e-03 -3.26686991e-03
  1.10467143e-03  4.90996907e-03  1.50936896e-03  1.78561913e-03
 -1.05351718e-03 -1.29474419e-03  2.43381582e-03 -3.17401006e-03
 -2.03445284e-06  2.35852110e-03  3.52597491e-03  1.71769710e-03
  1.98675610e-03  2.71143048e-03 -1.99028666e-03  3.37397890e-04
 -9.17617512e-05 -5.28961310e-04  6.29230208e-03 -9.63849224e-04
 -1.44587542e-04  1.17250666e-03  5.90796402e-04 -2.04066897e-03
  1.67194453e-03  1.57754831e-03 -1.62198192e-03 -9.62112213e-04
 -6.67260654e-04  3.97735663e-03  1.89511068e-03  4.12036756e-04
 -5.83793584e-03  6.02781595e-03 -2.59742537e-03 -3.56901884e-04
  5.51200127e-04 -6.72878691e-04  2.11446189e-04  1.72372560e-03
  1.86569108e-03 -1.36545996e-03 -3.60394192e-03  1.90361557e-03
 -2.79534139e-03  1.26606627e-03]",50,
475,50,1,3,0.01395481074823067,,,"[-1.92855730e-03 -8.28681829e-04 -3.61899747e-03 -3.46084518e-03
  1.54932892e-03  4.76862820e-03  1.71578806e-03  1.66382106e-03
 -1.28484677e-03 -1.56413643e-03  2.52946625e-03 -3.19326801e-03
  3.14488658e-04  1.58367146e-03  3.93768850e-03  1.83516508e-03
  2.05510816e-03  2.54671452e-03 -2.24621064e-03  4.68101100e-04
 -4.51159554e-04  2.16335901e-04  5.99800352e-03 -8.15376546e-04
  1.71321028e-05  1.14799948e-03  8.57605516e-04 -2.05848996e-03
  1.88039456e-03  2.17594812e-03 -1.25819129e-03 -1.42890717e-03
 -4.11687106e-04  3.98261083e-03  1.36803278e-03  7.45538263e-05
 -5.19334927e-03  5.60145338e-03 -2.31825404e-03 -1.58873376e-05
  1.15512716e-03 -1.07197943e-03 -7.36561372e-04  1.25151190e-03
  1.98621692e-03 -1.63077673e-03 -2.90496627e-03  1.18885079e-03
 -1.93476080e-03  1.14954406e-03]",50,
525,50,1,3,0.013968261432243594,,,"[-1.80607476e-03 -6.79243125e-04 -3.40089512e-03 -3.55956410e-03
  1.57625070e-03  4.93409761e-03  2.34873081e-03  1.42827219e-03
 -8.73990959e-04 -1.49677853e-03  2.82661525e-03 -2.64258625e-03
  3.55836440e-04  1.71671809e-03  3.94022914e-03  1.80475363e-03
  1.69631031e-03  3.15939087e-03 -1.93268876e-03  4.36503488e-04
 -5.23057300e-04  7.45355484e-04  6.28358742e-03 -7.71995005e-04
  3.25863892e-04  8.58757299e-04  8.36384965e-04 -2.19885901e-03
  2.31731020e-03  2.16701220e-03 -1.23309586e-03 -1.28669273e-03
 -4.29223462e-04  3.89929364e-03  1.21686775e-03 -2.02355405e-04
 -5.53945537e-03  5.44787347e-03 -2.19728404e-03  7.39807322e-05
  1.23795275e-03 -1.26587788e-03 -1.07708758e-03  1.40877756e-03
  1.82793783e-03 -1.43860134e-03 -2.93216782e-03  1.14840610e-03
 -2.05642346e-03  8.89198482e-04]",50,
575,50,1,3,0.014002918786583224,,,"[-0.00216694 -0.00117732 -0.00338419 -0.00357542  0.00167733  0.00507162
  0.00209169  0.00111409 -0.00074454 -0.00112767  0.00236317 -0.00269563
  0.00036767  0.0014302   0.00370126  0.00197603  0.00168518  0.00320071
 -0.00187596  0.00062308 -0.00029003  0.00109502  0.00603131 -0.00048823
  0.00023602  0.00061212  0.00082008 -0.00218305  0.00191813  0.00190044
 -0.00141202 -0.00144422 -0.00014866  0.00381674  0.0012314  -0.00063453
 -0.00558815  0.0056028  -0.00205184 -0.00023334  0.00142274 -0.00087444
 -0.00085394  0.00173667  0.00159519 -0.00178177 -0.00287779  0.00152206
 -0.00156748  0.00067097]",50,
625,50,1,3,0.014059483545656235,,,"[-2.03879078e-03 -1.22846586e-03 -3.55450566e-03 -3.80457072e-03
  1.49710936e-03  5.26741032e-03  2.01085137e-03  8.63668167e-04
 -6.50233273e-04 -1.21700631e-03  2.31362151e-03 -2.70754041e-03
  2.33041695e-04  1.64408088e-03  3.68462490e-03  2.28455338e-03
  1.70643092e-03  3.12373456e-03 -1.88877535e-03  5.03857768e-04
 -5.53974072e-04  1.18509204e-03  6.04448873e-03 -9.12007231e-04
  5.56051218e-05  9.40700592e-04  1.07962642e-03 -2.30193543e-03
  1.76301556e-03  1.85907804e-03 -1.51967712e-03 -1.64221253e-03
 -2.59206652e-04  3.76566247e-03  1.42786376e-03 -5.96963066e-04
 -5.52728831e-03  5.73814937e-03 -1.94649545e-03 -2.66746125e-04
  1.45526070e-03 -9.27365080e-04 -5.20680732e-04  1.72649830e-03
  1.66676280e-03 -1.70307814e-03 -3.09250611e-03  1.40902878e-03
 -1.00101616e-03  5.14795802e-04]",50,
675,50,1,3,0.014104701485221085,,,"[-0.00215812 -0.00152213 -0.00360429 -0.00368682  0.00125411  0.00528453
  0.0016455   0.00059646 -0.0007731  -0.00083459  0.00269007 -0.00243664
  0.00022295  0.00185859  0.00329497  0.00227104  0.00228914  0.00292803
 -0.0015249   0.00055258 -0.00045196  0.00111607  0.0061742  -0.00112129
  0.00036203  0.00081162  0.00097316 -0.00214455  0.00140451  0.00196364
 -0.00177465 -0.0014445  -0.00037665  0.00386899  0.00118756 -0.00097983
 -0.0055367   0.00585125 -0.0018879  -0.00019328  0.00158496 -0.000638
 -0.00031314  0.00191298  0.00144434 -0.00193779 -0.00301657  0.00161076
 -0.00089954  0.00047424]",50,
725,50,1,3,0.014244724678374041,,,"[-1.88624048e-03 -1.49751033e-03 -3.77763817e-03 -3.67431041e-03
  1.28192523e-03  5.75828552e-03  1.77210995e-03  5.75655555e-04
 -7.29117569e-04 -6.66961923e-04  2.91384251e-03 -2.72560422e-03
  2.93570156e-04  1.86913387e-03  3.17785594e-03  2.13687791e-03
  2.57372777e-03  2.67377700e-03 -1.46229199e-03  5.42387613e-04
 -2.57310083e-04  1.04797111e-03  6.24368382e-03 -1.11375741e-03
  1.11413096e-04  1.03243242e-03  9.34696566e-04 -2.12012311e-03
  1.57314039e-03  1.87731741e-03 -1.92308828e-03 -1.53299114e-03
 -3.36831255e-04  3.84521306e-03  1.52266711e-03 -1.10218673e-03
 -5.71605072e-03  6.09429639e-03 -2.04369567e-03  7.05322579e-05
  1.66459021e-03 -4.89869898e-04 -1.49155161e-04  1.97557895e-03
  1.25485292e-03 -2.05815706e-03 -3.10338776e-03  1.74087025e-03
 -8.72531166e-04  5.70135997e-04]",50,
775,50,1,3,0.014325465207159596,,,"[-1.76773380e-03 -1.42557860e-03 -3.53957187e-03 -3.79101578e-03
  1.12174664e-03  5.93470184e-03  1.69547043e-03  5.69434167e-04
 -7.86306723e-04 -9.86872159e-04  3.11601648e-03 -2.46779587e-03
  2.09819185e-04  1.95392828e-03  3.39630493e-03  2.46599081e-03
  2.20714826e-03  2.44845176e-03 -1.92767375e-03  5.32459880e-04
 -2.40400221e-04  1.23650471e-03  6.47901678e-03 -1.04901337e-03
  1.08414730e-05  1.16265537e-03  1.47412382e-03 -1.96242188e-03
  1.60812648e-03  1.93019552e-03 -2.11343771e-03 -1.54779435e-03
 -6.44226457e-04  3.86143141e-03  1.78963607e-03 -1.27435139e-03
 -5.70632533e-03  6.00259471e-03 -1.96897891e-03  4.77876317e-05
  1.56276576e-03 -8.59791937e-04 -1.10938693e-04  2.01175576e-03
  1.38922727e-03 -2.03847732e-03 -2.77323836e-03  1.70251403e-03
 -8.17486963e-04  6.71393159e-04]",50,
825,50,1,3,0.014334270812461795,,,"[-1.75137358e-03 -1.60192682e-03 -3.36137439e-03 -3.73624708e-03
  8.24235261e-04  5.87669725e-03  1.64167775e-03  5.12102930e-04
 -9.73174275e-04 -1.07117666e-03  3.16976473e-03 -2.36234363e-03
  1.26682059e-04  1.80300616e-03  3.41462755e-03  2.28488327e-03
  2.23598967e-03  2.46848670e-03 -1.99984444e-03  4.45231998e-04
  2.00303576e-05  1.45101640e-03  6.29998617e-03 -1.04289461e-03
 -4.05411313e-05  1.24999719e-03  1.40703110e-03 -1.96099399e-03
  2.01769069e-03  1.68778456e-03 -1.98558487e-03 -1.59972875e-03
 -6.03653459e-04  3.57408044e-03  1.90559947e-03 -1.41915676e-03
 -5.65246000e-03  5.84914821e-03 -1.70431328e-03  8.65202207e-05
  1.67453496e-03 -9.22055249e-04  1.48826253e-04  1.93380195e-03
  1.48407303e-03 -2.25334084e-03 -2.80761467e-03  1.59804848e-03
 -5.87486673e-04  6.18038495e-04]",50,
875,50,1,3,0.014286224629530579,,,"[-1.82430726e-03 -1.64924674e-03 -3.24686228e-03 -3.58724833e-03
  9.14065725e-04  5.87934782e-03  1.39103169e-03  6.18328815e-04
 -1.14925839e-03 -1.18184988e-03  3.38142440e-03 -2.58536794e-03
  2.18735915e-04  1.92704450e-03  3.65283062e-03  2.47387123e-03
  2.32455926e-03  2.40576302e-03 -1.90216704e-03  5.66954117e-04
  1.43847185e-04  1.45439740e-03  6.12546330e-03 -1.22077733e-03
  1.05596655e-04  1.52335316e-03  1.59024458e-03 -1.79543083e-03
  2.21701652e-03  1.65377028e-03 -1.83882090e-03 -1.44159595e-03
 -3.94356404e-04  3.43787624e-03  1.63789859e-03 -1.49236329e-03
 -5.87066306e-03  5.96669967e-03 -1.83930430e-03  1.70292061e-04
  1.57026496e-03 -1.06784092e-03 -8.48460709e-05  1.89621132e-03
  1.56864208e-03 -1.70311548e-03 -2.74112745e-03  1.62647142e-03
 -5.10225969e-04  4.97017103e-04]",50,
925,50,1,3,0.014261237811626302,,,"[-1.97677633e-03 -1.60265798e-03 -3.39825130e-03 -3.54373864e-03
  9.53566152e-04  5.68983713e-03  1.42810259e-03  8.05307484e-04
 -1.27667107e-03 -1.25887367e-03  3.42279898e-03 -2.63325956e-03
  4.32333414e-04  1.86575957e-03  3.71436003e-03  2.34558506e-03
  2.54633878e-03  2.27630189e-03 -1.84631854e-03  4.07402751e-04
  2.17304142e-04  1.33226458e-03  6.20898994e-03 -1.22073287e-03
  2.72036958e-04  1.60571932e-03  1.70477855e-03 -1.52331995e-03
  2.50655517e-03  1.66563125e-03 -1.78167142e-03 -1.41682203e-03
 -5.29731986e-04  3.47391217e-03  1.48645860e-03 -1.57963271e-03
 -6.01219541e-03  5.97572960e-03 -1.96177615e-03  2.73958940e-05
  1.66176263e-03 -9.64473728e-04 -1.67211651e-04  1.81489639e-03
  1.66414766e-03 -1.50844460e-03 -2.82529816e-03  1.57729974e-03
 -6.83806075e-04  6.20418228e-04]",50,
975,50,1,3,0.014272289295528253,,,"[-1.89354272e-03 -1.49862242e-03 -3.33849388e-03 -3.49393185e-03
  8.34596059e-04  5.66821143e-03  1.51801536e-03  5.01645136e-04
 -1.26010496e-03 -1.24185316e-03  3.39162748e-03 -2.70822122e-03
  2.31452056e-04  1.88379831e-03  3.81471802e-03  2.14446297e-03
  2.67172350e-03  2.29517898e-03 -1.93522321e-03  3.65540806e-04
 -9.17533646e-06  1.50889399e-03  6.38314052e-03 -1.24639155e-03
  2.90972307e-04  1.47951918e-03  1.85321588e-03 -1.51371074e-03
  2.75337540e-03  1.58662905e-03 -1.61096137e-03 -1.50706408e-03
 -6.15741328e-04  3.40787134e-03  1.58219889e-03 -1.73979228e-03
 -5.99287476e-03  5.92658864e-03 -2.00401204e-03 -1.48362424e-05
  1.68780276e-03 -1.08338561e-03 -2.45415602e-04  1.85861104e-03
  1.52634057e-03 -1.48732527e-03 -2.90046638e-03  1.52202441e-03
 -7.06030618e-04  6.29742578e-04]",50,
1025,50,1,3,0.014268324822782574,,,"[-1.79931293e-03 -1.35903566e-03 -3.27337939e-03 -3.54564475e-03
  8.62332958e-04  5.75340407e-03  1.46414589e-03  4.29934870e-04
 -1.22945914e-03 -1.14763701e-03  3.48852655e-03 -2.77583067e-03
  2.50841862e-04  1.74036562e-03  3.88362536e-03  2.06270338e-03
  2.62476144e-03  2.35115075e-03 -1.82612719e-03  4.86220451e-04
 -1.15978097e-04  1.69656905e-03  6.24496568e-03 -1.23659752e-03
  2.81959148e-04  1.52677455e-03  1.87959290e-03 -1.38792967e-03
  2.69246081e-03  1.50951845e-03 -1.53139517e-03 -1.56943281e-03
 -5.93475327e-04  3.44348853e-03  1.54016600e-03 -1.76577905e-03
 -6.10867077e-03  6.06844275e-03 -2.00270568e-03  1.97996878e-05
  1.75202929e-03 -9.47273824e-04 -3.02439817e-04  1.67166289e-03
  1.55795235e-03 -1.68418453e-03 -2.78549404e-03  1.58663663e-03
 -6.27407858e-04  7.86527187e-04]",50,
25,50,1,4,0.024498475640304492,,,"[ 7.78817341e-05 -3.41923395e-03 -5.56811794e-03 -2.58387312e-03
  3.93800480e-03  4.73908109e-03  8.96386647e-04  3.73256184e-03
 -4.92270443e-03 -5.33633010e-03  5.43677976e-04  2.55845826e-03
  3.65406548e-03  1.81791211e-03 -1.59574674e-03  8.29274889e-04
  4.79494627e-03 -4.21172580e-03 -6.41784244e-05 -2.09250495e-03
 -3.23805573e-03  1.77442628e-03  5.96247047e-05  1.65626991e-03
 -5.18451436e-03  7.55968120e-04  2.95183763e-03  3.56315872e-04
 -1.85103138e-03 -9.71293820e-04  7.84125172e-04 -3.74425836e-03
  2.14963298e-03 -2.22588064e-03  1.25206138e-03 -3.90865436e-03
 -6.13764940e-04  3.66810522e-03 -3.52123093e-04 -6.02055954e-03
 -2.98702744e-03 -4.39780579e-03 -3.65506748e-03  4.72934677e-04
 -2.61952721e-03 -1.10514673e-04 -3.82809247e-03 -1.02783229e-03
  7.10701418e-03  8.71488396e-04]",50,
75,50,1,4,0.025869161365891954,,,"[ 4.92960039e-03 -1.56600735e-03 -2.91671420e-03 -3.33080115e-03
 -3.93738837e-03  8.85548021e-03  1.16854031e-03  2.36364197e-03
 -1.79305010e-03  5.21849411e-04  5.86397254e-03  1.54903817e-03
 -2.44126245e-03  1.32617296e-03  5.76936093e-03  9.57430644e-04
  1.60087202e-04 -2.73884186e-03  1.58173100e-03 -1.18570413e-03
 -7.35041320e-03  1.15916163e-03  5.06681628e-03  3.30382029e-03
 -8.35915431e-04 -2.02981073e-03  9.22949898e-03  1.89140137e-03
 -4.07045937e-03  1.59327122e-04  4.17140740e-03 -5.09900992e-03
 -1.87445269e-03  1.88924248e-03  3.72172006e-04  2.52083993e-04
 -3.37828434e-03  7.09098799e-03 -1.30336039e-03  4.03260685e-03
 -1.99461325e-03  9.62685608e-04 -9.22647546e-03  4.90867274e-03
  4.30479625e-03 -2.40183468e-03 -8.87951124e-03 -4.27350941e-05
  1.70016166e-03  5.30441492e-03]",50,
125,50,1,4,0.018059604035537403,,,"[ 0.0017279  -0.0015402  -0.00392883 -0.00285857  0.0005792   0.00617714
  0.00272113  0.00035564 -0.00217249  0.0008995   0.00558989 -0.00041378
  0.00319961 -0.00157238  0.00538685  0.00065738  0.00213998  0.00011419
  0.00132848  0.0010083  -0.00158259  0.00235473  0.00351392  0.00128227
 -0.00074991 -0.00065732  0.00497483 -0.00016956 -0.00032298 -0.00035027
  0.00075248 -0.00231612  0.00015005  0.00222312 -0.00151317 -0.00314411
 -0.00592548  0.00597409 -0.00059325  0.0006891   0.00176818  0.00034223
 -0.00461018  0.00248173  0.00362917 -0.00124079 -0.00471352  0.00047467
  0.00134595  0.00296523]",50,
175,50,1,4,0.01723914970971805,,,"[ 4.33900813e-04 -2.01227734e-03 -4.47501495e-03 -3.48681392e-03
 -5.24799780e-04  6.03883221e-03  1.10129551e-04  4.42933048e-04
 -3.80423584e-03  8.67728546e-04  4.40719082e-03 -5.08886699e-04
  1.86883026e-03 -5.61819190e-04  4.89574307e-03  1.76797321e-03
  1.81777945e-03  1.86806290e-03  1.11272571e-04  1.43491220e-03
 -2.79191076e-03  2.50366217e-03  5.91390520e-03  1.41369216e-03
  2.12596634e-04 -5.87739502e-05  2.23944247e-03 -1.59349351e-03
  1.17382871e-03  9.78464622e-04  4.21193478e-04 -2.28557211e-03
 -4.86554228e-04  1.68301293e-03 -1.42045146e-03 -3.20753604e-03
 -6.14291090e-03  7.37801018e-03 -5.43118127e-04  9.49562150e-04
  2.74931047e-03  2.17415729e-03 -4.10686402e-03  1.14588384e-03
  2.43402004e-03 -1.11891106e-03 -2.74283261e-03  2.18897379e-03
 -2.92123582e-04  2.83200136e-03]",50,
225,50,1,4,0.015882721474898744,,,"[ 5.61309162e-04  1.18061606e-05 -3.10733867e-03 -3.86782536e-03
  1.08293135e-03  5.20527437e-03 -9.35741361e-05  2.02250871e-03
 -2.48585186e-03  5.12466017e-04  5.02037940e-03 -8.64529270e-04
  1.25632424e-03 -1.84731187e-04  4.06905691e-03  1.59251012e-03
  3.18583405e-03  1.57094923e-03 -2.78296532e-04 -2.77729585e-04
 -2.88415218e-03  2.98309827e-03  6.01343023e-03 -1.84912723e-04
 -2.18500088e-04 -2.21754968e-05  2.12048617e-03 -9.46098094e-04
  2.11334261e-03  9.09481059e-04 -3.24808338e-04 -2.53609034e-03
 -8.09338812e-04  2.44448954e-03  1.35405018e-03 -2.66164838e-03
 -5.89782808e-03  6.72965845e-03 -5.33200288e-04 -3.16855869e-04
  2.22967142e-03 -1.55684141e-03 -2.75177589e-03 -5.93544599e-04
  1.54590940e-03 -5.53578862e-04 -2.42414595e-03  1.60779432e-03
  6.11300017e-04  1.34068058e-04]",50,
275,50,1,4,0.01524184989022558,,,"[-6.51822315e-05  1.20847220e-04 -2.57492168e-03 -3.83920651e-03
  1.81849064e-03  5.44123332e-03 -7.94254432e-05  9.36351060e-04
 -2.82071525e-03 -8.43996542e-05  4.66377008e-03 -1.76572994e-03
  1.35501428e-03  6.95056128e-05  3.44042497e-03  1.61164470e-03
  2.73935259e-03  2.82934261e-03 -2.83554321e-04  3.35807267e-04
 -1.88433898e-03  2.59264440e-03  4.99485316e-03 -1.15080054e-04
 -4.31546972e-04 -8.00892387e-05  2.35369953e-03 -3.78535539e-04
  2.08092107e-03  1.30289541e-03 -6.60222573e-04 -2.16210762e-03
 -5.65114445e-04  2.74542280e-03  1.42808975e-03 -1.92744051e-03
 -5.60193135e-03  5.75808688e-03 -6.31321647e-04 -6.80984493e-04
  2.91587620e-03 -1.20890747e-03 -1.85329466e-03  4.07926527e-05
  1.78024843e-03 -1.00950032e-03 -3.08740081e-03  1.23969616e-03
  2.75727125e-04  1.17489940e-04]",50,
325,50,1,4,0.015104019520117617,,,"[-7.39036110e-04  2.64014299e-04 -2.81176840e-03 -4.15173342e-03
  1.85633486e-03  5.83445418e-03  6.88731832e-04  1.15964879e-03
 -2.48263850e-03 -5.93555571e-04  4.66681257e-03 -1.98864868e-03
  1.10121208e-03  4.41380253e-04  3.43084027e-03  1.77493398e-03
  2.67433257e-03  2.86364842e-03 -9.38148045e-04  3.60425174e-04
 -1.57760161e-03  2.50007210e-03  4.81498052e-03 -5.59952291e-04
 -6.93272201e-04  4.63977238e-05  2.10012136e-03 -8.55720339e-04
  2.34595840e-03  2.00446904e-03 -9.02060213e-04 -1.72167795e-03
  2.36756083e-04  2.58656764e-03  1.75805562e-03 -1.86620845e-03
 -5.51340379e-03  5.42822261e-03  1.02252054e-04 -5.63848943e-04
  3.39524194e-03 -9.54874187e-04 -1.45975694e-03  4.81967987e-05
  2.10204679e-03 -9.59468604e-04 -2.90675960e-03  1.34130907e-03
 -1.95973261e-04  5.57798073e-04]",50,
375,50,1,4,0.014672186096359497,,,"[-0.00097168  0.00046787 -0.0026804  -0.00390922  0.00178638  0.0055424
  0.00072467  0.00088526 -0.00259714 -0.00066353  0.00431053 -0.00201791
  0.00085243  0.00055543  0.00394597  0.00203279  0.00192398  0.00266938
 -0.0017527  -0.0002823  -0.00183767  0.00214927  0.00505041 -0.00102417
 -0.00054112  0.00050828  0.00242117 -0.00051     0.00215059  0.00234924
 -0.00120788 -0.00152372  0.00010554  0.00267055  0.00183236 -0.00178277
 -0.00523463  0.00567342 -0.00022817  0.00012268  0.00302147 -0.00101345
 -0.00065598  0.00019534  0.00197898 -0.00174415 -0.00253336  0.00130355
 -0.00066305  0.00099761]",50,
425,50,1,4,0.014554198380214984,,,"[-1.45859498e-03  2.36595924e-04 -2.95551894e-03 -3.85204773e-03
  1.23761809e-03  5.33404503e-03  7.61675366e-04  9.60989386e-04
 -2.39667610e-03 -7.91807705e-04  4.35251247e-03 -1.65399857e-03
  7.42713787e-04  9.96237723e-04  4.23900184e-03  2.72731360e-03
  1.88142129e-03  3.08650716e-03 -2.19014333e-03  3.96383257e-05
 -1.62589596e-03  1.60231053e-03  5.46838412e-03 -8.83450033e-04
 -6.04855302e-04 -7.78313571e-05  2.62637345e-03 -1.03009994e-03
  2.40769060e-03  2.53097196e-03 -9.53734044e-04 -1.26716018e-03
  1.18553918e-04  2.53677580e-03  1.95954954e-03 -1.73897299e-03
 -5.30703056e-03  5.62664875e-03 -5.83161200e-04  2.58282059e-04
  2.59253135e-03 -1.30655765e-03 -1.72303635e-04  7.76640386e-04
  1.81451955e-03 -2.02622042e-03 -2.56515277e-03  1.68453330e-03
 -4.17446760e-04  8.24552366e-04]",50,
475,50,1,4,0.014559798865744256,,,"[-1.63478771e-03 -5.07968757e-04 -3.05075691e-03 -3.62019275e-03
  1.43422953e-03  4.85182815e-03  8.23678164e-04  4.92572225e-04
 -2.52059994e-03 -8.58323858e-04  3.73395283e-03 -1.82076594e-03
  1.14477574e-03  1.29961925e-03  4.20152266e-03  2.96738966e-03
  2.31119493e-03  3.10801686e-03 -2.16790001e-03  1.82654151e-04
 -1.21953904e-03  1.73258153e-03  5.46571863e-03 -1.10523780e-03
 -3.75143153e-04  1.40141162e-04  2.32516084e-03 -1.25546415e-03
  2.67166008e-03  2.50943848e-03 -9.65987302e-04 -1.45476391e-03
 -3.67423502e-05  2.62517993e-03  1.84790332e-03 -1.69415502e-03
 -5.50298537e-03  6.37212436e-03 -1.16257345e-03  6.92515767e-04
  1.92091685e-03 -1.09163049e-03 -4.38071051e-05  8.65672194e-04
  1.78538258e-03 -1.91310728e-03 -2.35233752e-03  1.82453250e-03
 -7.52973153e-04  1.18197679e-03]",50,
525,50,1,4,0.014586316452251821,,,"[-1.99303477e-03 -8.60371994e-04 -3.15703345e-03 -3.64065646e-03
  1.43275726e-03  5.07821877e-03  9.60178119e-04  8.89580206e-04
 -2.75808517e-03 -9.33033510e-04  3.48732936e-03 -1.73733003e-03
  1.30321805e-03  1.35524613e-03  4.20178593e-03  2.51551795e-03
  2.44102204e-03  3.23598729e-03 -2.16068726e-03  5.11079356e-04
 -1.15611513e-03  1.56466225e-03  5.59213493e-03 -1.06773599e-03
 -9.09396380e-05  3.30137903e-04  2.52001415e-03 -1.35455018e-03
  2.93701713e-03  2.40521779e-03 -7.61304635e-04 -1.15698844e-03
 -2.57596651e-05  2.49587460e-03  2.00842788e-03 -1.49919834e-03
 -5.51359320e-03  6.22173484e-03 -1.24705683e-03  5.51154177e-04
  2.23184158e-03 -9.02808473e-04 -7.78754449e-06  1.03348689e-03
  1.97833871e-03 -1.82499353e-03 -2.44939974e-03  1.63756408e-03
 -6.25898958e-04  1.20988234e-03]",50,
575,50,1,4,0.014528937537068031,,,"[-1.97981898e-03 -1.06136361e-03 -3.16822974e-03 -3.76351846e-03
  1.37797798e-03  5.11247008e-03  1.16846000e-03  7.56772007e-04
 -2.84924283e-03 -1.09416546e-03  3.37025464e-03 -2.16610034e-03
  1.07798556e-03  1.34878919e-03  4.06145068e-03  2.35825247e-03
  2.47583229e-03  3.05404068e-03 -1.97982770e-03  8.53080845e-04
 -9.46995587e-04  1.55283895e-03  5.49631317e-03 -1.02655729e-03
 -2.54667797e-04  5.60203482e-04  2.33772923e-03 -1.36374858e-03
  2.65248067e-03  2.43733950e-03 -1.18902286e-03 -1.55725542e-03
 -1.07543054e-04  2.60814459e-03  1.77134326e-03 -1.32238623e-03
 -5.96043026e-03  6.13383195e-03 -1.46100060e-03  8.10855416e-04
  2.10777591e-03 -1.00943995e-03  9.39992755e-05  9.32926509e-04
  2.15078218e-03 -1.75603182e-03 -2.68688096e-03  1.68763753e-03
 -6.00797894e-04  7.55187098e-04]",50,
625,50,1,4,0.014486292873747857,,,"[-2.02467128e-03 -1.47288067e-03 -2.89847442e-03 -3.71429790e-03
  1.60870743e-03  5.30175172e-03  1.38678822e-03  8.59178655e-04
 -2.31944629e-03 -1.25072842e-03  3.48840533e-03 -2.66092062e-03
  6.03749183e-04  1.84782139e-03  4.20233818e-03  1.99398213e-03
  2.24918352e-03  2.75134636e-03 -1.83297725e-03  9.90305578e-04
 -8.56719887e-04  1.20675091e-03  5.50141620e-03 -1.30976835e-03
 -1.10013200e-04  7.08710976e-04  2.49656839e-03 -1.40242903e-03
  2.88642792e-03  2.43364302e-03 -1.42798728e-03 -1.34864069e-03
  1.53830849e-04  2.63200891e-03  1.90452063e-03 -1.11055411e-03
 -5.70185755e-03  6.26788988e-03 -1.47019849e-03  7.36133009e-04
  2.13006451e-03 -7.15868863e-04 -4.80631024e-05  1.11600923e-03
  1.94321452e-03 -1.92827997e-03 -2.48177405e-03  1.73829200e-03
 -8.39732153e-04  8.95852897e-04]",50,
675,50,1,4,0.014428313401703008,,,"[-1.86839350e-03 -1.47616607e-03 -3.09229188e-03 -3.38300662e-03
  1.29042065e-03  5.58099360e-03  1.36074713e-03  7.30802027e-04
 -2.25139787e-03 -1.10490446e-03  3.42543533e-03 -2.74411691e-03
  5.80428427e-04  1.87956593e-03  4.10955316e-03  2.21504509e-03
  2.07570979e-03  2.66442648e-03 -1.98212009e-03  8.11845195e-04
 -9.64840409e-04  1.06260196e-03  5.36728215e-03 -1.39644405e-03
 -1.75272774e-04  7.75424447e-04  2.39850114e-03 -1.29935525e-03
  3.18833075e-03  2.36298606e-03 -1.38778431e-03 -1.40558909e-03
  2.27084418e-04  2.76562373e-03  1.92087881e-03 -1.36323328e-03
 -5.63373901e-03  6.30577637e-03 -1.79890818e-03  9.01469406e-04
  2.20373805e-03 -8.66208276e-04 -9.43150335e-05  1.13870894e-03
  1.77666906e-03 -2.12246476e-03 -2.54523444e-03  1.72369600e-03
 -9.68333849e-04  1.01189598e-03]",50,
725,50,1,4,0.014394547630510601,,,"[-1.79856749e-03 -1.51552238e-03 -3.07582403e-03 -3.50323739e-03
  1.00861934e-03  5.59289292e-03  1.22168713e-03  7.41370291e-04
 -2.04486907e-03 -1.30490281e-03  3.80716156e-03 -3.00134896e-03
  5.30792715e-04  1.73578312e-03  3.97512019e-03  2.07969805e-03
  2.21500620e-03  2.48338045e-03 -2.12976073e-03  5.62409757e-04
 -8.68231794e-04  1.37514891e-03  5.71936390e-03 -1.63058075e-03
 -2.21135159e-05  8.75350790e-04  2.26551149e-03 -1.32437716e-03
  3.09720664e-03  2.46747524e-03 -1.55939864e-03 -1.06248403e-03
  1.77445598e-04  3.20764920e-03  2.15707934e-03 -1.14829872e-03
 -5.72306311e-03  6.39198663e-03 -1.82551562e-03  8.14258540e-04
  2.14353605e-03 -1.01166342e-03 -1.71076456e-04  1.29190540e-03
  1.75760377e-03 -1.75674191e-03 -2.56824429e-03  1.80462972e-03
 -8.57417179e-04  1.01763445e-03]",50,
775,50,1,4,0.01447355548255416,,,"[-1.78437989e-03 -1.62468764e-03 -3.24056899e-03 -3.59601670e-03
  8.12749531e-04  5.45799368e-03  1.19683095e-03  7.27245876e-04
 -1.91590459e-03 -1.37111485e-03  3.49727019e-03 -2.88167317e-03
  4.99524946e-04  1.82052138e-03  4.06744291e-03  2.30788700e-03
  2.35198019e-03  2.20655744e-03 -2.16882309e-03  5.29905939e-04
 -5.22166443e-04  1.51888393e-03  5.65810162e-03 -1.44470596e-03
  1.38098954e-04  1.00275702e-03  2.35895877e-03 -1.45876076e-03
  3.25910692e-03  2.24291361e-03 -1.59645427e-03 -1.20723021e-03
 -7.55096584e-05  3.24627516e-03  1.97155367e-03 -1.51963391e-03
 -5.89096071e-03  6.42949154e-03 -1.99518363e-03  8.78185395e-04
  2.17895083e-03 -9.55657048e-04 -2.27008337e-04  1.48454173e-03
  1.86882487e-03 -1.88603585e-03 -2.57994575e-03  1.74620636e-03
 -6.14360334e-04  1.14234345e-03]",50,
825,50,1,4,0.014411947083501105,,,"[-1.89101664e-03 -1.55515051e-03 -2.96937540e-03 -3.61816496e-03
  6.90441000e-04  5.61063803e-03  1.36847623e-03  8.98761980e-04
 -1.73525431e-03 -1.21177689e-03  3.53521645e-03 -2.94420660e-03
  3.30330500e-04  1.57902313e-03  3.97893966e-03  2.28996034e-03
  2.49114297e-03  2.25893007e-03 -2.07343032e-03  2.75469675e-04
 -2.15021531e-04  1.48228121e-03  5.81400748e-03 -1.82035581e-03
  1.48367095e-04  1.24175804e-03  2.36525506e-03 -1.38945460e-03
  3.03124708e-03  1.95378279e-03 -1.58111690e-03 -1.36770980e-03
 -5.58754718e-05  3.22269176e-03  1.90262585e-03 -1.68167163e-03
 -5.96406906e-03  6.65330968e-03 -2.25680095e-03  7.17853931e-04
  1.98874454e-03 -9.18447559e-04 -9.17963232e-05  1.60011105e-03
  1.58687382e-03 -1.61202248e-03 -2.63659314e-03  1.76029954e-03
 -6.50856177e-04  1.20278018e-03]",50,
875,50,1,4,0.01445881912431446,,,"[-1.80922168e-03 -1.47720709e-03 -3.11804821e-03 -3.45534484e-03
  6.12940525e-04  5.62976510e-03  1.03669735e-03  8.01542396e-04
 -1.55603623e-03 -1.26177283e-03  3.64415294e-03 -2.76386510e-03
  4.46767733e-04  1.62695489e-03  3.96383222e-03  2.44840766e-03
  2.64500836e-03  2.27413609e-03 -2.11535176e-03  3.54531522e-04
 -1.00865539e-04  1.51273125e-03  5.73137455e-03 -1.70809748e-03
 -8.89154866e-05  1.37212316e-03  2.24066515e-03 -1.16292163e-03
  3.10334539e-03  1.71281968e-03 -1.34592846e-03 -1.38535254e-03
 -2.03961461e-04  3.19105152e-03  1.89390224e-03 -1.58946733e-03
 -6.10971452e-03  6.44436488e-03 -2.04104182e-03  3.95481880e-04
  1.76595422e-03 -1.14378349e-03 -1.19343772e-04  1.48145200e-03
  1.60503144e-03 -1.71568182e-03 -2.82186022e-03  1.67069039e-03
 -4.73008799e-04  1.25254668e-03]",50,
925,50,1,4,0.01442659027833372,,,"[-1.95210984e-03 -1.51257487e-03 -3.22980647e-03 -3.44224739e-03
  6.48825134e-04  5.75680481e-03  1.26073128e-03  8.52230138e-04
 -1.39490385e-03 -1.09421853e-03  3.85037740e-03 -2.63171851e-03
  4.41436847e-04  1.61746388e-03  3.86032568e-03  2.39622475e-03
  2.61213455e-03  2.21042552e-03 -1.86425633e-03  4.39686143e-04
  1.13254338e-04  1.49261852e-03  5.80614358e-03 -1.75317632e-03
  7.31540263e-05  1.35157795e-03  2.17345891e-03 -1.29368741e-03
  2.98210308e-03  1.76317937e-03 -1.28115922e-03 -1.64458900e-03
 -4.25170382e-04  3.30038334e-03  1.80978810e-03 -1.72605561e-03
 -6.12698791e-03  6.19225218e-03 -2.01792038e-03  2.39751643e-04
  1.84761924e-03 -9.87559790e-04 -3.24419317e-04  1.48738100e-03
  1.66823726e-03 -1.59237651e-03 -2.90201579e-03  1.62879101e-03
 -6.75767345e-04  1.26434323e-03]",50,
975,50,1,4,0.01428073536131535,,,"[-1.78229144e-03 -1.28841078e-03 -3.23957353e-03 -3.61693201e-03
  7.64227920e-04  5.86897042e-03  1.36848023e-03  5.41973918e-04
 -1.22868718e-03 -1.37444065e-03  3.60695206e-03 -2.72342230e-03
  4.63198596e-04  1.58715613e-03  3.80957101e-03  2.21268912e-03
  2.59524618e-03  2.44357460e-03 -1.81425248e-03  4.69089334e-04
 -1.73230489e-04  1.61256059e-03  6.05138308e-03 -1.45120368e-03
  2.36555899e-04  1.44643965e-03  1.88845657e-03 -1.47998532e-03
  2.76410482e-03  1.63049585e-03 -1.51035836e-03 -1.59032629e-03
 -6.20104668e-04  3.59999472e-03  1.64556210e-03 -1.82261224e-03
 -6.13558237e-03  6.21452327e-03 -2.00440525e-03 -4.50727241e-05
  1.80333642e-03 -9.93636909e-04 -3.54399381e-04  1.42271264e-03
  1.71350235e-03 -1.56884937e-03 -2.83789386e-03  1.59339246e-03
 -6.06648951e-04  9.56136576e-04]",50,
1025,50,1,4,0.014268324822782574,,,"[-1.79931293e-03 -1.35903566e-03 -3.27337939e-03 -3.54564475e-03
  8.62332958e-04  5.75340407e-03  1.46414589e-03  4.29934870e-04
 -1.22945914e-03 -1.14763701e-03  3.48852655e-03 -2.77583067e-03
  2.50841862e-04  1.74036562e-03  3.88362536e-03  2.06270338e-03
  2.62476144e-03  2.35115075e-03 -1.82612719e-03  4.86220451e-04
 -1.15978097e-04  1.69656905e-03  6.24496568e-03 -1.23659752e-03
  2.81959148e-04  1.52677455e-03  1.87959290e-03 -1.38792967e-03
  2.69246081e-03  1.50951845e-03 -1.53139517e-03 -1.56943281e-03
 -5.93475327e-04  3.44348853e-03  1.54016600e-03 -1.76577905e-03
 -6.10867077e-03  6.06844275e-03 -2.00270568e-03  1.97996878e-05
  1.75202929e-03 -9.47273824e-04 -3.02439817e-04  1.67166289e-03
  1.55795235e-03 -1.68418453e-03 -2.78549404e-03  1.58663663e-03
 -6.27407858e-04  7.86527187e-04]",50,
25,50,1,5,0.020359415835309848,,,"[-1.54209820e-03 -1.07549635e-03 -6.12545234e-03  2.56124373e-04
  4.48214531e-03  1.88689097e-03 -2.49988369e-04  7.24589405e-04
 -2.09831619e-03  2.28474100e-03 -7.86697607e-04  3.27856963e-03
  5.20862190e-03  2.51000660e-03  6.92885658e-04 -6.78684523e-04
  9.74562536e-04  2.96855559e-03  2.87068030e-04  5.40898209e-04
 -1.23197511e-03 -1.97228668e-03  5.23462856e-03 -1.07700534e-03
 -9.29163769e-05 -7.11834907e-04  3.46327901e-03 -2.40996337e-03
  2.59011854e-03 -3.93502070e-03 -5.96844192e-04  1.31098910e-03
  1.19488138e-03  1.64162042e-03  2.39690441e-03 -1.11119077e-03
 -5.39437397e-03  2.66917724e-03 -3.95583456e-04  2.61911288e-03
  1.51121160e-03 -1.96631932e-05 -2.25743708e-03  2.92009274e-03
 -4.20226004e-03  1.32316859e-03 -7.63555816e-04  7.32318632e-04
 -1.93688823e-03 -2.19902150e-04]",50,
75,50,1,5,0.02351726879966691,,,"[-8.76501715e-04  2.81741298e-03 -9.15626589e-03 -5.08081156e-03
  2.17469168e-03  8.17616986e-03  3.47908627e-04  2.45429121e-03
 -2.29416296e-03 -3.53191118e-03 -7.15565942e-03 -2.48044949e-03
  4.61213643e-03  5.28098450e-03 -1.18100620e-03  5.10157650e-03
  6.82308862e-03  2.24621616e-04 -1.69750312e-03  1.80476115e-03
  2.35831618e-03 -1.94059262e-03  5.86142271e-03 -6.61675721e-03
 -1.44661995e-03  2.44583210e-04 -2.63796198e-03 -2.54737158e-03
  3.78232350e-03 -1.91967216e-03 -1.96119657e-03  3.65318936e-03
 -3.58990557e-03  4.33658956e-03  1.97097282e-03 -4.08600038e-03
 -7.39870903e-03  1.13752918e-02 -3.55948941e-03  5.71901918e-03
 -2.34627279e-03 -3.16746849e-03 -5.82492530e-05  5.75882281e-03
  3.68892068e-03 -1.27615018e-03 -6.53846611e-03  1.02089013e-02
 -1.58930565e-03  4.34139002e-03]",50,
125,50,1,5,0.017964127017030478,,,"[-4.80777236e-03 -9.72437467e-04 -5.26726876e-03 -3.10487426e-03
 -1.52316512e-03  9.57402909e-03  2.99941902e-03  1.94781671e-03
 -3.53280705e-04 -1.06030581e-03  2.85369584e-03 -1.73527725e-03
  1.97188511e-03  2.19110251e-03  1.24377735e-03  2.39837011e-03
  2.71383399e-03  2.48066455e-03 -2.24691306e-03  3.74336460e-03
  3.79424990e-04 -1.19601458e-03  9.66817849e-03 -2.71552845e-03
 -6.87205076e-04  8.63082861e-04  1.67056624e-03 -1.88305027e-03
  4.62367771e-03  3.10272808e-03  6.97447528e-04  1.92010893e-03
 -2.93664366e-03  3.64663634e-03  1.15862664e-03 -1.42925412e-03
 -8.32872461e-03  6.82119342e-03 -2.88112488e-03  3.46715296e-03
 -6.34365275e-05 -3.04097934e-04 -1.66001519e-03  2.37499101e-03
  3.25254353e-03  1.98832952e-03 -6.63864135e-03  2.98868362e-03
 -1.89619456e-03  2.38207350e-03]",50,
175,50,1,5,0.016207083542637404,,,"[-0.00343227 -0.00145727 -0.00495806 -0.00275867 -0.00131353  0.00813767
  0.00215643  0.00106759 -0.00058812 -0.00107755  0.00388334 -0.00192123
  0.00152843  0.00142562  0.00173405  0.00265969  0.00248893  0.00287169
 -0.00145782  0.00273671  0.00071644 -0.00134759  0.00739482 -0.00136689
 -0.00059449  0.0008556   0.00133684 -0.00090817  0.00480169  0.00257093
 -0.00013935  0.00063999 -0.00340444  0.0033079   0.00204599 -0.00148714
 -0.00680174  0.0059774  -0.00304192  0.0029686   0.00112441 -0.00152314
 -0.00097472  0.00169811  0.00244928  0.0011655  -0.00365821  0.00248473
 -0.00136328  0.00174135]",50,
225,50,1,5,0.015785659545844054,,,"[-2.82469179e-03 -1.26356967e-03 -4.18721086e-03 -2.15173298e-03
  3.46399148e-04  7.46333748e-03  1.52046609e-03  5.58831570e-04
 -1.62398968e-04  1.52691899e-04  3.26767324e-03 -1.01790178e-03
  1.78433802e-03  2.79210516e-03  2.78264048e-03  2.59581873e-03
  2.57567611e-03  1.91270200e-03 -6.03661231e-04  2.59849885e-03
  3.84288510e-04 -1.01504588e-03  6.34703633e-03 -5.29829890e-04
 -9.17871472e-04  1.11057750e-03  8.63174608e-04 -5.13069517e-04
  4.86845402e-03  9.77058330e-04 -3.16563583e-04 -1.04198410e-04
 -2.33723749e-03  3.25829925e-03  7.33912569e-04 -2.04668477e-03
 -7.07599520e-03  5.78061167e-03 -3.37649163e-03  1.55131494e-03
  2.01406103e-03 -1.74262043e-03 -7.55831596e-05  1.44652142e-03
  2.47328406e-03  3.74793483e-04 -3.07247140e-03  2.29004174e-03
 -8.69156555e-04  1.29387986e-03]",50,
275,50,1,5,0.015074592452685352,,,"[-2.03010298e-03 -1.85980913e-03 -3.29531076e-03 -2.48503332e-03
  4.35861935e-04  6.90246284e-03  1.70966481e-03  1.32128279e-03
 -1.16568564e-03 -9.92484378e-04  3.00139170e-03 -1.04583708e-03
  1.32853520e-03  1.36302222e-03  3.09655995e-03  1.95251982e-03
  1.93916078e-03  2.31039833e-03 -1.03803436e-03  1.61892157e-03
 -3.49897882e-05  5.93986174e-04  6.59217397e-03 -1.80646177e-03
 -9.93190334e-04  1.05476475e-03  9.56784327e-04 -1.01501908e-03
  4.42332967e-03  1.93144481e-03 -4.44399582e-04 -7.64539757e-04
 -1.60163350e-03  3.54526456e-03  6.12450014e-04 -2.60569101e-03
 -7.07023302e-03  5.66464697e-03 -3.36884630e-03  1.00305979e-03
  1.28453667e-03 -2.05105492e-03  7.65533361e-04  1.75960902e-03
  2.32172212e-03 -4.04996143e-04 -2.18571246e-03  2.36629468e-03
 -4.03568931e-04  1.70140094e-03]",50,
325,50,1,5,0.014743060309461953,,,"[-0.00233696 -0.00132957 -0.00296666 -0.00327585  0.00104312  0.00637769
  0.00156459  0.00084085 -0.00078545 -0.0015081   0.00276333 -0.0009824
  0.00053035  0.00159474  0.00394153  0.00228713  0.00220484  0.00254382
 -0.0011189   0.00073266 -0.00032926  0.00033784  0.00644316 -0.00213555
 -0.0003367   0.00123818  0.00105842 -0.00114165  0.00450623  0.00242126
 -0.00017166 -0.00095764 -0.00210479  0.00386094  0.00087327 -0.00184401
 -0.00704503  0.00519083 -0.00343152  0.0006965   0.0013253  -0.00198977
  0.00085352  0.00133809  0.00319801 -0.00126116 -0.00256321  0.00242118
 -0.00045553  0.00221738]",50,
375,50,1,5,0.014585821794799472,,,"[-1.80847337e-03 -1.85814621e-03 -2.81577051e-03 -2.78585033e-03
  9.35565470e-05  6.42661842e-03  1.42505986e-03  1.29752025e-03
 -7.80435910e-04 -1.28496476e-03  2.77793864e-03 -6.96371780e-04
  2.06413761e-04  1.78631017e-03  3.76356523e-03  2.29566136e-03
  2.47127098e-03  2.92163170e-03 -9.68342959e-04  8.53453579e-04
 -3.35937578e-04  3.47997016e-04  6.63964025e-03 -1.71127793e-03
 -1.50674178e-04  1.09988846e-03  4.73093173e-04 -9.74629119e-04
  3.61046317e-03  2.15431105e-03 -2.68769609e-04 -6.99573197e-04
 -1.31296861e-03  4.40183243e-03  2.36408758e-04 -2.09256833e-03
 -7.54208613e-03  5.20676135e-03 -3.07713019e-03  5.22501440e-04
  1.04554484e-03 -1.70656846e-03  2.65637863e-04  1.54410731e-03
  2.82706309e-03 -2.12627030e-03 -3.48745197e-03  2.56956861e-03
 -7.81454001e-04  2.00173087e-03]",50,
425,50,1,5,0.014539997729703486,,,"[-1.93915036e-03 -1.60137854e-03 -3.09627038e-03 -3.30673144e-03
  3.96742773e-04  6.57512952e-03  1.00474054e-03  1.01283595e-03
 -1.07988333e-03 -1.24568658e-03  3.25410451e-03 -8.29805499e-04
  3.79556969e-05  1.97387054e-03  3.90134655e-03  1.88755476e-03
  2.24526201e-03  2.30124648e-03 -1.27891314e-03  7.20416898e-04
 -2.61426457e-04  7.51983539e-04  6.04813527e-03 -1.28940290e-03
 -3.46352576e-04  1.55992444e-03  7.85734351e-04 -9.95302709e-04
  3.85225941e-03  1.83599093e-03 -5.23404269e-04 -5.74268578e-04
 -1.28958199e-03  4.13190269e-03  1.67797719e-04 -2.44072931e-03
 -7.43845281e-03  5.64377320e-03 -2.66973117e-03  4.69811849e-04
  1.54080025e-03 -1.21068772e-03  4.43464446e-04  1.34614522e-03
  2.52595183e-03 -2.23954015e-03 -2.90454644e-03  2.23802605e-03
 -8.07732285e-04  1.92213331e-03]",50,
475,50,1,5,0.014526747113598049,,,"[-1.81554134e-03 -1.41309018e-03 -3.07064148e-03 -3.26007477e-03
  1.95052233e-04  6.55444089e-03  1.40460966e-03  1.24960823e-03
 -1.28594779e-03 -1.34716713e-03  3.50227460e-03 -1.40554863e-03
  2.17559148e-04  1.69722290e-03  4.07439842e-03  2.04366741e-03
  2.55065146e-03  2.33748316e-03 -1.28016355e-03  6.34983294e-04
 -3.04014908e-04  8.70702726e-04  6.15070726e-03 -1.37405840e-03
 -2.76528159e-04  1.60832494e-03  8.61038856e-04 -1.48857720e-03
  4.07487280e-03  1.71416643e-03 -7.36281793e-04 -1.00315170e-03
 -1.06574724e-03  3.63596271e-03  3.92641318e-04 -2.36028645e-03
 -7.17637561e-03  5.47288946e-03 -2.12838374e-03  1.52279051e-04
  1.70907176e-03 -1.23449764e-03  4.04765452e-05  1.29602133e-03
  2.55488410e-03 -2.03365160e-03 -3.07687344e-03  2.14185803e-03
 -5.66081154e-04  1.92474916e-03]",50,
525,50,1,5,0.014357490992670705,,,"[-1.38407519e-03 -1.70782442e-03 -3.18689374e-03 -3.34132522e-03
  9.92914263e-05  6.13773637e-03  1.10571834e-03  1.20370376e-03
 -1.03672939e-03 -1.26461394e-03  3.59706544e-03 -1.53436941e-03
  3.98435395e-04  1.63038571e-03  3.95236694e-03  1.72310918e-03
  2.36922546e-03  2.34474380e-03 -1.39086466e-03  6.01969798e-04
  7.02086136e-05  1.06759596e-03  5.78171043e-03 -1.39498847e-03
  1.18201730e-04  1.72375440e-03  1.00965526e-03 -1.57176695e-03
  3.90595304e-03  1.57075299e-03 -1.28551252e-03 -1.04567527e-03
 -9.80992828e-04  3.41067018e-03  6.66215914e-04 -2.12233350e-03
 -7.23716634e-03  5.61509797e-03 -2.41312628e-03  1.33397380e-04
  1.91478337e-03 -1.15789847e-03  4.43991754e-05  1.24202349e-03
  2.12724602e-03 -1.81778373e-03 -2.88192943e-03  1.65686372e-03
 -8.58537972e-04  1.80112718e-03]",50,
575,50,1,5,0.014286389417184181,,,"[-1.29912630e-03 -1.55087631e-03 -2.79563106e-03 -3.06236831e-03
  3.93231110e-04  5.62535108e-03  1.28326923e-03  1.26124641e-03
 -1.06320891e-03 -1.00414909e-03  3.80410353e-03 -1.84411235e-03
  3.67964209e-04  1.43012104e-03  3.75845250e-03  1.82267024e-03
  1.99918621e-03  2.59424697e-03 -1.83364284e-03  3.21141218e-04
  4.46559777e-05  1.10588595e-03  5.74916630e-03 -1.38461453e-03
  3.63912075e-04  1.53744261e-03  9.36181695e-04 -1.31688868e-03
  3.78729145e-03  1.36684340e-03 -1.06836810e-03 -1.08422223e-03
 -1.11321676e-03  3.47606832e-03  8.00091845e-04 -1.77382890e-03
 -6.94762708e-03  5.47260182e-03 -2.24005475e-03 -6.40623493e-05
  1.83542027e-03 -8.80990919e-04  1.58231674e-07  1.49153540e-03
  1.94065008e-03 -1.68831022e-03 -2.74329069e-03  1.94192619e-03
 -8.02391162e-04  1.94719371e-03]",50,
625,50,1,5,0.014281528782599367,,,"[-0.00161462 -0.00158774 -0.00303611 -0.00324498  0.0001586   0.00585411
  0.0010483   0.00116223 -0.00116963 -0.00103682  0.00374329 -0.00223005
  0.00047673  0.00123223  0.00380295  0.00168986  0.00225648  0.00223544
 -0.00151535  0.00044405 -0.00010091  0.00126539  0.00565201 -0.00156567
  0.00023288  0.00145189  0.00122366 -0.00140485  0.0036015   0.00130354
 -0.00119927 -0.00137038 -0.00095729  0.00364012  0.0012056  -0.00154092
 -0.00658395  0.00539856 -0.00173686  0.00029557  0.0021766  -0.00101095
 -0.0001637   0.00140891  0.00221949 -0.00165636 -0.00253257  0.00189319
 -0.00058472  0.00194264]",50,
675,50,1,5,0.014331605040492832,,,"[-1.73052715e-03 -1.54052171e-03 -3.24287198e-03 -3.15287842e-03
  3.42916313e-04  5.85674164e-03  1.20922136e-03  9.85138870e-04
 -1.24102342e-03 -8.34200806e-04  3.77328697e-03 -2.15756685e-03
  6.12860074e-04  1.41965715e-03  3.65282112e-03  1.75492317e-03
  2.46593235e-03  2.47474321e-03 -1.53238142e-03  5.66256681e-04
 -4.83799853e-05  1.08839993e-03  5.67440283e-03 -1.51980467e-03
  9.67143722e-05  1.26365557e-03  1.46165138e-03 -1.49623015e-03
  3.26997929e-03  1.36519820e-03 -1.31591172e-03 -1.39279684e-03
 -8.22242010e-04  3.92279704e-03  1.27741894e-03 -1.55695887e-03
 -6.63975905e-03  5.56251102e-03 -1.77709575e-03  9.71303083e-05
  2.08433689e-03 -1.15960497e-03 -4.31209608e-05  1.54804009e-03
  2.00918775e-03 -1.52257713e-03 -2.63608959e-03  1.90225684e-03
 -4.09176464e-04  1.35140304e-03]",50,
725,50,1,5,0.014229778108141317,,,"[-1.73672826e-03 -1.20178379e-03 -3.19539169e-03 -3.30113575e-03
  5.85651120e-04  5.74065061e-03  1.20346176e-03  8.99790347e-04
 -1.10175270e-03 -1.20704697e-03  3.54567818e-03 -2.25439256e-03
  6.23538777e-04  1.10872212e-03  3.81465888e-03  1.85844677e-03
  2.50669950e-03  2.64923402e-03 -1.49210147e-03  5.61137993e-04
  1.17304867e-04  1.30080936e-03  5.92197063e-03 -1.65057468e-03
  1.98836921e-04  1.27180663e-03  1.76878238e-03 -1.27267471e-03
  3.06011794e-03  1.70835529e-03 -1.24480943e-03 -1.48725900e-03
 -8.01300065e-04  3.73064616e-03  1.33666285e-03 -1.75570888e-03
 -6.41771868e-03  5.57073163e-03 -1.77723408e-03 -1.17182727e-04
  2.08730879e-03 -1.31135792e-03 -3.35507475e-05  1.41356418e-03
  1.90476952e-03 -1.61954388e-03 -2.56605059e-03  1.89068344e-03
 -5.64114301e-04  1.45464579e-03]",50,
775,50,1,5,0.014254330045689585,,,"[-0.00168911 -0.0013933  -0.00309753 -0.00349263  0.00073022  0.00591198
  0.00146319  0.00098419 -0.00089254 -0.00147498  0.0034274  -0.00253988
  0.00033661  0.00137451  0.003845    0.00168212  0.00251957  0.00265438
 -0.00141167  0.00056685 -0.00010767  0.00132931  0.00612352 -0.00173241
  0.0001958   0.00141834  0.00181202 -0.00133437  0.00263512  0.00162112
 -0.00131235 -0.00152788 -0.00048987  0.00383328  0.00124365 -0.00170279
 -0.00644376  0.00585964 -0.00170879 -0.0001382   0.00212334 -0.00115724
 -0.00020405  0.00179628  0.00141201 -0.0017188  -0.00264368  0.00200258
 -0.00051809  0.00117762]",50,
825,50,1,5,0.014174943148819352,,,"[-0.00191784 -0.00142735 -0.00295    -0.00346338  0.00073832  0.00574608
  0.00121111  0.00078518 -0.0008571  -0.0016358   0.00351651 -0.00236091
  0.00038449  0.00127111  0.00380605  0.00171759  0.00241646  0.0026038
 -0.00136915  0.00027409 -0.00022318  0.00158436  0.00620485 -0.00148335
  0.0003834   0.00139356  0.00177641 -0.00127569  0.00256244  0.00171352
 -0.00134562 -0.00145656 -0.00064239  0.00388841  0.00143441 -0.00151383
 -0.00624872  0.00581325 -0.0017171  -0.00029755  0.0020708  -0.00116058
 -0.00011519  0.00181116  0.00152602 -0.00176404 -0.00261109  0.00197385
 -0.000644    0.00095157]",50,
875,50,1,5,0.014204974221173642,,,"[-0.0018915  -0.00150016 -0.00304862 -0.00319963  0.00087971  0.00567251
  0.00131108  0.00074641 -0.00091335 -0.00136474  0.00340014 -0.00264199
  0.00040993  0.00149034  0.00381488  0.00188729  0.00258461  0.00271327
 -0.00131041  0.00041703 -0.00011454  0.00150171  0.00634586 -0.00153713
  0.00028176  0.00148601  0.00174829 -0.00144371  0.00261718  0.00148739
 -0.00152084 -0.00140215 -0.0003699   0.00367819  0.00149468 -0.00169157
 -0.00598682  0.00597962 -0.00185949  0.00010864  0.00219348 -0.00104888
 -0.00016613  0.0017659   0.00158164 -0.0016683  -0.002688    0.00179321
 -0.00069082  0.00124902]",50,
925,50,1,5,0.014271076484796481,,,"[-1.85232062e-03 -1.37105917e-03 -2.97322578e-03 -3.34569852e-03
  1.03711742e-03  5.85193427e-03  1.31370738e-03  5.15052199e-04
 -9.78407685e-04 -1.33836049e-03  3.46352192e-03 -2.64745478e-03
  4.88988963e-04  1.54772304e-03  3.86952090e-03  1.94219214e-03
  2.60303935e-03  2.43340541e-03 -1.68138117e-03  3.37280711e-04
 -1.79097083e-05  1.61913818e-03  6.41144476e-03 -1.44846986e-03
  2.67522013e-04  1.47748044e-03  1.90880077e-03 -1.56315856e-03
  2.73704430e-03  1.70119304e-03 -1.36222804e-03 -1.38866509e-03
 -5.46226007e-04  3.77276460e-03  1.60095801e-03 -1.82460357e-03
 -6.01861692e-03  6.27395685e-03 -1.92307447e-03  1.65618461e-04
  2.25706058e-03 -1.13474141e-03 -1.70509388e-04  1.77962976e-03
  1.70417257e-03 -1.57726027e-03 -2.64596111e-03  1.70055179e-03
 -8.48936310e-04  8.34313148e-04]",50,
975,50,1,5,0.014288844664483803,,,"[-2.02719465e-03 -1.43645531e-03 -3.06453589e-03 -3.48087646e-03
  9.98666060e-04  5.75394310e-03  1.46603466e-03  4.17834047e-04
 -1.14153065e-03 -1.18051292e-03  3.41340677e-03 -2.69500475e-03
  3.75315183e-04  1.56394590e-03  3.87872002e-03  1.93026699e-03
  2.44899010e-03  2.42445295e-03 -1.65706396e-03  5.21518819e-04
 -1.45812894e-04  1.65991649e-03  6.24249624e-03 -1.24623515e-03
  1.30823594e-04  1.39618838e-03  1.84983846e-03 -1.59493823e-03
  2.82639480e-03  1.55794858e-03 -1.33834282e-03 -1.67015473e-03
 -7.63502037e-04  3.64903050e-03  1.66898884e-03 -1.83295845e-03
 -6.12494702e-03  6.18415940e-03 -1.86462440e-03  6.15262104e-06
  1.96533384e-03 -1.13969636e-03 -3.80463494e-04  1.77224858e-03
  1.76689646e-03 -1.68647285e-03 -2.63240296e-03  1.80187735e-03
 -7.86442527e-04  9.12591839e-04]",50,
1025,50,1,5,0.014268324822770068,,,"[-1.79931293e-03 -1.35903566e-03 -3.27337939e-03 -3.54564475e-03
  8.62332958e-04  5.75340407e-03  1.46414589e-03  4.29934870e-04
 -1.22945914e-03 -1.14763701e-03  3.48852655e-03 -2.77583067e-03
  2.50841862e-04  1.74036562e-03  3.88362536e-03  2.06270338e-03
  2.62476144e-03  2.35115075e-03 -1.82612719e-03  4.86220451e-04
 -1.15978097e-04  1.69656905e-03  6.24496568e-03 -1.23659752e-03
  2.81959148e-04  1.52677455e-03  1.87959290e-03 -1.38792967e-03
  2.69246081e-03  1.50951845e-03 -1.53139517e-03 -1.56943281e-03
 -5.93475327e-04  3.44348853e-03  1.54016600e-03 -1.76577905e-03
 -6.10867077e-03  6.06844275e-03 -2.00270568e-03  1.97996878e-05
  1.75202929e-03 -9.47273824e-04 -3.02439817e-04  1.67166289e-03
  1.55795235e-03 -1.68418453e-03 -2.78549404e-03  1.58663663e-03
 -6.27407858e-04  7.86527187e-04]",50,
