sample_size,n,k,repeat,mae,alphas,coef_path,coefficients,non_zero_coef,num_iter
50,100,2,1,0.013497845485249514,,,"[-7.45462743e-05 -6.44626879e-05 -4.10069608e-05 ...  1.02532364e-04
 -4.30702239e-05  7.70520251e-05]",5050,
300,100,2,1,0.010126923419584842,,,"[-1.42908877e-05 -9.04895228e-05  2.67209545e-05 ... -2.49526628e-06
 -1.04354165e-04  1.13297878e-04]",5050,
550,100,2,1,0.009254242173590228,,,"[ 7.06617935e-05 -4.73709156e-05  3.53126637e-05 ...  4.63754767e-05
 -1.55210368e-05  9.69725987e-05]",5050,
800,100,2,1,0.00869836065514562,,,"[ 8.27471464e-05  3.32915685e-05  3.09820214e-05 ... -5.04326532e-05
  2.59391086e-05  1.75072612e-04]",5050,
1050,100,2,1,0.008501031541046587,,,"[ 3.16155989e-05  5.76657956e-05  7.52432041e-05 ...  2.94787416e-05
 -8.26515290e-05  2.23350495e-04]",5050,
1300,100,2,1,0.007983031795475312,,,"[ 1.17764949e-04  1.64754039e-04  7.58103978e-05 ...  1.15311265e-04
 -6.23550021e-05  1.88323046e-04]",5050,
1550,100,2,1,0.007752971751937138,,,"[ 9.52293496e-05  6.29446617e-05  2.26510733e-05 ... -6.14292780e-09
 -7.63763946e-05  1.69582978e-04]",5050,
1800,100,2,1,0.007482507472672637,,,"[ 5.26351570e-05  1.37061422e-04  4.82803322e-05 ...  5.99393499e-06
 -1.94792060e-04  1.56568045e-04]",5050,
2050,100,2,1,0.007194159312924739,,,"[ 1.02020789e-04  1.54304419e-04  4.62486495e-05 ... -6.37879652e-05
 -1.33479488e-04  2.44421750e-04]",5050,
2300,100,2,1,0.006702638242991839,,,"[ 7.89904057e-05  1.58187364e-04  9.43273454e-07 ... -4.76186505e-05
 -2.23307101e-04  3.10877023e-04]",5050,
2550,100,2,1,0.006462114120084834,,,"[ 1.42691333e-04  2.24829513e-04  2.99698992e-05 ... -8.02364891e-07
 -1.05587760e-04  4.80480902e-04]",5050,
2800,100,2,1,0.006432488876226898,,,"[ 2.46470546e-04  1.92566363e-04  5.98566169e-05 ... -1.37991298e-04
 -9.80195636e-05  3.49465356e-04]",5050,
3050,100,2,1,0.006099062720509209,,,"[ 2.42508928e-04  1.61904036e-04  2.02878355e-04 ... -2.96666876e-04
 -6.40419039e-05  3.94557687e-04]",5050,
3300,100,2,1,0.005663627316990869,,,"[ 0.00029444  0.00018642  0.00027963 ... -0.0003449  -0.00013804
  0.00019111]",5050,
3550,100,2,1,0.005226297020653306,,,"[ 4.73320889e-04  9.98581569e-05  2.30770405e-04 ... -1.65804080e-04
 -1.37250802e-04  2.05126060e-04]",5050,
3800,100,2,1,0.004840181121550131,,,"[ 0.00047604  0.00018446  0.00030242 ... -0.00035595  0.00010964
  0.0001831 ]",5050,
4050,100,2,1,0.004446490778720431,,,"[ 0.00070216  0.0004321   0.00011599 ... -0.00055973 -0.00023087
  0.00010568]",5050,
4300,100,2,1,0.004686094283001694,,,"[ 6.27630534e-04  5.37233130e-04  2.16919842e-04 ... -1.82739595e-04
 -3.79609916e-04  1.18390539e-05]",5050,
4550,100,2,1,0.004525674335515646,,,"[ 0.00103428  0.00046154  0.00053664 ... -0.00022387 -0.00028538
  0.00024533]",5050,
4800,100,2,1,0.0039854978688237,,,"[ 1.51632843e-03  1.82991149e-03  8.37402236e-05 ... -1.43212847e-04
 -3.12586454e-04  3.58917904e-04]",5050,
5050,100,2,1,0.00016979759939545147,,,"[3.31834289e-03 3.60793700e-03 1.29640439e-03 ... 8.07371956e-06
 4.87727473e-07 9.36154856e-06]",5050,
50,100,2,2,0.012636246483251058,,,"[-1.63345518e-05  6.55385794e-05 -2.32079459e-05 ... -2.49234647e-05
 -2.48027280e-05  5.62378148e-05]",5050,
300,100,2,2,0.009294534639741414,,,"[ 6.66336493e-05  5.32174135e-06  1.42300681e-04 ... -2.96394730e-04
 -3.89631967e-05  2.38509640e-04]",5050,
550,100,2,2,0.008845066628755376,,,"[ 5.36640797e-05  9.22272984e-06  1.40769580e-04 ... -4.14704783e-04
 -3.46536079e-05  3.08454482e-05]",5050,
800,100,2,2,0.008552016351151224,,,"[ 6.15738147e-05  1.11365416e-05  2.07373695e-04 ... -3.00555728e-04
  4.02749437e-06  1.81875022e-04]",5050,
1050,100,2,2,0.008112246061849078,,,"[-5.39361506e-06  1.45500541e-06  2.32600383e-04 ... -3.90074776e-04
 -7.64965461e-05  4.96193705e-05]",5050,
1300,100,2,2,0.008075596253303842,,,"[ 1.25198709e-05  3.61630513e-05  1.60915654e-04 ... -4.47478848e-04
 -1.10736776e-04 -2.51866762e-04]",5050,
1550,100,2,2,0.007668738822685555,,,"[ 4.86552294e-05  2.16634285e-05  2.29833638e-04 ... -5.62118476e-04
  1.03538152e-04 -5.89931608e-05]",5050,
1800,100,2,2,0.007355441750686396,,,"[ 7.52947236e-05  1.14049904e-04  1.91578307e-04 ... -4.30580537e-04
  1.87168058e-04 -7.10518279e-05]",5050,
2050,100,2,2,0.006946187116711826,,,"[ 0.00012324  0.00015466  0.00019625 ... -0.00049026  0.00012956
 -0.00016345]",5050,
2300,100,2,2,0.006562312589030625,,,"[ 1.57512576e-04  1.18905488e-04  2.52657689e-04 ... -3.45603189e-04
 -2.32461024e-05 -5.00677886e-05]",5050,
2550,100,2,2,0.0062016116909188665,,,"[ 1.03389160e-04  8.21270377e-05  3.08214490e-04 ... -4.73985814e-04
 -1.04722493e-05 -9.58758590e-05]",5050,
2800,100,2,2,0.006055208848722487,,,"[ 1.62587945e-04  5.47831208e-05  3.14700770e-04 ... -5.15667455e-04
  9.79863838e-05 -7.23957044e-05]",5050,
3050,100,2,2,0.005935685989319381,,,"[ 1.30630070e-04  1.97933365e-04  2.36550282e-04 ... -4.12519117e-04
 -6.93923297e-06 -3.23889593e-05]",5050,
3300,100,2,2,0.005469012807471927,,,"[ 8.16644470e-05  2.46976707e-04  1.03392900e-04 ... -2.13992726e-04
 -1.19077420e-04  2.43237272e-04]",5050,
3550,100,2,2,0.0051252004686386955,,,"[ 0.00020904  0.00044216  0.00013283 ... -0.00039092 -0.00015028
  0.00028131]",5050,
3800,100,2,2,0.005111157613504815,,,"[ 0.00026253  0.00046095  0.00012456 ... -0.00029822 -0.00022455
  0.00039378]",5050,
4050,100,2,2,0.004958567424615126,,,"[ 4.46547083e-04  5.12857788e-04  6.35330786e-05 ... -2.04990816e-05
 -2.89705332e-04  3.49223645e-04]",5050,
4300,100,2,2,0.004558973791203016,,,"[ 5.18788137e-04  5.41043004e-04  4.25739481e-05 ... -1.32097702e-04
 -4.44013800e-04  4.35856399e-04]",5050,
4550,100,2,2,0.004388846245428226,,,"[ 3.09188040e-04  1.08028041e-03  2.74834493e-04 ... -1.61248593e-05
 -3.53337213e-04  1.55739434e-04]",5050,
4800,100,2,2,0.0038648512239569752,,,"[ 1.44559320e-03  2.03016624e-03  4.06194834e-05 ...  2.92461396e-06
 -2.89867809e-04  1.48000867e-04]",5050,
5050,100,2,2,0.00016979759938465122,,,"[3.31834289e-03 3.60793700e-03 1.29640439e-03 ... 8.07371956e-06
 4.87727473e-07 9.36154856e-06]",5050,
50,100,2,3,0.012062046766155276,,,"[8.97953645e-05 1.27836237e-04 2.49224581e-05 ... 8.70807475e-05
 7.17106161e-05 9.62214385e-05]",5050,
300,100,2,3,0.00964055904613133,,,"[ 1.28332177e-04  3.86576513e-05  6.16991936e-05 ...  2.47269991e-04
 -6.39668999e-06  5.49732583e-05]",5050,
550,100,2,3,0.009208329899384466,,,"[ 1.20523218e-04  8.69932692e-05  1.16046773e-04 ...  5.95206588e-05
 -3.79742526e-05 -3.23497337e-05]",5050,
800,100,2,3,0.008881070951226776,,,"[ 1.27978709e-04  8.05904799e-05  1.06112206e-04 ... -5.49747389e-05
 -2.30293566e-04 -7.81479064e-05]",5050,
1050,100,2,3,0.008800501519493195,,,"[ 1.59579916e-04  6.50198120e-05  1.15898757e-04 ...  9.90960194e-05
 -3.31056213e-04  4.98919076e-06]",5050,
1300,100,2,3,0.00821471220336207,,,"[ 1.77226171e-04  1.16156578e-04  8.67794389e-05 ... -1.31024310e-05
 -9.54418950e-05  2.94417962e-05]",5050,
1550,100,2,3,0.007848307906026548,,,"[ 1.92568353e-04  1.58075142e-04  9.14363755e-05 ...  2.68528479e-05
 -2.83797882e-05 -9.27530796e-05]",5050,
1800,100,2,3,0.007532181496586077,,,"[ 1.68693626e-04  2.09320737e-04  1.08364407e-04 ...  6.51775694e-05
 -5.17146028e-05 -6.06216045e-05]",5050,
2050,100,2,3,0.007329358295907582,,,"[ 2.68541219e-04  1.70488286e-04  1.19860493e-04 ...  1.00864811e-05
 -1.20606194e-04 -2.38935940e-04]",5050,
2300,100,2,3,0.007188362976563667,,,"[ 0.00030137  0.00030007  0.00010846 ... -0.00017087 -0.00027951
 -0.00039606]",5050,
2550,100,2,3,0.006445336674913165,,,"[ 2.63552088e-04  3.39102138e-04  1.21892275e-05 ... -1.79490835e-04
 -1.36384089e-04 -1.07776326e-04]",5050,
2800,100,2,3,0.006221830753647168,,,"[ 3.26431828e-04  3.15896750e-04  1.71696226e-05 ... -3.24994160e-04
 -8.18805279e-05 -6.38091092e-05]",5050,
3050,100,2,3,0.005786032838452684,,,"[ 4.27392530e-04  3.88304358e-04 -5.48207365e-05 ... -4.36005655e-04
 -3.60922020e-05 -7.24173529e-05]",5050,
3300,100,2,3,0.005591514825185868,,,"[ 4.86548339e-04  3.83111834e-04 -2.22814188e-05 ... -4.64070360e-04
 -1.66534547e-04 -2.24936162e-04]",5050,
3550,100,2,3,0.005390567937137689,,,"[ 4.23857821e-04  4.12806158e-04 -9.69039661e-05 ... -3.93616556e-04
 -2.37935366e-04 -3.01054427e-05]",5050,
3800,100,2,3,0.005304134257842747,,,"[ 0.00041888  0.00044767 -0.0001406  ... -0.00024189 -0.00029685
  0.00030664]",5050,
4050,100,2,3,0.0050290934465095916,,,"[ 0.00077153  0.00064518 -0.00013208 ... -0.00032119 -0.00041632
  0.00021326]",5050,
4300,100,2,3,0.004811552233342127,,,"[ 7.63166919e-04  8.74118252e-04 -2.80102269e-05 ... -2.09373970e-04
 -1.62327767e-04 -3.45716101e-06]",5050,
4550,100,2,3,0.004473637340717005,,,"[ 7.72941442e-04  1.02530989e-03  2.40809685e-05 ... -2.40113305e-04
 -3.36946490e-04 -6.78932030e-05]",5050,
4800,100,2,3,0.003996751787253175,,,"[ 0.00138245  0.00167193  0.00045    ... -0.00038593 -0.00014995
  0.00013485]",5050,
5050,100,2,3,0.00016979759940909388,,,"[3.31834289e-03 3.60793700e-03 1.29640439e-03 ... 8.07371956e-06
 4.87727472e-07 9.36154856e-06]",5050,
50,100,2,4,0.012669899125143616,,,"[ 3.88187613e-05 -5.87525645e-05  3.12245321e-05 ... -4.01371587e-05
  9.47387230e-06  4.15994017e-05]",5050,
300,100,2,4,0.010247118492064828,,,"[ 5.46728960e-05  2.46330470e-05  6.31781360e-05 ... -1.16903299e-04
 -3.79156967e-06  5.14567815e-05]",5050,
550,100,2,4,0.009484012403614201,,,"[ 3.01261267e-05  1.04856277e-04  8.05565331e-05 ... -1.43996040e-04
  4.96921068e-05  2.04309596e-04]",5050,
800,100,2,4,0.008985171974709943,,,"[7.29835696e-05 1.59291989e-04 6.29630369e-05 ... 6.30647935e-05
 4.87785044e-05 3.04277979e-04]",5050,
1050,100,2,4,0.008616386200959027,,,"[ 4.71442972e-05  1.72841568e-04  4.29887433e-05 ... -2.61201548e-04
  1.43383519e-04  1.65160640e-04]",5050,
1300,100,2,4,0.008269550845644175,,,"[ 5.42796622e-05  1.39178429e-04  1.17280225e-04 ... -4.58829130e-04
  5.77343972e-05  2.21542339e-04]",5050,
1550,100,2,4,0.008349662537172549,,,"[ 0.00011683  0.00015888  0.00018518 ... -0.00053045  0.00014064
  0.0001903 ]",5050,
1800,100,2,4,0.007812343971173164,,,"[ 7.34206399e-05  8.68144563e-05  1.53088469e-04 ... -5.42625836e-04
  1.70857688e-04  3.77938580e-04]",5050,
2050,100,2,4,0.007666557859302543,,,"[ 8.43817922e-05  1.15482396e-04  1.69969670e-04 ... -3.90308966e-04
  3.69480361e-04  5.88582261e-05]",5050,
2300,100,2,4,0.007103886353527287,,,"[ 9.17368162e-05  1.61195544e-04  1.61145935e-04 ... -3.92450577e-04
  1.97739518e-04  9.12560583e-05]",5050,
2550,100,2,4,0.006681637721156335,,,"[ 1.12932627e-04  2.00175397e-04  1.78219044e-04 ... -2.22097890e-04
  4.74583140e-04  1.03431971e-05]",5050,
2800,100,2,4,0.006089788675210457,,,"[ 1.31133888e-04  2.89753961e-04  5.95804789e-05 ... -1.85969827e-04
  3.94486977e-04  1.17726414e-04]",5050,
3050,100,2,4,0.005728041548495071,,,"[ 1.38674398e-04  2.87911748e-04  2.37582678e-06 ... -4.12691507e-04
  2.34010725e-04  1.62422901e-04]",5050,
3300,100,2,4,0.005514018467386563,,,"[ 1.54055635e-04  3.12028237e-04 -1.06847872e-04 ... -3.86508717e-04
  4.53477124e-04  2.66862569e-05]",5050,
3550,100,2,4,0.005470306095670594,,,"[ 1.98831305e-04  2.99417685e-04  3.70159689e-05 ... -2.55381026e-04
  5.29994885e-04 -1.19719802e-04]",5050,
3800,100,2,4,0.0052280512096155,,,"[ 2.33860399e-04  3.48197256e-04  1.39382046e-04 ... -1.31487103e-04
  2.00993798e-04 -2.93237592e-05]",5050,
4050,100,2,4,0.004973363912587275,,,"[ 2.70721821e-04  5.96389316e-04  8.44159477e-05 ...  2.42124713e-05
  3.55318608e-05 -1.09249423e-04]",5050,
4300,100,2,4,0.004645723410741312,,,"[ 2.48005381e-04  5.99306881e-04  7.00420560e-05 ...  2.49454053e-04
 -1.12462595e-04 -1.94425905e-04]",5050,
4550,100,2,4,0.004417067974116549,,,"[ 9.54744720e-04  1.09899255e-03 -1.68145559e-04 ...  3.73301114e-05
  4.91814893e-05 -1.84297985e-04]",5050,
4800,100,2,4,0.004063165385553589,,,"[ 1.62907272e-03  2.49032118e-03  2.29309037e-04 ... -3.09985531e-04
 -4.62662731e-05 -7.31855956e-05]",5050,
5050,100,2,4,0.00016979759939658834,,,"[3.31834289e-03 3.60793700e-03 1.29640439e-03 ... 8.07371956e-06
 4.87727473e-07 9.36154856e-06]",5050,
50,100,2,5,0.013516881737189693,,,"[ 5.79072899e-05 -7.61911374e-05  3.06259866e-05 ... -4.26060830e-06
 -1.81940280e-05 -4.33952060e-05]",5050,
300,100,2,5,0.010621002705206592,,,"[ 4.71160222e-05  1.00682898e-05  1.38686900e-04 ... -6.41632803e-05
  2.19922067e-05 -4.55676836e-05]",5050,
550,100,2,5,0.008819812044347942,,,"[ 3.61042708e-05 -1.24453455e-05  1.07007054e-04 ... -2.73010978e-04
  3.52118277e-06 -1.31142109e-04]",5050,
800,100,2,5,0.00855997427869795,,,"[ 7.88427597e-05  6.29827855e-06  9.59767455e-05 ... -1.98207741e-04
 -9.45935800e-05 -2.82288293e-04]",5050,
1050,100,2,5,0.008531828740777882,,,"[ 1.37022281e-04  4.20334811e-05  9.75889713e-05 ... -3.00130571e-04
 -2.88101152e-04 -3.52031973e-04]",5050,
1300,100,2,5,0.008026851345130695,,,"[ 1.73366605e-04 -1.49575006e-07  6.55262252e-05 ... -1.37806925e-04
 -3.97119821e-04 -2.81728869e-04]",5050,
1550,100,2,5,0.007786425816650535,,,"[ 1.69976459e-04  8.11189378e-05  8.33719851e-05 ... -1.46895180e-04
 -2.55592214e-04 -1.20878162e-04]",5050,
1800,100,2,5,0.00750337512688418,,,"[ 2.14622153e-04  1.16533870e-04  4.86797953e-05 ... -2.84244482e-04
 -3.06218364e-04 -8.10712356e-05]",5050,
2050,100,2,5,0.007256020819285141,,,"[ 2.10989075e-04  1.10946782e-04  7.01474521e-05 ... -2.65904708e-04
 -5.30609563e-04  4.42867007e-06]",5050,
2300,100,2,5,0.0069870194552754585,,,"[ 1.58369133e-04  2.20027248e-04  1.56080274e-04 ... -9.15563578e-05
 -4.43080265e-04  1.14172739e-04]",5050,
2550,100,2,5,0.006862106195662818,,,"[ 1.57757288e-04  2.01180547e-04  5.01282287e-05 ... -8.48747536e-05
 -3.48019273e-04 -4.48632761e-05]",5050,
2800,100,2,5,0.006759103701883191,,,"[ 1.26295129e-04  2.88834402e-04  8.94162488e-05 ... -9.71661464e-05
 -2.71753943e-04 -1.72427181e-04]",5050,
3050,100,2,5,0.006443338250427928,,,"[ 1.97135932e-04  2.65969803e-04 -3.24670265e-05 ... -2.49697777e-04
 -4.25095547e-04 -2.43332292e-05]",5050,
3300,100,2,5,0.005855382083464065,,,"[ 9.36678382e-05  1.39246760e-04  8.76808124e-05 ... -8.96204974e-06
 -3.35875181e-04  2.07515345e-04]",5050,
3550,100,2,5,0.005405783514427185,,,"[ 2.34774708e-04  6.35937276e-05  1.30169207e-04 ... -1.00543870e-05
 -3.20637932e-04  2.24074281e-04]",5050,
3800,100,2,5,0.004945724253968819,,,"[ 2.54902646e-04  7.44311692e-05  1.40283070e-04 ...  2.34406058e-04
 -5.38120422e-04  1.84053677e-04]",5050,
4050,100,2,5,0.004828132194673458,,,"[ 0.00048061  0.00030474  0.00027855 ... -0.00011354 -0.00019768
  0.00041496]",5050,
4300,100,2,5,0.004634135566852251,,,"[ 0.00041195  0.00046483  0.00011814 ... -0.00016879 -0.00015745
  0.0005177 ]",5050,
4550,100,2,5,0.00442750706745187,,,"[ 6.64758805e-04  1.07210561e-03  3.45733459e-04 ... -3.85838161e-05
 -5.85444658e-05  3.10022310e-04]",5050,
4800,100,2,5,0.004275749880445687,,,"[ 8.49703467e-04  1.48052495e-03  5.24257630e-05 ... -3.93613421e-05
 -8.39425662e-05  1.76530703e-04]",5050,
5050,100,2,5,0.00016979759939488303,,,"[3.31834289e-03 3.60793700e-03 1.29640439e-03 ... 8.07371956e-06
 4.87727473e-07 9.36154856e-06]",5050,
