sample_size,n,k,repeat,mae,alphas,coef_path,coefficients,non_zero_coef,num_iter
5,10,1,1,0.046475424890803654,,,"[-8.64541606e-02  2.29752154e-02  4.16333634e-17  2.29752154e-02
  1.83340876e-02  2.79759100e-02 -2.79759100e-02 -2.79759100e-02
  2.33347822e-02 -5.00069460e-03]",10,
15,10,1,1,0.05416419536795445,,,"[-0.12899655  0.043363    0.01978622  0.03420594  0.05711628  0.0174641
 -0.04380152 -0.01308837 -0.02460073 -0.03418813]",10,
25,10,1,1,0.04635471954226261,,,"[-0.09740857  0.02209589 -0.00559407  0.03422431  0.06313667 -0.00340408
 -0.04564554 -0.00964666 -0.01685897 -0.01351168]",10,
35,10,1,1,0.030523972744805405,,,"[-0.0668151   0.04144196  0.00039807  0.01698219  0.02458712 -0.02882981
 -0.03787662 -0.0023794  -0.01229399 -0.01741382]",10,
45,10,1,1,0.030564446358785063,,,"[-0.07116338  0.04402364 -0.00040679  0.01971922  0.02964501 -0.02838203
 -0.03909016 -0.00248144 -0.01866038 -0.0086646 ]",10,
55,10,1,1,0.02939708802952566,,,"[-0.06335352  0.03929267  0.00594059  0.01921522  0.02270747 -0.03448286
 -0.03602445 -0.00662177 -0.01921595 -0.01199318]",10,
65,10,1,1,0.029487789475059572,,,"[-0.05829577  0.04106654  0.00652167  0.01657636  0.0217939  -0.03339396
 -0.03463058 -0.00924495 -0.02042263 -0.01325637]",10,
75,10,1,1,0.029334258564123843,,,"[-0.05411411  0.03896338  0.00755729  0.01847896  0.02086972 -0.03619555
 -0.03130108 -0.00767414 -0.01927044 -0.01277569]",10,
85,10,1,1,0.0291870541963317,,,"[-0.05491814  0.03967748  0.00730797  0.01979836  0.02279158 -0.03285771
 -0.03041616 -0.0057384  -0.02018196 -0.00788371]",10,
95,10,1,1,0.028838920807583008,,,"[-0.05791174  0.03787995  0.00388241  0.02166985  0.02317916 -0.03071402
 -0.03270549 -0.00506044 -0.02087493 -0.00637032]",10,
105,10,1,1,0.02886068426138195,,,"[-0.05555833  0.03616102  0.00452708  0.01927578  0.02261272 -0.03265387
 -0.03302988 -0.00405413 -0.02186729 -0.00664153]",10,
115,10,1,1,0.029007193708701494,,,"[-0.05572543  0.03941203  0.00622731  0.02070719  0.0239452  -0.0314425
 -0.03443932 -0.00391197 -0.02229547 -0.00457223]",10,
125,10,1,1,0.028692834188112783,,,"[-0.05506606  0.04076046  0.00418451  0.02299288  0.02416648 -0.03039837
 -0.0333258  -0.00363534 -0.01994984 -0.00370552]",10,
135,10,1,1,0.028632124369296436,,,"[-0.05848505  0.03837911 -0.00032187  0.02235196  0.02347482 -0.02660744
 -0.03441063 -0.00697695 -0.01974525 -0.00627593]",10,
145,10,1,1,0.02868136844031426,,,"[-0.06056536  0.03702991 -0.00364405  0.02357466  0.023306   -0.02686501
 -0.0324136  -0.00802465 -0.01989481 -0.00396218]",10,
155,10,1,1,0.028683978285793613,,,"[-0.0591078   0.03792168 -0.00305963  0.02299575  0.02176259 -0.02612626
 -0.02927878 -0.00761501 -0.01988109 -0.00685004]",10,
165,10,1,1,0.028750010710217,,,"[-0.05949404  0.03750686 -0.00301828  0.02349915  0.02336774 -0.02702342
 -0.02974548 -0.0075365  -0.01839052 -0.00613402]",10,
175,10,1,1,0.028748355106759504,,,"[-0.05654259  0.03494594 -0.00458259  0.02261557  0.02368664 -0.02866543
 -0.02936922 -0.00757504 -0.02041537 -0.00579029]",10,
185,10,1,1,0.028499128185378027,,,"[-0.05708917  0.03630381 -0.00414563  0.02087469  0.02230466 -0.0284572
 -0.0308696  -0.00708565 -0.02140074 -0.00597108]",10,
195,10,1,1,0.028361504837172334,,,"[-0.05788156  0.03815702 -0.00499724  0.02238939  0.02185087 -0.02994545
 -0.03161433 -0.00645189 -0.0227735  -0.00403951]",10,
205,10,1,1,0.028645614897870927,,,"[-0.05871987  0.03742956 -0.00371802  0.02269619  0.02265747 -0.02957736
 -0.03105967 -0.00731156 -0.02297458 -0.00405289]",10,
5,10,1,2,0.06154697204558204,,,"[-0.10024024  0.01195491 -0.02115544  0.03067532  0.01773415 -0.03067532
  0.02115544 -0.06036438 -0.06036438  0.01195491]",10,
15,10,1,2,0.05633829085958837,,,"[-0.07455155 -0.00375847 -0.04244756  0.01593576 -0.03976973  0.00448923
 -0.03114556 -0.02959771 -0.09577346 -0.04136093]",10,
25,10,1,2,0.03564349295392048,,,"[-0.06424645  0.04043939  0.00295141 -0.00353608  0.04516817 -0.03947246
 -0.04414512  0.00629472 -0.03342109 -0.01200557]",10,
35,10,1,2,0.032791835026621356,,,"[-0.06371029  0.04545071 -0.00117822  0.0084668   0.03991405 -0.03028203
 -0.04280611  0.00739813 -0.02768174 -0.0087275 ]",10,
45,10,1,2,0.03056228092816184,,,"[-0.06559703  0.03754316 -0.00763663  0.01673003  0.03025507 -0.02909241
 -0.03475995 -0.0009247  -0.03201152 -0.00371115]",10,
55,10,1,2,0.02973216589289734,,,"[-0.06392184  0.03793768 -0.00495517  0.01851297  0.02962688 -0.0270611
 -0.04021232 -0.00761169 -0.0247782   0.00178306]",10,
65,10,1,2,0.029913620531700075,,,"[-0.06195006  0.04407492 -0.00692186  0.02123419  0.0326028  -0.02532904
 -0.0376418  -0.00374669 -0.01980298 -0.00269995]",10,
75,10,1,2,0.030295099628275465,,,"[-0.0653846   0.03992554 -0.00464881  0.02522103  0.03311643 -0.02795806
 -0.03487209 -0.00248002 -0.02301685  0.00292598]",10,
85,10,1,2,0.029294617694264957,,,"[-0.06285217  0.04320669 -0.00706818  0.02357513  0.02836688 -0.03107534
 -0.03223182 -0.00312898 -0.02355727  0.00299672]",10,
95,10,1,2,0.029345472155467293,,,"[-0.06049199  0.04495941 -0.00735979  0.02317654  0.02840498 -0.02888357
 -0.03100167 -0.00592494 -0.02277158 -0.00133342]",10,
105,10,1,2,0.02932216681898808,,,"[-0.06059279  0.04298551 -0.00922509  0.02163973  0.02767716 -0.02637358
 -0.033372   -0.00542781 -0.02405313 -0.00374178]",10,
115,10,1,2,0.029294450738574368,,,"[-0.06080917  0.04073886 -0.00614724  0.02349638  0.02581631 -0.02453698
 -0.03378426 -0.00720851 -0.02435297 -0.00581176]",10,
125,10,1,2,0.029623282228552057,,,"[-0.06275115  0.0403884  -0.00504975  0.02431008  0.02607459 -0.02642671
 -0.03395337 -0.00592724 -0.02538379 -0.00892634]",10,
135,10,1,2,0.029237439553252784,,,"[-0.06257737  0.03955907 -0.00344891  0.02295492  0.02333773 -0.02837275
 -0.03075651 -0.00998724 -0.02394162 -0.00687863]",10,
145,10,1,2,0.02903796164651908,,,"[-0.05961473  0.03954881 -0.00381492  0.02392903  0.02274761 -0.02666258
 -0.02911864 -0.01029916 -0.02241124 -0.00724398]",10,
155,10,1,2,0.028458126404154883,,,"[-0.0592211   0.03730877 -0.00501967  0.02267921  0.01945278 -0.02826135
 -0.03079749 -0.01215088 -0.02159994 -0.00808443]",10,
165,10,1,2,0.028321554511356907,,,"[-0.05730949  0.03849801 -0.00463044  0.02152619  0.01787439 -0.02747465
 -0.03218914 -0.01142355 -0.0207296  -0.01086899]",10,
175,10,1,2,0.028466873636609193,,,"[-0.05890997  0.03775255 -0.0048156   0.02246245  0.01859037 -0.0270569
 -0.03081562 -0.01206339 -0.02151627 -0.00873915]",10,
185,10,1,2,0.02834226097624196,,,"[-0.05900914  0.03887225 -0.00526685  0.0209826   0.0192136  -0.02837235
 -0.0319967  -0.01136806 -0.02323635 -0.0063259 ]",10,
195,10,1,2,0.028459553776557414,,,"[-0.05924103  0.03767278 -0.00444519  0.01987496  0.01965058 -0.0290806
 -0.03172678 -0.01043703 -0.02456958 -0.00454792]",10,
205,10,1,2,0.028645614897870927,,,"[-0.05871987  0.03742956 -0.00371802  0.02269619  0.02265747 -0.02957736
 -0.03105967 -0.00731156 -0.02297458 -0.00405289]",10,
5,10,1,3,0.05332861996946406,,,"[-0.04469241  0.02277784  0.03165656  0.03035018 -0.01303584  0.05226475
 -0.02060818 -0.02277784  0.          0.02277784]",9,
15,10,1,3,0.07386218244484269,,,"[-0.11898966 -0.02870197  0.01602055  0.11572705 -0.07604725 -0.06952201
 -0.02177132  0.01326986 -0.00351234 -0.07076848]",10,
25,10,1,3,0.03736229202039738,,,"[-0.0745571   0.05104989 -0.00977539  0.01840086  0.04058858 -0.00303307
 -0.03475195  0.02145402 -0.02109871  0.00564601]",10,
35,10,1,3,0.03335331301699796,,,"[-0.06292238  0.0396563  -0.01492421  0.02030567  0.03709238 -0.01207198
 -0.03435055  0.00722484 -0.02625192 -0.00603396]",10,
45,10,1,3,0.03256101757236593,,,"[-0.05554442  0.03992269 -0.01349526  0.02917918  0.03022817 -0.00714098
 -0.03424022  0.00937163 -0.02398689 -0.00804901]",10,
55,10,1,3,0.030959001561328137,,,"[-0.05049193  0.03870692 -0.01426599  0.02413633  0.0300986  -0.02069476
 -0.02934686 -0.00413543 -0.03299727 -0.00405684]",10,
65,10,1,3,0.03205905215542146,,,"[-0.04862567  0.03356669 -0.01118897  0.02904968  0.03283694 -0.02634569
 -0.02797732 -0.00169306 -0.03634409 -0.00362774]",10,
75,10,1,3,0.032139280763796595,,,"[-0.04635387  0.03786375 -0.00820332  0.02756631  0.0356317  -0.02901142
 -0.02522341 -0.00645507 -0.03440971 -0.0056316 ]",10,
85,10,1,3,0.031241607108744348,,,"[-0.04725714  0.03975052 -0.00664752  0.02899942  0.03123616 -0.03064501
 -0.02316976 -0.00682384 -0.03269696 -0.0015253 ]",10,
95,10,1,3,0.029757718043427417,,,"[-0.05020941  0.0399976  -0.00625371  0.02490478  0.02709843 -0.02884998
 -0.02618918 -0.00325177 -0.02837064 -0.00188097]",10,
105,10,1,3,0.030268712289947642,,,"[-0.05034924  0.03898035 -0.00689637  0.02402669  0.02737916 -0.02728103
 -0.02478806 -0.00228878 -0.03159266 -0.00199196]",10,
115,10,1,3,0.029575875797032154,,,"[-0.05483741  0.03801962 -0.00841225  0.02169422  0.02315798 -0.03183834
 -0.02437873 -0.00134    -0.03217649 -0.00203747]",10,
125,10,1,3,0.02931036614869015,,,"[-0.05415681  0.04011266 -0.00940977  0.02058964  0.02298418 -0.03281133
 -0.02458668 -0.00375804 -0.0314091  -0.00175411]",10,
135,10,1,3,0.029072441250260112,,,"[-0.05258877  0.03966214 -0.00900762  0.02125895  0.02222324 -0.03213578
 -0.02516752 -0.00100467 -0.03036015 -0.00333772]",10,
145,10,1,3,0.02885954574914763,,,"[-0.05543529  0.04074754 -0.00751204  0.02237728  0.02029773 -0.03006263
 -0.02727912 -0.00273745 -0.03054128 -0.00382067]",10,
155,10,1,3,0.028764518977056924,,,"[-0.05549362  0.04050821 -0.00798628  0.02439292  0.02014939 -0.0279752
 -0.02844538 -0.00528639 -0.02903444 -0.0035838 ]",10,
165,10,1,3,0.028583373943575338,,,"[-0.0557556   0.03905418 -0.00751495  0.02242331  0.01978461 -0.02873022
 -0.02790984 -0.00707035 -0.02754353 -0.00255284]",10,
175,10,1,3,0.0283848988261866,,,"[-0.05678649  0.0392126  -0.00514575  0.02149363  0.01982986 -0.03008051
 -0.02986169 -0.00796634 -0.0257852  -0.00395069]",10,
185,10,1,3,0.028181783112760855,,,"[-0.05849955  0.0399247  -0.00472144  0.02141143  0.0196125  -0.03180523
 -0.03076478 -0.00761546 -0.02476087 -0.00293232]",10,
195,10,1,3,0.028310392695574366,,,"[-0.05804728  0.03924366 -0.00378913  0.02291407  0.02096493 -0.03141803
 -0.03191961 -0.00670558 -0.02470838 -0.00239076]",10,
205,10,1,3,0.028645614897870927,,,"[-0.05871987  0.03742956 -0.00371802  0.02269619  0.02265747 -0.02957736
 -0.03105967 -0.00731156 -0.02297458 -0.00405289]",10,
5,10,1,4,0.04537572784988868,,,"[-0.02644454 -0.01051927  0.01194735 -0.01194735 -0.0144972  -0.00642371
  0.          0.00950156  0.         -0.01694298]",8,
15,10,1,4,0.04412081237097027,,,"[-0.08887409  0.0184004  -0.0120636  -0.00478183  0.01721596 -0.00493934
  0.00256412 -0.02247645 -0.02739304 -0.01252108]",10,
25,10,1,4,0.03137066482016053,,,"[-0.05655737  0.01993357  0.00589708  0.012039    0.00863293 -0.02871539
 -0.0195339  -0.00993852 -0.02508938 -0.02309681]",10,
35,10,1,4,0.03269539013427959,,,"[-0.05824448  0.02569619 -0.00049174  0.00310339  0.02131694 -0.03383989
 -0.01876436 -0.02071484 -0.02475626 -0.01511403]",10,
45,10,1,4,0.029703670965915308,,,"[-0.0553371   0.02395284  0.0066352   0.01660148  0.01912028 -0.03341731
 -0.03110418 -0.00795774 -0.02512442 -0.0095058 ]",10,
55,10,1,4,0.029124024144167038,,,"[-0.0550757   0.0276236   0.00187983  0.02023346  0.02004892 -0.02601412
 -0.03472114 -0.00469471 -0.02165352 -0.01346576]",10,
65,10,1,4,0.029751956352927777,,,"[-0.05926712  0.03744509 -0.00445364  0.0194615   0.02567589 -0.02037314
 -0.03184184 -0.00819625 -0.0201356  -0.01231896]",10,
75,10,1,4,0.029473035363898815,,,"[-0.05920292  0.03351388 -0.00481806  0.02428327  0.02191218 -0.02451449
 -0.03097356 -0.00989799 -0.02607905 -0.01074902]",10,
85,10,1,4,0.029776363310612623,,,"[-0.05971936  0.03603212 -0.00247805  0.02699342  0.02496758 -0.02107033
 -0.03165987 -0.0053536  -0.02357673 -0.00857084]",10,
95,10,1,4,0.0294949644428425,,,"[-0.05955938  0.03583302 -0.00110373  0.02692989  0.02551026 -0.02281092
 -0.03601183 -0.00354594 -0.02415668 -0.00682388]",10,
105,10,1,4,0.028692898961838863,,,"[-0.05550661  0.03911447 -0.00203897  0.02708152  0.02337645 -0.02620496
 -0.03728988 -0.00516838 -0.02466211 -0.00520442]",10,
115,10,1,4,0.028507201590487058,,,"[-0.05568929  0.03857533 -0.00176491  0.02595657  0.02305713 -0.0272589
 -0.03503213 -0.00553057 -0.02282999 -0.00483429]",10,
125,10,1,4,0.02876548125962074,,,"[-0.05554748  0.0367396  -0.001079    0.02483135  0.02363719 -0.02706685
 -0.03268094 -0.00642249 -0.02298291 -0.0036133 ]",10,
135,10,1,4,0.029333198980940552,,,"[-0.05581138  0.03672209 -0.00311964  0.02525339  0.02845787 -0.02709931
 -0.03197529 -0.00321585 -0.02112495 -0.0044905 ]",10,
145,10,1,4,0.029297473650734106,,,"[-0.05485909  0.03641339 -0.00337498  0.02516546  0.02981386 -0.03086795
 -0.03314595 -0.00431509 -0.02064845 -0.00518782]",10,
155,10,1,4,0.029323447190614048,,,"[-0.05485036  0.03639675 -0.0036631   0.02436187  0.02986517 -0.03129238
 -0.03266673 -0.00276192 -0.02072176 -0.00635905]",10,
165,10,1,4,0.0291791970617561,,,"[-0.05424534  0.03457775 -0.00310286  0.02204677  0.02691528 -0.02974138
 -0.03066492 -0.00375709 -0.02231423 -0.00749006]",10,
175,10,1,4,0.02912190300332611,,,"[-0.05617676  0.03625926 -0.00249998  0.02332827  0.02563237 -0.02996857
 -0.02988386 -0.00669289 -0.02194649 -0.0065705 ]",10,
185,10,1,4,0.029237434260303417,,,"[-0.05726546  0.03667845 -0.00390513  0.02406276  0.0252215  -0.03041149
 -0.02833713 -0.00925413 -0.02243517 -0.00539434]",10,
195,10,1,4,0.02866483000470339,,,"[-0.056956    0.03685201 -0.00290449  0.02235136  0.02291084 -0.03111367
 -0.02958942 -0.00745874 -0.02126559 -0.0054563 ]",10,
205,10,1,4,0.028645614897869792,,,"[-0.05871987  0.03742956 -0.00371802  0.02269619  0.02265747 -0.02957736
 -0.03105967 -0.00731156 -0.02297458 -0.00405289]",10,
5,10,1,5,0.04668812061445919,,,"[-0.00816542  0.         -0.0155146   0.0060665  -0.01356992 -0.0155146
 -0.0094481  -0.03724994  0.0094481  -0.02301802]",9,
15,10,1,5,0.07140836208311953,,,"[-0.07614144  0.11324713 -0.05485076  0.05482497 -0.05135042  0.03242605
 -0.10599826  0.03432594 -0.02152059 -0.01655319]",10,
25,10,1,5,0.052119681581096984,,,"[-0.07078926  0.08246124 -0.04291485  0.04505731 -0.0282715   0.01603102
 -0.08132548  0.01273521 -0.02209876 -0.02265462]",10,
35,10,1,5,0.03271810990618576,,,"[-0.06285325  0.04671717 -0.01377293  0.04352551  0.00274741 -0.00419536
 -0.05255799 -0.01164631 -0.03243688  0.00605683]",10,
45,10,1,5,0.0306736614301235,,,"[-0.06057079  0.03890059 -0.00948595  0.03348573  0.01323834 -0.01153261
 -0.04824249 -0.01636613 -0.02769763  0.01014649]",10,
55,10,1,5,0.03137971404466782,,,"[-0.0581379   0.0382821  -0.00995747  0.03566829  0.0171388  -0.01207954
 -0.04714729 -0.01572861 -0.03348714  0.01211445]",10,
65,10,1,5,0.029872084456243897,,,"[-0.06004926  0.04429097 -0.00984324  0.03458368  0.01886385 -0.01936206
 -0.05113013 -0.01314792 -0.02924852  0.01319101]",10,
75,10,1,5,0.029341241172739955,,,"[-0.05605078  0.04362518 -0.01220668  0.02829202  0.01639332 -0.02205972
 -0.04483191 -0.0176559  -0.03061431  0.00637769]",10,
85,10,1,5,0.02980749614398917,,,"[-0.05890928  0.0441664  -0.01023782  0.02603312  0.02168053 -0.02061218
 -0.04422716 -0.0165512  -0.029835    0.00332701]",10,
95,10,1,5,0.029820778827422602,,,"[-0.05909068  0.04500828 -0.00772228  0.02735395  0.02505867 -0.02212689
 -0.03965097 -0.01224525 -0.02941201  0.00046359]",10,
105,10,1,5,0.03027701946456034,,,"[-0.05892263  0.04344643 -0.01006444  0.0311672   0.02705814 -0.0221765
 -0.03618288 -0.01273262 -0.02872393 -0.00089162]",10,
115,10,1,5,0.03028129720237189,,,"[-0.06202629  0.0411905  -0.00664563  0.02694675  0.02977158 -0.02289251
 -0.03384161 -0.01240905 -0.02528821 -0.00093983]",10,
125,10,1,5,0.030101621944252203,,,"[-0.06018151  0.03934308 -0.006848    0.02687986  0.02828095 -0.02227668
 -0.03175063 -0.01340431 -0.02379273 -0.00303916]",10,
135,10,1,5,0.03041423994852494,,,"[-0.05994253  0.03800621 -0.0040737   0.0241297   0.03157573 -0.02439494
 -0.03242774 -0.01142294 -0.02263888 -0.0039254 ]",10,
145,10,1,5,0.02982436303266411,,,"[-0.05944425  0.03775706 -0.00597099  0.02555991  0.02990399 -0.0258643
 -0.0317592  -0.00877036 -0.02150325 -0.00193926]",10,
155,10,1,5,0.03004960400624782,,,"[-0.0595653   0.03821891 -0.00623138  0.02469578  0.03069803 -0.02573542
 -0.03142163 -0.00992729 -0.02221693 -0.00257577]",10,
165,10,1,5,0.029525009858681985,,,"[-0.0588936   0.03749778 -0.00698385  0.02362299  0.02784947 -0.02824749
 -0.02877386 -0.00729501 -0.02199576 -0.00389016]",10,
175,10,1,5,0.029111388732945328,,,"[-0.05910167  0.0373171  -0.00602229  0.0223227   0.02636262 -0.02917265
 -0.02971638 -0.0071446  -0.02145939 -0.00193558]",10,
185,10,1,5,0.028881956339100723,,,"[-0.05953131  0.03940521 -0.00601146  0.02021756  0.02468901 -0.02931408
 -0.03028759 -0.00816241 -0.02240077 -0.00348746]",10,
195,10,1,5,0.028742360715236826,,,"[-0.05883012  0.037917   -0.0040752   0.02141347  0.02351556 -0.02942492
 -0.03127967 -0.00817472 -0.02252938 -0.00465293]",10,
205,10,1,5,0.028645614897870927,,,"[-0.05871987  0.03742956 -0.00371802  0.02269619  0.02265747 -0.02957736
 -0.03105967 -0.00731156 -0.02297458 -0.00405289]",10,
