sample_size,n,k,repeat,mae,alphas,coef_path,coefficients,non_zero_coef,num_iter
10,25,1,1,1.3854107645647462,,,"[-0.18568782 -0.22741059 -0.22490446 -0.21752883  0.25296902 -0.06390283
 -0.1030819  -0.16855264 -0.45849346 -0.19449211 -0.01360395  0.26967249
 -0.55529277  0.06640895  0.24694771 -0.03041235  0.29061449 -0.06386525
 -0.02566261 -0.04714945 -0.23685895  0.12509601 -0.22514969  0.12787301
 -0.18568782]",25,
30,25,1,1,2.2083778752559846,,,"[-1.30943295 -0.51122417 -0.44183571 -0.10561315  0.4625097   0.24697336
 -0.32011516 -0.36543647  0.30662082 -0.29589744  0.08838851  0.93836198
 -1.13155216  0.06622503 -0.24550714  0.13445479 -0.2997006  -0.24217718
 -0.16670658 -0.36138452  0.40424943 -0.29883989  0.05606943 -0.30446673
  0.57846927]",25,
50,25,1,1,1.1943636832278366,,,"[-0.40457144 -0.47966875 -0.10807065 -0.1199628   0.0852373   0.12690278
  0.09283288  0.00639724 -0.09855552 -0.37480841  0.05468174  0.04708376
 -0.62675136 -0.13966618  0.155565   -0.15145669 -0.23901964  0.07417857
  0.06745177  0.07483379 -0.19337822 -0.07260132 -0.36222802 -0.03926882
  0.27396431]",25,
70,25,1,1,1.0348539506866712,,,"[-0.25055549 -0.44996458 -0.16911534 -0.27026055  0.00149121  0.12045479
  0.12351801 -0.09965061 -0.16549523 -0.22501535  0.01200858 -0.14504408
 -0.21853591 -0.34385019  0.10552706 -0.04077975 -0.10813851 -0.02943401
 -0.06939891  0.00204054 -0.18364953  0.20699193 -0.11181105 -0.12154813
 -0.0029583 ]",25,
90,25,1,1,1.005445912442749,,,"[-0.27478879 -0.31944791 -0.17154714 -0.2707847   0.1404228   0.02083666
  0.10521595 -0.03234495 -0.10528844 -0.25278479 -0.00162149 -0.00580063
 -0.16668903 -0.30198846  0.07403541 -0.02748079 -0.1707308  -0.0623767
 -0.03950617 -0.08758505 -0.06657941 -0.00176473 -0.09081682 -0.20538987
 -0.05852717]",25,
110,25,1,1,0.9686315677625186,,,"[-0.26680013 -0.27899109 -0.18932885 -0.23651735  0.15986238  0.01433919
  0.06647706 -0.02034086 -0.04332912 -0.22726901 -0.01238572  0.01136247
 -0.12592419 -0.26857774  0.08499876 -0.07315728 -0.14209232 -0.07549688
 -0.03500184 -0.06835071 -0.09018668  0.03355703 -0.08600563 -0.16459699
 -0.05461875]",25,
130,25,1,1,0.9568611891648129,,,"[-0.1992717  -0.30713154 -0.19836978 -0.17702221  0.15062474  0.01557523
  0.09145649  0.05125509 -0.04767756 -0.21732077  0.0132836  -0.0004566
 -0.11888555 -0.23586805  0.05746588 -0.0927156  -0.14212772 -0.00703446
 -0.01751601 -0.06914836 -0.12637786  0.02912951 -0.07814745 -0.13599311
 -0.05148258]",25,
150,25,1,1,0.9330462625655094,,,"[-0.17194662 -0.25018654 -0.21157537 -0.11478748  0.14963777  0.01336008
  0.0690357   0.04759927 -0.03397078 -0.17725618 -0.00916214  0.04782282
 -0.13586766 -0.18842341  0.05956828 -0.07930617 -0.13072164  0.03803564
 -0.03142592 -0.06062178 -0.10303398 -0.00925935 -0.16084371 -0.12412824
 -0.01392394]",25,
170,25,1,1,0.9117066255038037,,,"[-0.19695069 -0.3073496  -0.25122556 -0.10284218  0.08311263  0.05595844
  0.03917309  0.07203489  0.00277283 -0.13056585  0.02791784  0.04351003
 -0.08274145 -0.17694259  0.04028281 -0.09021932 -0.10908951  0.07542287
  0.06467258 -0.06513334 -0.08930352  0.01362089 -0.19539551 -0.10696769
  0.01299331]",25,
190,25,1,1,0.8921631036609097,,,"[-0.20469207 -0.30737024 -0.21705338 -0.09650189  0.05370787  0.04614801
  0.00587729  0.07971137 -0.02403795 -0.12680721  0.00682151  0.02972468
 -0.04911264 -0.16410448  0.00564731 -0.10928148 -0.06420699  0.06213142
  0.04326251 -0.08241365 -0.05419631  0.04610925 -0.19187438 -0.12700529
  0.00514768]",25,
210,25,1,1,0.8610203315894358,,,"[-0.17842616 -0.27343276 -0.20205793 -0.07567206  0.03428604  0.04527956
 -0.0107475   0.06819589 -0.03683213 -0.10837851 -0.02104246  0.04774112
 -0.02128213 -0.15617022  0.00681871 -0.13236214 -0.06142972  0.04270629
  0.05967425 -0.05721458 -0.02086145  0.04487465 -0.15552728 -0.10438575
  0.01349109]",25,
230,25,1,1,0.8707919540157372,,,"[-0.16176036 -0.25717146 -0.19408208 -0.09859031  0.01887516  0.03154227
  0.00461556  0.06017812 -0.06893579 -0.06756367 -0.02315699  0.04439735
 -0.03025224 -0.12564017  0.02517393 -0.14804254 -0.03113108  0.00079566
  0.08270072 -0.07239636 -0.05686442  0.03868858 -0.12124705 -0.11313793
  0.03299849]",25,
250,25,1,1,0.8484564470071996,,,"[-0.14214874 -0.25290097 -0.18484942 -0.11976088  0.05096348  0.01283426
  0.00267508  0.05127513 -0.09431182 -0.08757688 -0.0161109   0.012856
 -0.01910375 -0.12698033  0.03679657 -0.11894903 -0.00047745 -0.0007643
  0.06165967 -0.07337003 -0.03216252  0.01844578 -0.08983007 -0.1083193
  0.01963168]",25,
270,25,1,1,0.8425031338898191,,,"[-0.14844424 -0.23951762 -0.19010488 -0.12321289  0.05080827  0.02391811
  0.00382708  0.03154873 -0.09437712 -0.07064321  0.01379943 -0.01137495
  0.00537058 -0.11596821  0.04696472 -0.07824285  0.01177708 -0.00984644
  0.04569145 -0.052865   -0.04657421  0.02229558 -0.0489513  -0.13529191
  0.02272687]",25,
290,25,1,1,0.8371878728602116,,,"[-0.15779573 -0.22720048 -0.17748271 -0.10926382  0.07059817 -0.00764667
 -0.023491    0.0381178  -0.0794644  -0.08222855  0.00412218  0.01783828
 -0.0170452  -0.10823769  0.04537753 -0.08071642  0.00661321  0.0036
  0.02101549 -0.0613974  -0.02065827  0.00207909 -0.05880451 -0.13104423
  0.01515194]",25,
310,25,1,1,0.8254472649565986,,,"[-1.44360080e-01 -2.11254012e-01 -1.75787424e-01 -9.93663034e-02
  7.18179819e-02  1.76480786e-04 -2.37047707e-02  5.10857686e-02
 -7.45800447e-02 -5.87799130e-02 -1.21578544e-02  3.06559896e-02
 -3.70499709e-03 -8.61581682e-02  1.32076744e-02 -5.28791620e-02
  8.54819763e-03  1.47961706e-02  2.93529905e-02 -5.90698891e-02
 -8.77517116e-03 -1.84607995e-02 -6.14188458e-02 -1.30290934e-01
  1.58963451e-02]",25,
330,25,1,1,0.8085223813107336,,,"[-0.11571187 -0.19053738 -0.14927793 -0.09621718  0.0526696   0.00585273
 -0.02181684  0.05630804 -0.0498227  -0.06637235 -0.0217887   0.04512179
 -0.02567303 -0.08210147  0.00744131 -0.05647457  0.00726889  0.00034183
  0.02915689 -0.05074996  0.00113467  0.00737037 -0.05354335 -0.09609868
  0.01843476]",25,
350,25,1,1,0.8083653411488052,,,"[-0.10514773 -0.18382828 -0.1553396  -0.0930127   0.0330971  -0.00734727
 -0.03035878  0.05093998 -0.03955853 -0.06035552 -0.01844114  0.0504425
 -0.04152063 -0.0785543   0.01029714 -0.06418391 -0.00283659 -0.00409768
  0.03144626 -0.0390705  -0.01307379 -0.00515312 -0.03475727 -0.07373452
  0.01906056]",25,
370,25,1,1,0.8090824369751658,,,"[-0.1213589  -0.19454709 -0.16134473 -0.10100633  0.04863555 -0.01045088
 -0.01830432  0.03068488 -0.03108368 -0.07428339  0.0021583   0.04036135
 -0.02381357 -0.10189129 -0.00160086 -0.07670351 -0.02111234  0.00831571
  0.03543647 -0.04372996 -0.01325011 -0.00116661 -0.01585609 -0.05572401
  0.00642976]",25,
390,25,1,1,0.809778530188326,,,"[-0.12444417 -0.19312533 -0.16221301 -0.10203822  0.05036618  0.00965381
 -0.01608162  0.02867649 -0.0371351  -0.07666291  0.00452654  0.04254692
 -0.02093703 -0.10562075 -0.00890337 -0.07394599 -0.01503781  0.00437744
  0.03839694 -0.05157273 -0.01400826 -0.00588565 -0.02968538 -0.04112063
  0.00623023]",25,
410,25,1,1,0.817782569995478,,,"[-0.12228373 -0.19413597 -0.16029484 -0.12429302  0.04376336  0.00025161
 -0.02569063  0.03635114 -0.02119278 -0.07292523  0.00222433  0.06052018
 -0.0161109  -0.08613449 -0.00256808 -0.08134519 -0.005005   -0.00498442
  0.02815496 -0.06013282 -0.01597283 -0.02258521 -0.04705158 -0.04549755
 -0.00029991]",25,
10,25,1,2,0.789605823033973,,,"[ 0.10377811 -0.02564385 -0.03082006 -0.01371032  0.04015124  0.01893576
  0.04712027 -0.0607535  -0.04730412 -0.03129095  0.04004449  0.02455262
 -0.02750546 -0.00773052 -0.01394577  0.0590271  -0.00247305 -0.07137221
 -0.09142292 -0.00921435 -0.03994248 -0.04281585 -0.0590271   0.02185835
  0.0869738 ]",25,
30,25,1,2,1.7525657431614434,,,"[-0.32474373  0.30397491 -0.08239981 -0.04673892 -0.30428886 -0.51949741
  0.08712377  0.32167023  0.24432012  0.24291132  0.41964568  0.36269251
  0.0924724   0.00906431 -0.42254372 -0.03673179  0.39368988 -0.14519746
 -0.2246654  -0.88552397 -0.31434632 -0.51681639 -0.89965165 -0.44063827
  0.2173809 ]",25,
50,25,1,2,1.1320254378211354,,,"[-0.06227436 -0.24247365 -0.39780957 -0.29993629 -0.18864742  0.03656496
  0.31420396  0.25018717  0.03298412 -0.05156245  0.20844143  0.18921127
 -0.15746796 -0.2756665  -0.16871674 -0.10705879  0.22226155  0.01377135
  0.0943818  -0.09453621  0.14702579 -0.11789883 -0.19809348 -0.28793879
  0.10509312]",25,
70,25,1,2,1.001302101329599,,,"[-0.08038638 -0.2672151  -0.41327722 -0.14873992 -0.16150644 -0.0583524
  0.13802095  0.15134884 -0.0137578   0.05565023  0.16096573  0.14698444
 -0.22626694 -0.16573924  0.00095645  0.04189732  0.21583821  0.02389285
  0.07300608 -0.13222862 -0.03344201 -0.04881271 -0.10806127 -0.23795608
  0.05288817]",25,
90,25,1,2,1.019238271022183,,,"[-0.17153143 -0.26583719 -0.39324449 -0.05484835 -0.16477914  0.00154901
  0.18389381  0.10941739  0.05435006  0.02741278  0.18769575  0.16167383
 -0.23072397 -0.16571229 -0.12004751 -0.12949152  0.29449796 -0.07442608
  0.0120566  -0.18487156 -0.00073485 -0.02931561 -0.11080226 -0.15790139
  0.03001588]",25,
110,25,1,2,0.9551991952834357,,,"[-0.10886036 -0.2807087  -0.33248596 -0.16132067 -0.01245159 -0.02189357
  0.17164357  0.01067758  0.07146227 -0.0054679   0.16834286  0.02824547
 -0.13298824 -0.11937579 -0.15843135 -0.12676811  0.16303849 -0.08455336
  0.03761474 -0.17129736 -0.03137666 -0.00408967 -0.07813152 -0.10889677
  0.01061291]",25,
130,25,1,2,0.9216666980219543,,,"[-0.14124381 -0.25206348 -0.29685874 -0.18573778 -0.00570925 -0.05166454
  0.11752554  0.04305519  0.02387027 -0.01344914  0.10857485  0.01394619
 -0.06168581 -0.12714971 -0.14298443 -0.02187023  0.14055607 -0.03462062
  0.01580124 -0.12493562 -0.04392946 -0.05839395 -0.02343863 -0.08738651
 -0.02036749]",25,
150,25,1,2,0.9135677903076749,,,"[-0.13018638 -0.23962571 -0.33239902 -0.15854432 -0.00594357 -0.06549086
  0.05205528 -0.00500285  0.00564444 -0.0214505   0.09270095  0.07142058
 -0.02405353 -0.0889469  -0.128962    0.03358071  0.11181715 -0.02104609
  0.00186994 -0.07911207 -0.03236394 -0.07297983 -0.01290526 -0.12480524
 -0.00618908]",25,
170,25,1,2,0.8806109102826997,,,"[-0.1199828  -0.25626415 -0.31764569 -0.18604835 -0.01808196 -0.01648366
  0.04143218 -0.02236703 -0.03439637 -0.01407404  0.08730384  0.06634909
  0.01060271 -0.09748339 -0.08330529  0.00062541  0.14241084 -0.02314556
  0.03305763 -0.07626527 -0.02784641 -0.04954216 -0.04849835 -0.06974371
  0.02662828]",25,
190,25,1,2,0.8674508499780251,,,"[-0.13614111 -0.26489337 -0.29803351 -0.15951189  0.01145263  0.01093488
  0.02358556 -0.05413556 -0.02157169 -0.02077215  0.08269811  0.06708168
  0.03551803 -0.09481904 -0.08803621  0.00954282  0.14195199 -0.00979567
  0.05308225 -0.0889082  -0.01971924 -0.0419689  -0.04787657 -0.05818536
  0.03127533]",25,
210,25,1,2,0.8614451441219881,,,"[-0.13449298 -0.24524869 -0.2852812  -0.15920215  0.04290824  0.03525127
  0.01967107 -0.0472612  -0.01213035 -0.02013206  0.07096354  0.03855422
  0.07558206 -0.10998637 -0.09002279  0.02710077  0.13219979 -0.03655406
  0.05427206 -0.07456693 -0.00116004 -0.02740951 -0.03247932 -0.08894073
 -0.00339576]",25,
230,25,1,2,0.843736812229485,,,"[-0.12660735 -0.25100189 -0.25072763 -0.17960749  0.05114142  0.00350995
 -0.0213203  -0.00780564  0.00473081 -0.05100811  0.025284   -0.00749922
  0.08553603 -0.08284405 -0.08566732  0.03749704  0.08780511 -0.00641549
  0.05906637 -0.05730256 -0.00413511 -0.0128101  -0.05444891 -0.07788776
  0.01641285]",25,
250,25,1,2,0.83207212085278,,,"[-1.35876270e-01 -2.35368329e-01 -2.28313864e-01 -1.50575407e-01
  5.73432069e-02 -2.70876241e-02 -1.31094549e-02  7.72176135e-05
  3.77900678e-03 -4.06146934e-02  1.21520662e-02 -4.65807405e-03
  7.14937265e-02 -8.51508232e-02 -6.16085214e-02  1.19199132e-02
  7.20210005e-02  9.59351302e-03  7.45025548e-02 -6.62173083e-02
  1.12989381e-02 -1.07048181e-02 -5.53934079e-02 -8.14555255e-02
  2.04038616e-02]",25,
270,25,1,2,0.83226503118214,,,"[-0.12203009 -0.21737651 -0.21633488 -0.15670018  0.03779695 -0.01878789
 -0.02733206  0.01754192  0.01131712 -0.03015942 -0.00490792  0.01617409
  0.05415662 -0.08655296 -0.06042485  0.0045577   0.06414762 -0.02638352
  0.06522297 -0.06908677  0.01312204 -0.01420645 -0.06766349 -0.08261417
  0.02155146]",25,
290,25,1,2,0.8337518952220211,,,"[-0.12140988 -0.2297726  -0.22398272 -0.14240089  0.05735799 -0.01713503
  0.00382793  0.00125001 -0.00404532 -0.05302056 -0.01430929  0.03619646
  0.01790937 -0.06799904 -0.03149433 -0.01240531  0.0286413  -0.03499169
  0.06849657 -0.07601534  0.01827699 -0.01295246 -0.0689605  -0.05808121
  0.00437102]",25,
310,25,1,2,0.8286939586327355,,,"[-0.09826899 -0.22539373 -0.21742624 -0.14161093  0.05047472 -0.00492341
  0.01062397  0.02584744 -0.00480425 -0.04765965 -0.01829334  0.04555595
  0.01046947 -0.05886754 -0.03558258 -0.02020654  0.02521113 -0.03748331
  0.05447461 -0.07748768  0.0142249  -0.00959601 -0.06514173 -0.0630084
 -0.00388981]",25,
330,25,1,2,0.8250453967407634,,,"[-0.10607765 -0.21607961 -0.20051693 -0.14746507  0.03847172 -0.00608601
  0.01041309  0.0232706  -0.00161531 -0.05554645 -0.02669432  0.05316576
 -0.00947418 -0.08055114 -0.02055027 -0.05079684  0.00686213 -0.03948241
  0.04438551 -0.05644025  0.01003247 -0.01839106 -0.05029652 -0.03688904
  0.00278922]",25,
350,25,1,2,0.8258499987869612,,,"[-0.10348656 -0.20860497 -0.17941851 -0.15704545  0.03673226 -0.00954667
  0.00377911  0.01857734  0.01347796 -0.04551526 -0.02734813  0.06200486
 -0.01804467 -0.07580195 -0.02546571 -0.0592172  -0.00793996 -0.03319723
  0.0534726  -0.06318228  0.00064807 -0.03381705 -0.03746357 -0.03260472
  0.00509051]",25,
370,25,1,2,0.8213029898750244,,,"[-0.10966541 -0.21272623 -0.17661119 -0.14776452  0.03656425 -0.00182101
 -0.0062037   0.02415107  0.00342522 -0.05097782 -0.01304274  0.06374063
 -0.00882634 -0.06102979 -0.02411695 -0.06713601  0.00227107 -0.02680941
  0.04366474 -0.05917432 -0.01207675 -0.02220453 -0.05438425 -0.03108133
  0.0157623 ]",25,
390,25,1,2,0.8205331544104052,,,"[-0.115006   -0.20624673 -0.17762217 -0.13370129  0.03240339 -0.00193813
 -0.0048047   0.0311685  -0.01062069 -0.0677245   0.00442951  0.0473722
 -0.00271624 -0.06546493 -0.02145565 -0.0785665   0.00552866 -0.02392387
  0.04231813 -0.06155036 -0.01624223 -0.02046169 -0.06149687 -0.0401698
  0.00126014]",25,
410,25,1,2,0.8177825699954775,,,"[-0.12228373 -0.19413597 -0.16029484 -0.12429302  0.04376336  0.00025161
 -0.02569063  0.03635114 -0.02119278 -0.07292523  0.00222433  0.06052018
 -0.0161109  -0.08613449 -0.00256808 -0.08134519 -0.005005   -0.00498442
  0.02815496 -0.06013282 -0.01597283 -0.02258521 -0.04705158 -0.04549755
 -0.00029991]",25,
10,25,1,3,0.8037442712174101,,,"[ 0.01928856  0.00850225  0.02611943  0.08113276  0.02853818 -0.04359407
 -0.00338966  0.10321125 -0.05686875 -0.0375802   0.01339301 -0.02803254
 -0.05240743 -0.00898718 -0.07225647 -0.00274843  0.07685009 -0.18062639
  0.18410228  0.13536094  0.14246822  0.02307297  0.03521603  0.11966121
  0.06500155]",25,
30,25,1,3,4.059295271497226,,,"[-1.54501843 -1.06469175 -0.39725211  0.29814721  1.53744234  0.08673888
 -1.88858764  0.15291831 -0.28900554  0.21784902  0.99527763 -0.55220427
  2.48165804 -0.96050496 -0.59673314 -1.64421878 -0.51317002 -0.71206086
  0.60895919 -0.1660728   0.45141317 -0.67935126 -1.04382423 -0.90633533
 -0.22457611]",25,
50,25,1,3,1.1801037158479806,,,"[-1.14326180e-01 -4.24116345e-01 -2.79758021e-01 -1.92252920e-01
  6.32649307e-02 -7.48883743e-02 -2.03910405e-01 -2.10204407e-01
 -3.49237695e-01 -1.22617824e-01  2.96678326e-01 -6.13491021e-02
  4.92001125e-01 -1.67326449e-01 -3.10138833e-01 -2.81275138e-01
 -9.81514373e-02  1.47266045e-02  3.69212287e-02 -4.91387427e-04
 -5.01093350e-02  2.36071475e-01 -2.00435139e-01  7.28431843e-02
  1.31545782e-01]",25,
70,25,1,3,1.048894037583683,,,"[-0.19407006 -0.16077634 -0.14808143 -0.11946602  0.13394582 -0.22634552
 -0.11335842  0.00520021 -0.36654319 -0.04217794  0.19107995 -0.17088314
  0.31776074 -0.1689393  -0.07124699 -0.42263352  0.0159758  -0.03183758
 -0.27380271  0.00078322  0.11422683  0.23248573 -0.07642696  0.19850889
  0.30290845]",25,
90,25,1,3,0.9446478696268354,,,"[-0.18438899 -0.26107246 -0.14494278 -0.18310095  0.05268643 -0.07400813
 -0.00282596  0.08720612  0.01035477  0.0309868   0.13314091 -0.06610241
  0.13033685 -0.28233584 -0.06836069 -0.17344321  0.01109777 -0.07945075
 -0.06087665  0.06766272 -0.05401456 -0.074314    0.07860407  0.25840381
  0.33596766]",25,
110,25,1,3,0.8933612705298298,,,"[-0.18816778 -0.23260885 -0.13525813 -0.12300318  0.08798759 -0.05950574
  0.0045575   0.14267849  0.00934149  0.04174039  0.11053055 -0.07981884
  0.14161017 -0.26664569 -0.03069867 -0.2000363  -0.02047619 -0.06833309
 -0.08213509  0.07775119 -0.03675476 -0.00675273  0.01580778  0.18924926
  0.23659691]",25,
130,25,1,3,0.8938845240580536,,,"[-0.21753684 -0.24176799 -0.13946028 -0.14071635  0.03428526 -0.02015212
 -0.02404914  0.13296346  0.05834898 -0.08832289  0.14756438  0.0122173
  0.15436149 -0.21399742 -0.04903663 -0.19334231  0.08321709 -0.05227965
 -0.02211386  0.00941009 -0.02840052  0.0087735  -0.02923003  0.16082812
  0.13363011]",25,
150,25,1,3,0.8923610313079291,,,"[-0.25780397 -0.2254338  -0.12693594 -0.12532098  0.05036655 -0.03817915
 -0.01172472  0.16602422  0.08251461 -0.05439008  0.13813345  0.06937959
  0.0911188  -0.13815375 -0.08302277 -0.18284495  0.06827319 -0.08172887
  0.04157345  0.02617699 -0.01096824  0.00278703 -0.03586869  0.11868117
  0.04853393]",25,
170,25,1,3,0.8777244493840505,,,"[-0.21548168 -0.24570989 -0.11104657 -0.14516386  0.03893196 -0.02465028
  0.01939719  0.1139748   0.06956571 -0.02689162  0.09962655  0.09253263
  0.04932619 -0.1247786  -0.0673378  -0.18564328  0.08536844 -0.07087145
  0.01513727 -0.01598192 -0.01385375 -0.0110217  -0.02546392  0.05299565
  0.04133275]",25,
190,25,1,3,0.8843524501982358,,,"[-0.18321944 -0.26468725 -0.12568862 -0.16532798  0.04170549  0.00776614
  0.01323379  0.09924625  0.08035423 -0.03655691  0.11987972  0.10042263
  0.05722977 -0.1442416  -0.07846051 -0.14189747  0.04380134 -0.089443
  0.01804297 -0.03932253 -0.01811195 -0.01354046 -0.00223555  0.04002286
  0.00965951]",25,
210,25,1,3,0.8657705868184848,,,"[-0.15375064 -0.25651    -0.13437694 -0.1658621   0.02712386  0.01894347
  0.01566326  0.0871117   0.06503159 -0.01787189  0.08385563  0.08783774
  0.03820616 -0.13366484 -0.08583988 -0.11791344  0.03386971 -0.09442021
  0.00925299 -0.02522037 -0.04616561 -0.01460431 -0.01686764  0.02228096
 -0.01750597]",25,
230,25,1,3,0.8496824910140544,,,"[-0.16649469 -0.24481694 -0.11524167 -0.13561019  0.03319357  0.0037851
  0.0031574   0.08076997  0.05675699 -0.0205464   0.05959972  0.08953722
  0.01082356 -0.13851223 -0.06512363 -0.09149614  0.04047743 -0.06214415
  0.00730209 -0.04293503 -0.04650142 -0.03419914 -0.01840919  0.00477449
 -0.03697503]",25,
250,25,1,3,0.8402065340107743,,,"[-0.14391887 -0.22982177 -0.11984712 -0.12514633  0.06684648 -0.00456623
  0.01481001  0.0550848   0.03733507 -0.03910314  0.05121574  0.08594976
  0.03035303 -0.14429753 -0.06135688 -0.08393596  0.03993325 -0.05831186
  0.00875409 -0.05064572 -0.04675773 -0.02582207 -0.03653746  0.00788035
 -0.03703263]",25,
270,25,1,3,0.8508311914429083,,,"[-0.14197664 -0.23569782 -0.14491298 -0.13846832  0.05082469 -0.02895255
  0.03932863  0.05232345  0.02937016 -0.04527721  0.04732648  0.09539066
 -0.00079631 -0.11994214 -0.0415543  -0.10289851  0.01976279 -0.05335281
  0.01117203 -0.06889829 -0.06261294  0.00583252 -0.05610986  0.0115174
 -0.04521071]",25,
290,25,1,3,0.8467121745469904,,,"[-0.15584518 -0.236947   -0.16553813 -0.13561418  0.05554157 -0.01949817
  0.00643368  0.03001084  0.00996652 -0.04195504  0.05965177  0.08171982
 -0.01987122 -0.14420812 -0.03581039 -0.09255285  0.02336969 -0.0336112
 -0.00210907 -0.05879348 -0.0568003  -0.01711444 -0.05051421 -0.00962418
 -0.03484643]",25,
310,25,1,3,0.8447856851237612,,,"[-0.15142146 -0.21733494 -0.13899841 -0.14146437  0.05974122 -0.02985851
  0.01357371  0.04539493  0.00180442 -0.06701425  0.06216275  0.08605104
 -0.03337579 -0.12589707 -0.02340262 -0.08592162  0.03497473 -0.02291755
 -0.00118693 -0.07768202 -0.0391589  -0.02194974 -0.04867102 -0.00906347
 -0.02170536]",25,
330,25,1,3,0.8423065104160685,,,"[-0.13883382 -0.2039527  -0.13732046 -0.13545726  0.05762364 -0.03219566
 -0.00368467  0.04633713  0.01068452 -0.08085429  0.06075233  0.07755224
 -0.04473599 -0.12345426 -0.0098521  -0.08499558  0.01466738 -0.01678918
  0.01459492 -0.08732082 -0.02724413 -0.02060026 -0.04072243 -0.0363055
 -0.03207476]",25,
350,25,1,3,0.8265885782065345,,,"[-0.12597091 -0.20340475 -0.13507398 -0.12608956  0.05176141 -0.0224554
 -0.00269266  0.05284853  0.0173862  -0.08619931  0.02892738  0.06789763
 -0.01958415 -0.10675388 -0.01037764 -0.09107251  0.00640198 -0.02453919
  0.02061266 -0.07046146 -0.02057706 -0.0190414  -0.04580546 -0.02493965
 -0.01481179]",25,
370,25,1,3,0.8165558396391868,,,"[-0.1199604  -0.18739822 -0.14662824 -0.1235006   0.04716897 -0.02295008
 -0.01712083  0.03729404  0.00324438 -0.0913338   0.01017245  0.07330383
 -0.02098064 -0.09952292  0.00339861 -0.07190467 -0.01059634 -0.00327742
  0.02634535 -0.05361438 -0.02057295 -0.02131393 -0.04269469 -0.0325338
 -0.00064161]",25,
390,25,1,3,0.8162710092045069,,,"[-0.11882027 -0.18382219 -0.14684402 -0.12273461  0.05228464 -0.02017656
 -0.01653544  0.03004254 -0.00661055 -0.08890948  0.00196764  0.0773198
 -0.02108493 -0.0981606  -0.00289301 -0.0674642  -0.00907184 -0.00713279
  0.03546126 -0.05446047 -0.01181959 -0.03088531 -0.0408848  -0.04111522
 -0.00543543]",25,
410,25,1,3,0.8177825699954769,,,"[-0.12228373 -0.19413597 -0.16029484 -0.12429302  0.04376336  0.00025161
 -0.02569063  0.03635114 -0.02119278 -0.07292523  0.00222433  0.06052018
 -0.0161109  -0.08613449 -0.00256808 -0.08134519 -0.005005   -0.00498442
  0.02815496 -0.06013282 -0.01597283 -0.02258521 -0.04705158 -0.04549755
 -0.00029991]",25,
10,25,1,4,1.1218780710883083,,,"[-0.01272247 -0.11114291 -0.32391688 -0.02230469 -0.08207982  0.00985534
  0.32750796  0.0415083   0.19486734 -0.03709505 -0.23844828  0.2860632
 -0.30921359 -0.06806083 -0.02549554  0.02403637 -0.17431931 -0.12071264
  0.11537739  0.14508583 -0.1627198  -0.26874892  0.03253955  0.16473709
  0.2094998 ]",25,
30,25,1,4,3.5705476695327234,,,"[-0.07700214 -1.19589444  0.54545591 -0.22164453 -0.19237929 -1.54990113
  0.50293546 -2.21003807  0.60394404 -0.63406901  0.18393785 -0.31817323
  0.12968912  0.24508812  1.09983241 -1.15410081 -0.78141305 -0.22072233
  0.96936992 -0.25685556  0.34514897 -0.50616232  0.45394591  0.738409
  0.69018531]",25,
50,25,1,4,1.028470437105765,,,"[-0.41702877 -0.33233485 -0.31343246  0.07789234  0.18741474 -0.03849727
 -0.03695771 -0.11441283 -0.07593392  0.06731621  0.06458467  0.04509902
 -0.17380464 -0.08915485  0.30193413 -0.01176114 -0.06978709  0.17079878
 -0.08831488 -0.03469244  0.11955157 -0.21936066  0.10568306  0.03930176
  0.36266695]",25,
70,25,1,4,0.9973603941737491,,,"[-0.3666954  -0.29973333 -0.286921   -0.06278969  0.27478245  0.00942771
  0.02874794 -0.0109949   0.05717004  0.04831119 -0.01056435  0.02615127
 -0.21767505 -0.17265125  0.14557654  0.00322791  0.0092979   0.11499612
 -0.14021118 -0.03794685 -0.06977046 -0.15662039  0.00412371 -0.13974278
  0.16773232]",25,
90,25,1,4,0.9778331273746352,,,"[-0.26648744 -0.28249591 -0.26796549 -0.06655602  0.18050796 -0.01734178
  0.09851309 -0.07865017  0.10545852  0.01344451  0.04822748  0.12166311
 -0.32500757 -0.16621131  0.12005088 -0.01906734  0.00484346  0.05765453
 -0.05980384 -0.063567   -0.03450344 -0.11895218 -0.01177445 -0.13496441
  0.11879624]",25,
110,25,1,4,0.9607883800163023,,,"[-0.16479364 -0.2256164  -0.23259855 -0.18040074  0.17037083 -0.02784993
  0.0837736  -0.0625913   0.1187476  -0.02806572  0.08457678  0.12963782
 -0.26806549 -0.1309444   0.05780615 -0.11381491  0.0355827   0.02251427
 -0.08770333 -0.0556831  -0.07448496 -0.07541758  0.01685525 -0.1701111
  0.0490854 ]",25,
130,25,1,4,0.9257487982035292,,,"[-0.12455597 -0.14700623 -0.15588407 -0.15309184  0.15054435 -0.0872944
  0.01868832 -0.06937304  0.18257574 -0.03841635  0.06577311  0.1981454
 -0.19054554 -0.13933789  0.04396582 -0.0928554   0.07406255  0.03823126
 -0.0420583  -0.0916999  -0.05555379 -0.08304067  0.02806566 -0.13541057
  0.03974659]",25,
150,25,1,4,0.9138546245305912,,,"[-0.11509483 -0.19305279 -0.16533005 -0.11328043  0.12786915 -0.04187566
 -0.01426808 -0.06349313  0.15607171 -0.02836819  0.07847785  0.18372917
 -0.17889487 -0.12516143  0.07512254 -0.12247008  0.10165211  0.05247472
 -0.05269358 -0.08859845 -0.04153693 -0.07368489  0.03701168 -0.14447936
  0.01285494]",25,
170,25,1,4,0.9323731689863564,,,"[-0.16395393 -0.18445292 -0.18172519 -0.14419352  0.16204433 -0.11789834
 -0.04839495 -0.08334103  0.18450748 -0.02299522  0.125502    0.13419192
 -0.12939018 -0.10368485  0.09249792 -0.12746779  0.09343226  0.11140229
 -0.08593632 -0.06785231 -0.09808327 -0.07631248  0.07555772 -0.1121719
 -0.01441706]",25,
190,25,1,4,0.90417411342768,,,"[-0.12638797 -0.15979911 -0.14704114 -0.13571464  0.13022756 -0.0924253
 -0.02729937 -0.05750709  0.19283514 -0.01372653  0.11008098  0.14074901
 -0.12589226 -0.10555582  0.08008294 -0.12902807  0.05713605  0.06582786
 -0.09708869 -0.06244904 -0.05702357 -0.08781418  0.07172314 -0.12559001
 -0.0006645 ]",25,
210,25,1,4,0.8731532890142342,,,"[-0.1086165  -0.14024785 -0.12357451 -0.13738802  0.10832219 -0.06253674
 -0.03211783 -0.03226762  0.14017022 -0.04289619  0.10233442  0.12815156
 -0.07182925 -0.1090759   0.08482542 -0.14327195  0.07004252  0.03889449
 -0.05069198 -0.07768633 -0.06769507 -0.04556424  0.08549901 -0.1163075
  0.0170354 ]",25,
230,25,1,4,0.8565325092041928,,,"[-0.11757164 -0.13435481 -0.09565117 -0.15835017  0.07969097 -0.04283114
 -0.01981882  0.01115572  0.10905715 -0.0766546   0.13961287  0.09881534
 -0.03026631 -0.10479169  0.10572362 -0.15135497  0.04779456  0.03755915
 -0.0192412  -0.08307982 -0.04549357 -0.03748295  0.07183679 -0.08658915
 -0.01547904]",25,
250,25,1,4,0.8696578703308608,,,"[-0.12949187 -0.18117941 -0.12875485 -0.18816306  0.06932359 -0.05884142
 -0.02808323  0.02549955  0.09221435 -0.10792199  0.11239049  0.0946761
 -0.0402661  -0.0509837   0.06938609 -0.14744234  0.01377727  0.04567111
 -0.02913699 -0.07577857 -0.07851133 -0.03570757  0.01838443 -0.03094672
 -0.01573016]",25,
270,25,1,4,0.858676420533696,,,"[-0.13079022 -0.18892148 -0.1497901  -0.18371403  0.08153502 -0.05753665
 -0.04091203  0.01023122  0.05442953 -0.0696654   0.06406471  0.09098747
 -0.06259204 -0.05014071  0.03841008 -0.13078573  0.01516584  0.0250382
 -0.01801793 -0.09286495 -0.0513754  -0.01564347 -0.02268817 -0.0476483
  0.01005555]",25,
290,25,1,4,0.8534298451715177,,,"[-0.14159962 -0.19914732 -0.15231817 -0.17025468  0.07237581 -0.03186578
 -0.00858439  0.00374001  0.02362693 -0.0589504   0.04105398  0.08108903
 -0.0623081  -0.06155321  0.07118654 -0.09676444  0.01202969  0.0108758
 -0.01791844 -0.09894221 -0.05535601 -0.04231053 -0.02617269 -0.04738122
  0.00858555]",25,
310,25,1,4,0.8407835362627872,,,"[-0.14446041 -0.22090177 -0.16704198 -0.15399064  0.04672325 -0.01951779
 -0.03228849 -0.00492451 -0.00613331 -0.05909556  0.02617115  0.06557619
 -0.03781541 -0.06520787  0.07776591 -0.09786944  0.01710716  0.01893971
 -0.00469769 -0.11233765 -0.03374764 -0.02908138 -0.03614159 -0.02922584
  0.02167447]",25,
330,25,1,4,0.8304578837684892,,,"[-0.13318231 -0.21312851 -0.16874745 -0.14712762  0.05058486 -0.01458622
 -0.03327432  0.00241883 -0.01024821 -0.06070342  0.02088138  0.05852174
 -0.0364071  -0.05688882  0.05955222 -0.0970782   0.00583779  0.01702635
 -0.00848297 -0.09942736 -0.0284767  -0.0355041  -0.03067312 -0.03915725
  0.01638566]",25,
350,25,1,4,0.8219063884948787,,,"[-0.144241   -0.21679741 -0.16252028 -0.13910088  0.04146568 -0.00850257
 -0.01552566  0.00874917 -0.02805594 -0.05598808  0.00109902  0.04070561
 -0.04041478 -0.07002536  0.044721   -0.09920736  0.01776972  0.01101236
  0.01562943 -0.08009257 -0.02497646 -0.02778609 -0.03099108 -0.03818411
  0.00778472]",25,
370,25,1,4,0.8244325208329627,,,"[-1.31601778e-01 -2.11503992e-01 -1.64615732e-01 -1.44509404e-01
  4.08345365e-02 -5.06655904e-03 -2.15118604e-02  1.36979508e-02
 -2.78884168e-02 -6.60562201e-02  6.77434432e-05  3.21696124e-02
 -2.41550250e-02 -6.72069394e-02  2.53693700e-02 -8.92252398e-02
  1.47631708e-02 -8.42257386e-03  2.33838357e-02 -7.97857463e-02
 -4.13426107e-02 -1.98190259e-02 -3.91269395e-02 -4.44177046e-02
  4.31253998e-03]",25,
390,25,1,4,0.8203765814980943,,,"[-0.12738125 -0.20494448 -0.15953802 -0.14549553  0.04189791 -0.00197039
 -0.0199208   0.01551959 -0.01861891 -0.07214117  0.01210986  0.04005808
 -0.0336047  -0.07376521  0.00883334 -0.08737208  0.01077104 -0.00357978
  0.02725888 -0.08024229 -0.0328525  -0.02581591 -0.04150914 -0.04525958
  0.00497977]",25,
410,25,1,4,0.8177825699954775,,,"[-0.12228373 -0.19413597 -0.16029484 -0.12429302  0.04376336  0.00025161
 -0.02569063  0.03635114 -0.02119278 -0.07292523  0.00222433  0.06052018
 -0.0161109  -0.08613449 -0.00256808 -0.08134519 -0.005005   -0.00498442
  0.02815496 -0.06013282 -0.01597283 -0.02258521 -0.04705158 -0.04549755
 -0.00029991]",25,
10,25,1,5,0.9184742860779096,,,"[ 0.15232674  0.06165519 -0.08424942  0.03155924 -0.10197961  0.01543325
 -0.11337896  0.03039767 -0.15910376 -0.08653055  0.04058028  0.07263665
 -0.0228218  -0.091797    0.11167757 -0.12305452 -0.0674658  -0.07485434
 -0.07784265 -0.35203056 -0.15345219  0.02346162  0.14990293 -0.08424942
 -0.00279407]",25,
30,25,1,5,2.868569132896976,,,"[ 0.97894772  0.89923135 -1.57413966 -0.56459407 -0.00841501  1.12931472
  0.18088258 -0.30776621  0.26866678 -0.06741878  0.57627614  0.16295307
  0.27444003 -0.56440474 -0.03308911 -0.15730803  0.23712741 -0.54718252
  0.45104037  0.13289747 -0.12158865 -0.36478146 -0.2678745  -0.08438116
 -0.59713034]",25,
50,25,1,5,1.1946950440842847,,,"[ 0.41570108 -0.0330298  -0.57010689 -0.41967444 -0.16056703  0.08248315
  0.10289515  0.0923724   0.03993877 -0.02886415 -0.02591765 -0.03522227
  0.08766157 -0.17329485 -0.0277659   0.05282017  0.08815737 -0.18949786
  0.05606472 -0.2550937  -0.14430301 -0.13508654 -0.03562033 -0.07563679
 -0.09580611]",25,
70,25,1,5,0.9829832786135517,,,"[ 0.23315259 -0.21220972 -0.39480711 -0.33672682 -0.0487949   0.0404548
  0.18209545  0.11521934  0.12549679 -0.02152228 -0.07154177 -0.11571681
  0.06362861 -0.0377414  -0.13014581  0.15062934  0.03304334 -0.0715137
  0.05073062 -0.12832064 -0.08216393 -0.00728365  0.04143658  0.02280737
  0.10858572]",25,
90,25,1,5,0.8950755092730128,,,"[ 0.03738475 -0.30069207 -0.38299613 -0.28811911 -0.07377359  0.07085013
  0.01840015  0.01950368 -0.00104527 -0.11979407  0.03928028 -0.0536155
 -0.05912344 -0.05080405 -0.06335783  0.0415836   0.08133361 -0.01520921
  0.0322542  -0.06929095 -0.07491221 -0.04436582  0.04114298 -0.02125561
  0.03233954]",25,
110,25,1,5,0.8919302134088213,,,"[ 0.04357247 -0.29388951 -0.38525945 -0.28009873 -0.02362321  0.04164498
 -0.00933635 -0.02228483 -0.0228949  -0.12335528 -0.02912946 -0.02119626
 -0.07933805 -0.06138365 -0.08006983  0.06382304  0.03686645 -0.00855273
  0.04638729 -0.05136945 -0.00786512 -0.10696609  0.03349813  0.02541985
 -0.00258472]",25,
130,25,1,5,0.8676885768006889,,,"[ 0.00405768 -0.24919273 -0.30247677 -0.26307019 -0.00924346  0.03989628
 -0.05014476 -0.00575758  0.01872209 -0.09349751  0.00666437  0.01125189
 -0.05771859 -0.04856116 -0.02544931  0.0258716   0.04417654 -0.02434725
  0.01242145 -0.04963669 -0.05839073 -0.12472324  0.02427146 -0.04479401
  0.047258  ]",25,
150,25,1,5,0.8510408613422907,,,"[ 0.00589257 -0.2498066  -0.2838342  -0.24008536 -0.01529686  0.01786163
 -0.06201727 -0.00375311  0.01116071 -0.09268284  0.00166371 -0.02090177
 -0.07168237 -0.06162997 -0.02901392 -0.01071322  0.04920962 -0.01079268
  0.02693047 -0.00840201 -0.09368079 -0.11250507  0.00283407 -0.01415119
  0.01817507]",25,
170,25,1,5,0.8650337199359212,,,"[-0.01350941 -0.22175437 -0.24869928 -0.20659791 -0.02789578 -0.01507348
 -0.12425906  0.00365263  0.02750348 -0.06128973 -0.0108231   0.04113461
 -0.10633524 -0.08002494  0.01008236 -0.06580191  0.01440917 -0.04300914
  0.05026486 -0.01856438 -0.08447069 -0.16731625 -0.01874752 -0.03658965
  0.05116574]",25,
190,25,1,5,0.8327170299563704,,,"[-0.07168289 -0.18977012 -0.18194576 -0.17505551 -0.01699442 -0.03761864
 -0.09645397  0.01797618  0.03323861 -0.09849747 -0.01937704  0.05547396
 -0.07742172 -0.09818625  0.04217091 -0.09817256  0.03085048 -0.0150554
  0.0114774  -0.04711486 -0.03652239 -0.14328777 -0.02575751 -0.00601406
  0.04495506]",25,
210,25,1,5,0.8360572820959504,,,"[-0.10170142 -0.17046624 -0.15931976 -0.14432482  0.00435101  0.00490598
 -0.1323873   0.01531495  0.0427563  -0.1001093   0.01026056  0.07472161
 -0.0532556  -0.0937056   0.04494603 -0.13691411  0.04130789  0.01039989
  0.02602714 -0.07471722 -0.06285749 -0.12386541 -0.06022926 -0.05838662
  0.04231623]",25,
230,25,1,5,0.825013643552827,,,"[-0.10112382 -0.15057074 -0.16499339 -0.14261551  0.02297249 -0.00947851
 -0.13080825  0.01364697  0.03378866 -0.10409626  0.02041017  0.08257186
 -0.02083431 -0.10736972  0.01810802 -0.11918112  0.04266968 -0.00734627
  0.04148125 -0.066405   -0.02676928 -0.11876225 -0.03055063 -0.08058947
  0.05270223]",25,
250,25,1,5,0.8329507482758703,,,"[-0.11794341 -0.17251189 -0.15470451 -0.13339014  0.02839339 -0.01980982
 -0.09677833  0.02131603  0.00105091 -0.1155937   0.02574277  0.09765527
 -0.0340057  -0.06872394  0.01625305 -0.09473663  0.01190289 -0.01341957
  0.02568241 -0.09434003 -0.05394377 -0.08781706 -0.0632963  -0.07060866
  0.01902744]",25,
270,25,1,5,0.8255111797528059,,,"[-0.10138151 -0.1541431  -0.12566109 -0.12400565  0.04919157 -0.03948302
 -0.10846853  0.02042355  0.00849209 -0.10849004  0.02485016  0.08214517
 -0.03262547 -0.06318164  0.02858897 -0.10152425  0.00528917 -0.03293548
  0.03346609 -0.06514739 -0.03478816 -0.09165332 -0.06952977 -0.06477008
  0.01197323]",25,
290,25,1,5,0.8286923518233942,,,"[-0.11811937 -0.17027262 -0.11627455 -0.10649573  0.04668638 -0.04199978
 -0.09586148  0.02491451  0.0237695  -0.12228658  0.01991401  0.07923467
 -0.06377893 -0.04903526  0.0355073  -0.08832589  0.0150351  -0.00322406
  0.02357153 -0.07239596 -0.04757563 -0.09587817 -0.07031405 -0.06105432
  0.00515117]",25,
310,25,1,5,0.8294357585621759,,,"[-0.10525917 -0.17010529 -0.13357236 -0.1178611   0.02433794 -0.03526564
 -0.08524103  0.03877053 -0.00873462 -0.09524708  0.01792495  0.07160691
 -0.06687759 -0.0566195   0.01941051 -0.09165321  0.00653731 -0.00642053
  0.04046649 -0.08150349 -0.0389973  -0.08512553 -0.09041459 -0.0768785
  0.00991806]",25,
330,25,1,5,0.8138698713585188,,,"[-0.07842672 -0.17745858 -0.12579294 -0.11234465  0.03350935 -0.02262018
 -0.0670802   0.03615145 -0.00761251 -0.08514282  0.01153674  0.05220267
 -0.06946263 -0.0435059   0.0142185  -0.08199249  0.01165675 -0.00947334
  0.04770644 -0.05646389 -0.02543954 -0.07151516 -0.06027347 -0.05936925
  0.01390834]",25,
350,25,1,5,0.8180770392791078,,,"[-0.09077834 -0.1913905  -0.14245085 -0.12382316  0.04549499 -0.04137618
 -0.04853299  0.03768631 -0.02046723 -0.08636166  0.00980279  0.03326404
 -0.06571818 -0.0663353  -0.01166878 -0.08770701 -0.00247472 -0.02776394
  0.03468536 -0.0717868  -0.02402434 -0.0503356  -0.03553853 -0.03648727
 -0.00669028]",25,
370,25,1,5,0.8162255874237775,,,"[-0.09875631 -0.18778149 -0.14816386 -0.12404431  0.03946739 -0.02845625
 -0.04697461  0.02686237 -0.01870932 -0.09545358  0.00092077  0.04291651
 -0.05352617 -0.08403282  0.00253421 -0.08683339 -0.01898191 -0.01224118
  0.03523604 -0.0554303  -0.03225751 -0.04451956 -0.02572218 -0.04010163
 -0.01064579]",25,
390,25,1,5,0.8076481982906694,,,"[-0.10308818 -0.17477577 -0.13330066 -0.11440344  0.03656888 -0.01338462
 -0.03052989  0.04273986 -0.00864709 -0.08267796  0.00268604  0.04867048
 -0.02710621 -0.07768373 -0.00434649 -0.06716913 -0.02014576 -0.00951891
  0.03102271 -0.04710664 -0.01583986 -0.03055089 -0.03205451 -0.05090387
 -0.00062452]",25,
410,25,1,5,0.8177825699954769,,,"[-0.12228373 -0.19413597 -0.16029484 -0.12429302  0.04376336  0.00025161
 -0.02569063  0.03635114 -0.02119278 -0.07292523  0.00222433  0.06052018
 -0.0161109  -0.08613449 -0.00256808 -0.08134519 -0.005005   -0.00498442
  0.02815496 -0.06013282 -0.01597283 -0.02258521 -0.04705158 -0.04549755
 -0.00029991]",25,
