sample_size,n,k,repeat,mae,alphas,coef_path,coefficients,non_zero_coef,num_iter
5,10,1,1,1.2721915835105062,,,"[ 0.08117349  0.3855741   0.4329253   0.3855741   0.29087169 -0.3044006
 -0.64262349  0.         -0.20969819 -0.29087169]",9,
15,10,1,1,1.032933235621855,,,"[-0.2584828  -0.0389439   0.28202924  0.1580491   0.33960018 -0.25992249
 -0.09540867 -0.29922214 -0.13993346 -0.1183659 ]",10,
25,10,1,1,0.9057058951849183,,,"[-0.12210756 -0.09803351  0.02732836  0.01332825  0.16420717 -0.29316706
 -0.04882111 -0.28120773 -0.0547916  -0.07288211]",10,
35,10,1,1,0.9334175315014648,,,"[-0.1728541  -0.15295114  0.04681616  0.19896436  0.21183113 -0.32631755
  0.0189456  -0.19888539 -0.0826103   0.06691931]",10,
45,10,1,1,0.8354363532685614,,,"[-0.20480943 -0.17091584 -0.0580217   0.08500178  0.11283352 -0.18878119
 -0.07125561 -0.06896701 -0.00518626  0.08147609]",10,
55,10,1,1,0.8044653961821961,,,"[-0.09369703 -0.08229243 -0.00366468  0.12239403  0.05883391 -0.16381833
 -0.13450483 -0.04275741  0.00958206  0.03120878]",10,
65,10,1,1,0.860891423099489,,,"[-0.19205703 -0.211976   -0.15646593  0.01949515  0.06936982 -0.20274042
 -0.12543785 -0.18188055  0.05287764  0.02646485]",10,
75,10,1,1,0.8312458016976734,,,"[-0.16188021 -0.14254952 -0.12189885  0.07149891  0.06075195 -0.10818918
 -0.17868293 -0.1735175   0.11012028  0.07009439]",10,
85,10,1,1,0.8182796777694596,,,"[-0.1506418  -0.15639514 -0.07925106  0.02842494  0.01851844 -0.10768495
 -0.15949622 -0.13303885  0.08778607  0.0851571 ]",10,
95,10,1,1,0.8245991196302254,,,"[-0.23178157 -0.18962277 -0.04569986 -0.06136904 -0.05045379 -0.08584198
 -0.09884177  0.00678984 -0.01873191  0.16096044]",10,
105,10,1,1,0.8222496760938924,,,"[-0.25448326 -0.17273894 -0.0571128  -0.06917716 -0.0207824  -0.10789348
 -0.08705313 -0.02221179 -0.01417565  0.13900961]",10,
115,10,1,1,0.8138674333675749,,,"[-0.24002953 -0.16667485 -0.04593991 -0.03572422 -0.02516343 -0.1275032
 -0.05393999 -0.03016951 -0.01933311  0.12435747]",10,
125,10,1,1,0.8061610009852234,,,"[-0.22613023 -0.18608944 -0.05688528 -0.06173464 -0.05616793 -0.09791413
 -0.04248537 -0.03431631  0.00074441  0.1244254 ]",10,
135,10,1,1,0.8160234991282749,,,"[-0.25826385 -0.20689337 -0.08426925 -0.07288728 -0.05793756 -0.07113864
 -0.03732794 -0.02898806 -0.04185672  0.11482611]",10,
145,10,1,1,0.8134019367134278,,,"[-0.24735755 -0.23984847 -0.08866668 -0.09449304 -0.0549345  -0.07982358
  0.00540645 -0.00445878 -0.04376361  0.10518394]",10,
155,10,1,1,0.794540617380905,,,"[-0.25196171 -0.19633317 -0.0543824  -0.08567922 -0.06978838 -0.06753835
  0.02284213  0.03909986 -0.02320809  0.0915656 ]",10,
165,10,1,1,0.7751057717712558,,,"[-0.22733153 -0.17517153 -0.05753858 -0.04309876 -0.07190566 -0.05897313
  0.01295692  0.05747323 -0.00473153  0.06897413]",10,
175,10,1,1,0.7696415655881605,,,"[-0.23326061 -0.16215665 -0.06655911 -0.0581419  -0.05782623 -0.05992188
  0.02209733  0.07054012 -0.01074437  0.05555217]",10,
185,10,1,1,0.7668553063698937,,,"[-0.22576921 -0.15022809 -0.07568674 -0.0527637  -0.050347   -0.0624027
  0.01268367  0.05672949 -0.02716549  0.0452558 ]",10,
195,10,1,1,0.7607626442196056,,,"[-0.22812841 -0.12116929 -0.03950471 -0.04592743 -0.0492298  -0.03552019
  0.02273328  0.06586813 -0.02270927  0.02961227]",10,
205,10,1,1,0.7495818633921778,,,"[-0.19956101 -0.10556408 -0.03294948 -0.04943417 -0.0514073  -0.03879743
  0.03216417  0.06419754 -0.02355836  0.03191678]",10,
5,10,1,2,0.6883512284682933,,,"[ 1.11022302e-16  3.58516265e-01  3.58516265e-01  7.63278329e-17
  1.38777878e-17  1.38777878e-17 -2.42861287e-17 -3.12250226e-17
  6.59194921e-17  0.00000000e+00]",9,
15,10,1,2,0.9979545537545869,,,"[-0.0759417   0.13082991  0.09779293  0.0596053  -0.01049206  0.21171415
  0.50701792 -0.33442788 -0.22945527  0.13332719]",10,
25,10,1,2,0.8788575590691164,,,"[-0.1267728  -0.11385637  0.05117408 -0.28195743 -0.11329476  0.28720682
  0.2438005  -0.28552295 -0.00951664  0.08408977]",10,
35,10,1,2,0.8194267437665723,,,"[-0.19004143 -0.1828983  -0.03369841 -0.11110651 -0.06601951  0.15795049
  0.31609209 -0.01974866 -0.26398658 -0.04320722]",10,
45,10,1,2,0.7925264251817293,,,"[-0.15264297 -0.14082813 -0.01215638 -0.13043746 -0.01944541  0.06841861
  0.12900422 -0.1359583  -0.23663694 -0.09102519]",10,
55,10,1,2,0.81809931108142,,,"[-0.18786953 -0.21928102 -0.08581609 -0.1953956  -0.07392739  0.02386739
  0.01713637 -0.19202897 -0.16210322 -0.11889056]",10,
65,10,1,2,0.7868766223463797,,,"[-0.18764097 -0.0930177  -0.06854905 -0.07561768 -0.07935421 -0.06424996
  0.01886415 -0.15321982 -0.11256844 -0.02963483]",10,
75,10,1,2,0.784772438197902,,,"[-0.17046213 -0.0993967  -0.05860079 -0.02738936 -0.06068556 -0.11552042
  0.00402047 -0.11806528 -0.09673272 -0.06402243]",10,
85,10,1,2,0.7722332240564037,,,"[-0.15663912 -0.10050328  0.00058089 -0.03301314 -0.07698296 -0.08596876
 -0.00143692 -0.10414713 -0.08396198 -0.10463402]",10,
95,10,1,2,0.7724692331143246,,,"[-0.15847466 -0.09088507 -0.03530885 -0.03847461 -0.04407235 -0.12095083
  0.01094039 -0.10166905 -0.04736094 -0.12305543]",10,
105,10,1,2,0.7802422700881447,,,"[-0.17413471 -0.10004086 -0.05210515 -0.06209539 -0.01335794 -0.12907826
  0.01517101 -0.12616628 -0.00513976 -0.06582528]",10,
115,10,1,2,0.7761793322536426,,,"[-0.1850809  -0.07727798 -0.0058466  -0.05371814 -0.0217113  -0.10083766
  0.00711692 -0.1407407  -0.03676753 -0.00779356]",10,
125,10,1,2,0.7744109551342825,,,"[-0.22897556 -0.08374352 -0.02215435 -0.06574166  0.00418407 -0.09883208
  0.00128977 -0.09236669 -0.03239469 -0.03272157]",10,
135,10,1,2,0.7668501180166493,,,"[-0.24531328 -0.12646089 -0.02631974 -0.078154   -0.02566635 -0.06742035
  0.02409259 -0.04600947 -0.04214307  0.01449719]",10,
145,10,1,2,0.7692220096215351,,,"[-0.21212876 -0.12453679 -0.04404636 -0.06224758 -0.01544969 -0.07588131
  0.03034582 -0.068014   -0.0492741   0.01551081]",10,
155,10,1,2,0.7535772692678648,,,"[-0.21302196 -0.09900469 -0.0007008  -0.05527318 -0.02107861 -0.05292056
  0.00496193 -0.03479568 -0.02183397  0.00116122]",10,
165,10,1,2,0.7645968380381021,,,"[-0.22687616 -0.14237042 -0.04134566 -0.06447203 -0.03697881 -0.0680474
  0.02015037 -0.01578495 -0.0406282   0.0217758 ]",10,
175,10,1,2,0.7570264028583131,,,"[-0.21959992 -0.14007271 -0.04284556 -0.07157443 -0.04277416 -0.05014313
  0.0126694   0.001235   -0.03592546  0.02257533]",10,
185,10,1,2,0.7559427805238238,,,"[-0.23368079 -0.1316625  -0.03971188 -0.06445909 -0.06547894 -0.0454748
  0.02911823  0.04424417 -0.01752609  0.0225123 ]",10,
195,10,1,2,0.7453952809271818,,,"[-0.2082456  -0.10615973 -0.02427064 -0.06551715 -0.06297962 -0.04015966
  0.03046317  0.05003504 -0.00724548  0.02228959]",10,
205,10,1,2,0.7495818633921778,,,"[-0.19956101 -0.10556408 -0.03294948 -0.04943417 -0.0514073  -0.03879743
  0.03216417  0.06419754 -0.02355836  0.03191678]",10,
5,10,1,3,0.8632657984426715,,,"[-2.77555756e-17  1.24101784e-01 -1.24101784e-01 -3.44727178e-02
 -2.75781742e-01 -2.27519937e-01 -4.82618049e-02  1.10312697e-01
  0.00000000e+00  2.13730850e-01]",9,
15,10,1,3,1.1259781864923906,,,"[-0.10883778 -0.00918884 -0.34782334  0.04310032 -0.15058568 -0.27952008
 -0.14741319 -0.10445191 -0.64295307  0.2919446 ]",10,
25,10,1,3,0.9016389892961343,,,"[-0.07116876  0.0336163   0.20219101  0.00374426 -0.12875769 -0.36281194
  0.15496801  0.2274882  -0.37996919  0.00290943]",10,
35,10,1,3,0.8735361059004214,,,"[-0.05383643  0.10931691  0.10709671 -0.00503831 -0.13166186 -0.33012974
  0.11479753  0.11006281 -0.37532297  0.08691805]",10,
45,10,1,3,0.8354293656545753,,,"[ 0.02159618  0.11186596  0.05382909  0.12180511 -0.15140978 -0.16731418
  0.02220683  0.00987717 -0.26287971  0.14097462]",10,
55,10,1,3,0.8145941922237893,,,"[ 0.04734691  0.07583793  0.0510146   0.2246918  -0.20563342 -0.12300241
 -0.01830552  0.08888801 -0.1386731   0.09113811]",10,
65,10,1,3,0.8200472849811291,,,"[ 0.0630928   0.07836019  0.17167587  0.24300189 -0.10132114 -0.14467751
 -0.05985284  0.05318893 -0.139756    0.00602928]",10,
75,10,1,3,0.8255248546649813,,,"[-0.02417684  0.04372721  0.09206955  0.1933224  -0.10517844 -0.25402491
 -0.07778511  0.11947674 -0.14205157  0.0396546 ]",10,
85,10,1,3,0.8134150388710606,,,"[-0.08631965  0.01649698  0.05703788  0.15718354 -0.03521036 -0.23052524
 -0.06680529  0.10754495 -0.14169232  0.04509341]",10,
95,10,1,3,0.8090079862926626,,,"[-0.0853801   0.0540456   0.06326642  0.14463549 -0.09016224 -0.21445019
 -0.11391773  0.14106215 -0.11903037  0.07597004]",10,
105,10,1,3,0.8044269873159839,,,"[-0.06880153  0.06705199  0.13800596  0.13448778 -0.05631501 -0.20326536
 -0.14276982  0.15107513 -0.09640275  0.05066047]",10,
115,10,1,3,0.7831650322691377,,,"[-0.07281283  0.03519569  0.10746788  0.11524626 -0.00783763 -0.16028452
 -0.11625627  0.09302165 -0.0608588   0.0007648 ]",10,
125,10,1,3,0.7813339791714248,,,"[-0.09916928  0.03023571  0.09790568  0.10654609 -0.00102446 -0.16607354
 -0.11833086  0.06403141 -0.04253665  0.00264182]",10,
135,10,1,3,0.7794308495387707,,,"[-0.14767847 -0.05931055  0.01383181  0.04944302 -0.01007903 -0.13355585
 -0.06622684  0.06345102 -0.04082607  0.07354141]",10,
145,10,1,3,0.7724353274185495,,,"[-0.1599992  -0.08359795 -0.00160185  0.03711708 -0.02257601 -0.0826217
 -0.02734306  0.06128451 -0.05260237  0.09072327]",10,
155,10,1,3,0.7696589767226846,,,"[-0.15491425 -0.07882926  0.00435095  0.00928228 -0.03228097 -0.0823818
 -0.0275597   0.07020738 -0.05195373  0.0975356 ]",10,
165,10,1,3,0.7614360694588845,,,"[-0.17027993 -0.0809944  -0.01768041  0.01099101 -0.03444079 -0.08372556
 -0.02490642  0.07437356 -0.03046923  0.04187956]",10,
175,10,1,3,0.760306578684976,,,"[-0.18926377 -0.10739886 -0.02733649  0.00458476 -0.04801734 -0.05953797
  0.00754261  0.08209019 -0.01204125  0.0649059 ]",10,
185,10,1,3,0.7551305234344358,,,"[-0.18168177 -0.09186074 -0.02037599 -0.01509479 -0.04274385 -0.0551314
  0.00408736  0.08275185 -0.00485329  0.06005726]",10,
195,10,1,3,0.7521877291554204,,,"[-0.18560083 -0.10014193 -0.03200629 -0.02678198 -0.04378256 -0.05520233
  0.01625619  0.05970905 -0.01776056  0.03975547]",10,
205,10,1,3,0.7495818633921784,,,"[-0.19956101 -0.10556408 -0.03294948 -0.04943417 -0.0514073  -0.03879743
  0.03216417  0.06419754 -0.02355836  0.03191678]",10,
5,10,1,4,0.8253044416322968,,,"[-0.14340651  0.28681301  0.28681301  0.14340651 -0.21510976  0.07170325
 -0.14340651  0.07170325 -0.07170325  0.14340651]",10,
15,10,1,4,1.567629269486656,,,"[-0.75351945  0.03288579  0.64219018 -0.47915412  0.05462846 -0.47123843
 -0.66552958 -0.43420794 -0.64732009 -0.19418923]",10,
25,10,1,4,0.9816157401784573,,,"[-0.59493574  0.11660493  0.20534084 -0.43000282 -0.04713074 -0.24632818
 -0.17372269 -0.09356852 -0.06540511  0.0975125 ]",10,
35,10,1,4,0.9666409179191783,,,"[-5.20825284e-01 -1.51684134e-01  1.43839587e-01 -4.94130311e-01
 -3.83323454e-05 -3.35733710e-02 -6.45582792e-02 -1.67145531e-01
 -1.36655179e-01  2.17285939e-01]",10,
45,10,1,4,0.8778234118755751,,,"[-0.41927979 -0.07351685  0.14894901 -0.44238376 -0.04870157 -0.08284791
  0.07887173  0.05225722  0.01858102  0.18403125]",10,
55,10,1,4,0.7829335558877881,,,"[-0.3010448  -0.01098421  0.04419077 -0.25090193 -0.08482797 -0.06542531
 -0.0144569   0.01685315  0.06476563  0.07221672]",10,
65,10,1,4,0.7828986235387475,,,"[-0.28553931 -0.07694415 -0.04155084 -0.15844536 -0.08431687 -0.02609255
 -0.05679005 -0.03502665  0.02179969  0.03969657]",10,
75,10,1,4,0.8020056741819661,,,"[-0.30471422 -0.07970388 -0.09090888 -0.13712685 -0.05851323 -0.0151054
 -0.05703566 -0.05320083  0.01137974  0.08331118]",10,
85,10,1,4,0.7652106446381441,,,"[-0.24482717 -0.06890149 -0.07348236 -0.11479058 -0.04818003 -0.01317321
  0.00929115 -0.02558264  0.05333402  0.05900719]",10,
95,10,1,4,0.7526135854113665,,,"[-0.25352815 -0.09482896 -0.03828455 -0.14493461 -0.0901946   0.03516685
  0.02486647  0.01472862  0.00812973  0.01301661]",10,
105,10,1,4,0.7789099725787468,,,"[-0.28294339 -0.10553464 -0.03987264 -0.18963009 -0.11870162  0.01324455
  0.03762294  0.01155348 -0.01217765  0.06303976]",10,
115,10,1,4,0.7864108394992132,,,"[-0.3091895  -0.06957323  0.0102116  -0.18396914 -0.11016183  0.02874081
  0.07377656 -0.04611972 -0.0660599   0.11442838]",10,
125,10,1,4,0.7692279541466598,,,"[-0.28903769 -0.05066594  0.03972893 -0.15708859 -0.11658706  0.02727909
  0.06149527 -0.00955864 -0.10079922  0.10026273]",10,
135,10,1,4,0.761374097451656,,,"[-0.2823741  -0.04071242  0.05712934 -0.12305784 -0.09689102 -0.00720394
  0.03585101 -0.00699075 -0.07748384  0.07347221]",10,
145,10,1,4,0.7423943054643621,,,"[-0.22191041 -0.03751484  0.046394   -0.08100823 -0.09788728 -0.00146914
  0.05817173  0.01325685 -0.05242833  0.03162598]",10,
155,10,1,4,0.7381033709758219,,,"[-0.17853305 -0.0575672   0.0181835  -0.02645191 -0.0868876   0.00874008
  0.05706719  0.0228408  -0.02387483  0.02171298]",10,
165,10,1,4,0.7381917963762891,,,"[-0.15815399 -0.0748277   0.03080339 -0.03254998 -0.0629151   0.00592296
  0.05165984  0.04312409 -0.0311712   0.00103463]",10,
175,10,1,4,0.7395792030039064,,,"[-0.15753866 -0.08395323  0.0219811  -0.0396239  -0.05807424  0.00164977
  0.04188433  0.05088593 -0.03192567  0.01787719]",10,
185,10,1,4,0.7478535536701577,,,"[-0.19011124 -0.11274917 -0.02971381 -0.06526916 -0.06622551 -0.0436078
  0.04338787  0.04939377 -0.02680548  0.01967765]",10,
195,10,1,4,0.7438372314993938,,,"[-0.1762402  -0.10003387 -0.02859768 -0.0458602  -0.08025604 -0.02121941
  0.04125067  0.03380573 -0.02477369  0.03342987]",10,
205,10,1,4,0.7495818633921771,,,"[-0.19956101 -0.10556408 -0.03294948 -0.04943417 -0.0514073  -0.03879743
  0.03216417  0.06419754 -0.02355836  0.03191678]",10,
5,10,1,5,0.8839417685018037,,,"[ 0.03983514  0.27884598  0.05975271  0.34855748 -0.08962907  0.01991757
 -0.01991757 -0.05975271  0.44814533  0.18921692]",10,
15,10,1,5,1.3467541447973606,,,"[-0.34404315  0.40843625  0.70587106 -0.13700399 -0.18177253  0.29314193
  0.45357275  0.61621133  0.53329754  0.16582757]",10,
25,10,1,5,1.0174683020312716,,,"[-0.41976705  0.43138315  0.05720485 -0.32545675 -0.31088489 -0.45592163
  0.11009946  0.19371681 -0.01138985  0.23540691]",10,
35,10,1,5,0.8807540151227817,,,"[-0.39198075  0.15856066  0.021212   -0.24075244 -0.13252289 -0.11578656
  0.16147731  0.15688668  0.06413632  0.26734454]",10,
45,10,1,5,0.895138697171443,,,"[-0.35777253 -0.10072019 -0.16849105 -0.07673446  0.04814711 -0.12952755
 -0.04166183 -0.05241353  0.14270235  0.27240299]",10,
55,10,1,5,0.8576255364115827,,,"[-0.27927047 -0.10793158 -0.14696644 -0.0679953   0.09027917 -0.12966076
  0.06307443 -0.1157335   0.00647825  0.21030427]",10,
65,10,1,5,0.8491363003912903,,,"[-0.28942851 -0.13667392 -0.08440686 -0.00669538  0.1109546  -0.11721434
  0.02848183 -0.07224969  0.01093145  0.22884113]",10,
75,10,1,5,0.812231611322353,,,"[-0.25668169 -0.0801489  -0.0965316  -0.05592848  0.07691006 -0.09381822
  0.10375201 -0.06073918  0.02690089  0.17513375]",10,
85,10,1,5,0.7815412023446914,,,"[-0.21037271 -0.06166028 -0.06413626 -0.05929608  0.0045859  -0.09288515
  0.11302025 -0.04732347  0.01937255  0.11322977]",10,
95,10,1,5,0.7699061625525553,,,"[-0.21379434 -0.08590922 -0.04666782 -0.0355355   0.01972494 -0.06763965
  0.10737502 -0.03569993  0.00570418  0.09690298]",10,
105,10,1,5,0.770083616760167,,,"[-0.25386669 -0.110741   -0.05647642 -0.03011276  0.01419369 -0.05002696
  0.14276943  0.02062106 -0.01213626  0.05928143]",10,
115,10,1,5,0.7614583218051529,,,"[-0.25155731 -0.07087329 -0.00923422  0.00359152 -0.01438852 -0.05791256
  0.15201858  0.06731035 -0.01939146  0.00717581]",10,
125,10,1,5,0.7601419484316352,,,"[-0.26345682 -0.07132488 -0.02452691 -0.01714143 -0.02781688 -0.05626041
  0.12988751  0.00370603  0.01581598 -0.03359573]",10,
135,10,1,5,0.7647399338074047,,,"[-0.25339688 -0.08663263 -0.0533404   0.02237731 -0.04730769 -0.05915571
  0.0790882   0.02693934  0.03968067 -0.03178673]",10,
145,10,1,5,0.7839995091244316,,,"[-0.26366979 -0.11960784 -0.05911465 -0.01640513 -0.03791764 -0.11055491
  0.05936082  0.05947675  0.00598377  0.00548997]",10,
155,10,1,5,0.7808335772496071,,,"[-0.23824096 -0.09789259 -0.02865776 -0.06654522 -0.0671696  -0.11960441
  0.05513668  0.12041456 -0.01769383 -0.0227897 ]",10,
165,10,1,5,0.7731974005962218,,,"[-0.23060133 -0.13193049 -0.06206575 -0.08734533 -0.04968901 -0.08248554
  0.07971728  0.07799121 -0.02892693  0.0044889 ]",10,
175,10,1,5,0.7585850766185126,,,"[-0.19856085 -0.10318602 -0.04060746 -0.09667745 -0.07056907 -0.06610323
  0.07571202  0.07559554 -0.02540497  0.01698931]",10,
185,10,1,5,0.7561556093487889,,,"[-0.19870233 -0.09890921 -0.03802322 -0.07101123 -0.06929285 -0.06388993
  0.05715513  0.0740356  -0.03274368  0.02050493]",10,
195,10,1,5,0.7548284096498964,,,"[-0.20136124 -0.10648056 -0.04425143 -0.04974385 -0.0525553  -0.0565632
  0.04344295  0.06752744 -0.02995581  0.01777101]",10,
205,10,1,5,0.7495818633921607,,,"[-0.19956101 -0.10556408 -0.03294948 -0.04943417 -0.0514073  -0.03879743
  0.03216417  0.06419754 -0.02355836  0.03191678]",10,
