sample_size,n,k,repeat,mae,alphas,coef_path,coefficients,non_zero_coef,num_iter
5,10,2,1,0.7420451300310656,,,"[-0.01409077  0.03507261  0.016144   -0.01333927  0.01333927  0.01409077
  0.00558934  0.02948327  0.02173334  0.01625136  0.0379847   0.01323191
 -0.01625136  0.01625136  0.          0.00850143  0.04357404  0.00764257
  0.01333927  0.00774993 -0.02173334  0.02173334 -0.0379847  -0.02948327
 -0.00558934  0.01333927  0.00764257 -0.02948327  0.02948327 -0.01323191
 -0.02173334  0.01333927 -0.00558934  0.04357404  0.          0.01625136
  0.00774993 -0.016144   -0.03507261  0.01409077 -0.01625136 -0.00774993
  0.016144    0.03507261 -0.01409077 -0.00850143 -0.04357404 -0.00764257
 -0.01333927 -0.03507261 -0.016144   -0.0218407   0.00774993  0.01323191
  0.0379847 ]",53,
25,10,2,1,0.9433516848673082,,,"[ 0.09377185 -0.07893327 -0.07024957 -0.06511794 -0.00094878 -0.04180735
 -0.12763646  0.19576347  0.1227642  -0.11568224  0.07073038 -0.12395335
  0.11849983  0.10689806  0.0334851  -0.11929876 -0.0805356  -0.08216314
 -0.09612742  0.25362093 -0.0413887  -0.15186696  0.13893368  0.27293582
 -0.21763207 -0.14179553 -0.14900512  0.00431646  0.06839431 -0.02571351
  0.05198227 -0.01967608 -0.01185702  0.18898095 -0.16459709 -0.02846953
  0.09170126 -0.17973609 -0.03556758  0.06749249  0.02186424 -0.03609931
  0.0996447   0.0959177  -0.11859024  0.04770719 -0.20887961 -0.07412879
  0.03389648 -0.12966549 -0.08188261 -0.06791833  0.06285873  0.11121625
  0.19153342]",55,
45,10,2,1,1.719600675076598,,,"[-0.04065053  0.07880046 -0.20976285 -0.2808462  -0.05711403  0.1121011
 -0.4583787  -0.04154438  0.05186437  0.16627267  0.18094132 -0.34899311
  0.36145973  0.14771579  0.14901643 -0.29235653 -0.04658249  0.24142304
 -0.1319562   0.71534934 -0.09412133 -0.10570721 -0.1284056   0.28244017
 -0.4736528   0.01426841  0.00842998  0.57719026  0.10695012 -0.12457169
 -0.57025262 -0.37233748 -0.04316819 -0.08892005  0.02937012 -0.4361697
  0.27645629  0.09359821 -0.11959755 -0.14054951 -0.09145748  0.08916377
 -0.04701572  0.18886899 -0.46548679  0.14316419 -0.01191012 -0.35947844
  0.07182588  0.00542061  0.17225588  0.0110511   0.08757501 -0.2239452
  0.69479302]",55,
65,10,2,1,2.039876284150619,,,"[-0.10988568  0.67033835  0.38169056 -0.32932525  0.24245771  0.11782541
 -0.37045487  0.07725352  0.06145617  0.32921544 -0.02320872 -0.40576031
  0.33938869 -0.01456968  0.08292698  0.05458801 -0.13593891 -0.28108979
  0.1390472   0.68836336 -0.31769604 -0.34606835  0.22313879  0.02675343
 -0.13775114 -0.06663218 -0.52932243  0.26029327  0.38509677 -0.25530376
 -0.38167901 -0.45096699 -0.51232124  0.18587469 -0.22093211 -0.1018207
  0.46012549 -0.24362903 -0.31451023 -0.64286087  0.2275117   0.02881922
 -0.03361248 -0.21852022 -0.42366018 -0.14111866  0.10486774  0.19219124
  0.48401807  0.0296308  -0.27284403  0.54282181  0.19021475 -0.03714074
  0.01406589]",55,
85,10,2,1,1.1243109732802452,,,"[ 0.04238611  0.08239731 -0.08926023 -0.1878011   0.00104016  0.25317164
 -0.26965863  0.06787834  0.1937401   0.02796627 -0.04087319 -0.18888471
 -0.0746799  -0.11117095  0.00420042  0.18958967 -0.18121038  0.022964
  0.08234912  0.35941157  0.09500582  0.02226775  0.0752362  -0.20318733
 -0.13926159 -0.1190951  -0.22552062  0.21389988  0.14235935  0.00710615
 -0.34556435 -0.20001593 -0.0348197  -0.20388694  0.15976848 -0.15731808
 -0.08064179 -0.08953919 -0.06340222 -0.26321622  0.0957517  -0.17587419
 -0.00654172  0.02595873 -0.12555936  0.04644212  0.12158323 -0.05193099
 -0.03915338 -0.03496756 -0.10917722  0.03742388  0.01629479  0.01442016
  0.41054352]",55,
105,10,2,1,1.0156154041641492,,,"[-0.08862797  0.05359342  0.07309303 -0.15559319  0.02171353  0.20022813
 -0.22681715  0.21232724  0.22250455 -0.04442515 -0.05411549 -0.05342201
  0.14143055 -0.05034093  0.01545587  0.07626575 -0.11892896 -0.03538217
  0.01329328  0.39245401  0.09637463  0.01104655  0.04350604 -0.08401764
 -0.15636717 -0.06041125 -0.181922    0.12633006  0.0318886   0.0303512
 -0.1817685  -0.15525875 -0.15124492 -0.13271839  0.09397032  0.03426196
  0.05667823 -0.17356855 -0.08228866 -0.12444121  0.09854505 -0.22450543
 -0.12854624 -0.09519091 -0.09514012 -0.07159314  0.09947087 -0.09263194
  0.05305861  0.02580212 -0.13781275  0.05658912  0.02200533 -0.01125661
  0.29491642]",55,
125,10,2,1,0.8696511632933044,,,"[-0.07256757 -0.0211019   0.01385907 -0.0815941  -0.11767638  0.07403751
 -0.15147505  0.18602061  0.11163564 -0.06450075 -0.03342164  0.06545736
  0.13253672 -0.02230537  0.08558275  0.0305171   0.00093796 -0.03505716
 -0.00343847  0.3686582   0.10875283 -0.00589671  0.0781913  -0.03214537
 -0.09772095 -0.04021283 -0.14178704  0.19972421  0.00184725 -0.00428571
 -0.04566298 -0.12498942 -0.16712634 -0.10188718  0.04190333  0.12613368
 -0.00810198 -0.08061692 -0.12965871 -0.11156082  0.01439486 -0.07208345
 -0.13480102 -0.10194672 -0.04920414  0.00480015  0.00849524 -0.11598054
  0.07190804  0.06974959 -0.06308496  0.06610848  0.02615414  0.02417045
  0.27356262]",55,
145,10,2,1,0.8483682975924057,,,"[-0.06454244  0.00690553  0.02294067 -0.05165904 -0.07319403  0.07317446
 -0.06183264  0.06250829  0.05558517 -0.08547664  0.02423814  0.13437067
  0.12589051  0.03574609  0.06468219  0.02021554 -0.03603692 -0.03002908
 -0.04801869  0.30484273  0.11365036 -0.06288466  0.07411767 -0.02720955
 -0.06588977  0.01974486 -0.06430238  0.27737288 -0.01449862  0.08476457
 -0.09373415 -0.06968089 -0.17098951 -0.10436964  0.01773954  0.08717982
 -0.05063908 -0.10868306 -0.12111498 -0.17329547 -0.03035831 -0.09828277
 -0.02812029 -0.04511205 -0.02648789 -0.01225631 -0.00987443 -0.1168261
  0.04834026  0.15389061 -0.01779258  0.06199924 -0.04472724 -0.00194787
  0.26343012]",55,
165,10,2,1,0.8682145157727018,,,"[-0.09808658 -0.03548232 -0.05831824 -0.14067398 -0.09488803  0.15351127
 -0.13619374  0.13971233  0.05987674 -0.12485689  0.08430263  0.13201939
  0.13368327 -0.00436944 -0.00452738 -0.0011321  -0.03805208  0.01539174
 -0.01636407  0.40457628  0.22228034 -0.08027817  0.07711537  0.01188621
 -0.17503921  0.08095129 -0.02794299  0.36598867 -0.05044792  0.03944578
 -0.03927236 -0.16292971 -0.06327925 -0.08779665  0.00729289 -0.01733224
  0.06711299 -0.203234   -0.02872507 -0.12519943  0.0197034  -0.12987262
  0.00360214 -0.00686472 -0.12584715 -0.08292646  0.04517011 -0.04580321
 -0.01209581  0.05394235  0.03034192  0.06520628 -0.11059227 -0.00417436
  0.28157841]",55,
185,10,2,1,0.843805650392074,,,"[-8.81419128e-02 -8.71289418e-03 -3.58469803e-02 -1.36689662e-01
 -3.84020636e-02  1.37766682e-01 -1.08796871e-01  1.20038317e-01
  1.78350611e-02 -8.44703369e-02  1.18578824e-01  1.24428337e-01
  1.50760564e-01  3.18204966e-02 -1.11259563e-02 -6.11430481e-03
 -5.09701349e-02 -2.77122687e-03  4.83954789e-03  4.03174958e-01
  2.19291405e-01 -6.33194913e-02  4.07409788e-02  3.46638317e-02
 -1.75003494e-01  5.41278968e-02 -2.37236159e-02  3.22441489e-01
 -8.30663907e-02  5.87184765e-02 -5.21527340e-02 -1.09271944e-01
 -7.05170625e-02 -7.87491758e-02 -9.54088820e-03 -9.06240870e-03
  7.06221294e-02 -1.93338885e-01 -1.26877533e-02 -1.24000434e-01
 -2.50734127e-03 -1.04114924e-01  2.65131597e-02 -3.12262684e-02
 -1.02940854e-01 -8.78014372e-02  2.49513050e-02 -3.43261568e-02
 -2.41142286e-02  6.91433149e-02  1.15383426e-02  1.03574237e-01
 -9.85336319e-02  2.17382995e-04  2.42385162e-01]",55,
205,10,2,1,0.8445349673239377,,,"[-0.10448587 -0.05373293 -0.06988521 -0.1997012  -0.02871345  0.1009198
 -0.10178441  0.10620377  0.02293434 -0.05027912  0.08762938  0.05435814
  0.13152515  0.02721982  0.002209    0.01360463 -0.05374951 -0.01720108
  0.01603479  0.35697366  0.18380099 -0.07582536  0.03227844  0.05458515
 -0.17177636  0.00942398 -0.04596749  0.29467231 -0.07633455  0.03147458
  0.0020496  -0.1287319  -0.08727464 -0.11011593 -0.01755476 -0.06060903
  0.07420101 -0.21667692 -0.04327269 -0.12424288 -0.0541736  -0.03712223
  0.02941181 -0.00557403 -0.07769628 -0.10338064  0.07523222 -0.04450586
 -0.02488069  0.06051291 -0.01163205  0.07182194 -0.06048656  0.05691641
  0.2057297 ]",55,
225,10,2,1,0.8426606914097436,,,"[-0.09162847 -0.06092487 -0.0968197  -0.18902973 -0.00445194  0.09813506
 -0.11054484  0.11480703 -0.00217167 -0.04748063  0.09063424  0.05111894
  0.11874545  0.0152617   0.00684394 -0.01355453 -0.04402169 -0.0165654
 -0.00071751  0.36134459  0.2098966  -0.10476142 -0.00382302  0.06731289
 -0.18961228  0.04255297 -0.06939182  0.30508437 -0.0876342   0.01592008
  0.03414563 -0.16270819 -0.05327094 -0.15033151 -0.05351954 -0.0795655
  0.0569734  -0.22042238 -0.01151051 -0.14383322 -0.02041893 -0.02976272
  0.03024278 -0.00707358 -0.03996103 -0.10756319  0.09482216 -0.05539209
 -0.00741645  0.05107895 -0.01877872  0.05855369 -0.05968621  0.06356714
  0.14565482]",55,
245,10,2,1,0.8339326920677115,,,"[-0.08385266 -0.0756222  -0.10813892 -0.18210479  0.01102636  0.09057985
 -0.09651472  0.11713477 -0.02313086 -0.05425806  0.11523106  0.07199827
  0.15235668 -0.03325913  0.02623905 -0.04670545 -0.00761604 -0.01460182
 -0.01366598  0.37887186  0.24192752 -0.10745503 -0.00631967  0.03999753
 -0.18300608  0.01175461 -0.07899348  0.30640216 -0.09445651  0.03646168
  0.0080677  -0.14972148 -0.06447289 -0.16211274 -0.0873511  -0.01552045
  0.01446671 -0.16998034 -0.04268821 -0.14625775 -0.00890491 -0.01689018
  0.01562538 -0.02829259  0.0136318  -0.11835371  0.09852805 -0.07477333
 -0.00085158  0.01482226 -0.00703132  0.0894462  -0.07173376  0.04809622
  0.13407575]",55,
265,10,2,1,0.8288099738700629,,,"[-0.05907772 -0.09788502 -0.11347748 -0.16927923  0.02634744  0.08544436
 -0.08440648  0.10819451 -0.03672419 -0.05894388  0.12120267  0.08768707
  0.14451075 -0.02354191  0.03603998 -0.05017761 -0.00632291  0.00070258
 -0.02430109  0.36460792  0.25719017 -0.11014832 -0.00349701  0.02178049
 -0.1868096   0.01437255 -0.07979455  0.31477199 -0.10187461  0.02709585
 -0.00189022 -0.14907496 -0.06578103 -0.16145156 -0.10085238 -0.00560341
  0.01782733 -0.165644   -0.03361672 -0.14736327 -0.0076321  -0.01050985
  0.01892407 -0.04050779  0.01623884 -0.10904094  0.09518944 -0.06248798
  0.00636046  0.02347254  0.00191768  0.08954502 -0.07009708  0.03797721
  0.13165942]",55,
285,10,2,1,0.8344043807124502,,,"[-9.15587735e-02 -9.76068305e-02 -1.40652004e-01 -1.82224362e-01
  2.94639846e-02  1.07246662e-01 -3.96154727e-02  1.04000177e-01
 -2.75593844e-02 -3.80732343e-02  1.16410792e-01  8.41117232e-02
  1.04671306e-01  7.68141461e-03  4.35232241e-02 -3.28534796e-02
 -1.29356984e-02  6.60295053e-03 -1.51494666e-02  3.60422943e-01
  2.32093852e-01 -1.38333523e-01 -8.00827645e-03  1.45040316e-02
 -1.64108008e-01  2.13200403e-02 -6.79630049e-02  2.89295005e-01
 -9.93916062e-02  3.17798454e-02 -3.67583407e-03 -1.38544357e-01
 -6.54641353e-02 -1.34027268e-01 -1.25366323e-01 -2.21666064e-02
  1.28886314e-02 -1.62353761e-01 -4.54567806e-02 -1.17630678e-01
  1.11695391e-03 -3.61431525e-02  4.60518010e-02 -5.36390694e-02
  5.30607626e-02 -7.29558740e-02  9.78912570e-02 -7.66457517e-02
  1.27554851e-03  3.33884571e-02  1.98729276e-04  1.02215460e-01
 -3.03175946e-02  4.21914581e-03  1.28114262e-01]",55,
305,10,2,1,0.8135227274249928,,,"[-0.14888138 -0.08841179 -0.11014396 -0.16740485 -0.03052649  0.07721538
 -0.03677156  0.06608195 -0.0088767  -0.08342157  0.14455477  0.11968767
  0.15156209 -0.03440739 -0.00262611  0.02079486 -0.01545333  0.00360466
 -0.04145088  0.35528641  0.24297609 -0.13012713  0.01394646  0.01584836
 -0.16942597  0.02403278 -0.02507112  0.29196039 -0.06847271  0.05196501
 -0.00813611 -0.12148166 -0.07240259 -0.08460482 -0.08313319 -0.01010738
 -0.00219904 -0.12788552 -0.05802939 -0.09702123 -0.04402507 -0.00147041
  0.0437286  -0.02971287  0.04402625 -0.0649253   0.07067333 -0.03951446
 -0.03673021  0.04880983 -0.02541781  0.12289514 -0.03520446 -0.00540113
  0.11998546]",55,
325,10,2,1,0.8009746759200544,,,"[-0.13763551 -0.07138254 -0.08928651 -0.1583127  -0.03874078  0.07375169
 -0.03409184  0.07015658 -0.01352626 -0.08065975  0.14026348  0.12965601
  0.12352364 -0.03139041  0.00948411  0.0130371  -0.01817615 -0.00992035
 -0.04104813  0.35684914  0.23944738 -0.11522688  0.00145519  0.03378008
 -0.16837391  0.00430005 -0.00851604  0.28526061 -0.07512314  0.03732255
 -0.00568556 -0.13071514 -0.08224668 -0.07475278 -0.05929028 -0.01991464
  0.02146338 -0.13192023 -0.06197138 -0.10374743 -0.02914901 -0.01128125
  0.03084121 -0.02748506  0.03701364 -0.05631448  0.07911304 -0.04568001
 -0.03391436  0.0362793  -0.01051605  0.11483492 -0.04179404 -0.01057171
  0.10826537]",55,
345,10,2,1,0.796130434214457,,,"[-0.15518283 -0.07762735 -0.08458594 -0.15341395 -0.01998453  0.07970008
 -0.03132431  0.07246588 -0.0233839  -0.08860546  0.13135076  0.13008463
  0.12785387 -0.03844873  0.02228185  0.02388504 -0.02568934 -0.03418097
 -0.03727388  0.34233407  0.23104085 -0.1131878   0.0148714   0.02465359
 -0.15724307 -0.00566078  0.01113823  0.26888467 -0.05247581  0.05186288
 -0.02887651 -0.11921087 -0.07901052 -0.05594432 -0.03890104 -0.02755703
 -0.00264341 -0.12964429 -0.05651507 -0.0874281  -0.03052605 -0.0008971
  0.02004345 -0.0264953   0.01958143 -0.04982515  0.08322664 -0.0259025
 -0.04734687  0.04999094 -0.01267407  0.12606713 -0.03866307 -0.02438948
  0.10932573]",55,
365,10,2,1,0.7813727552948229,,,"[-0.1777415  -0.06607924 -0.06218265 -0.13621875 -0.00643336  0.0806356
 -0.01907682  0.05919798 -0.03887439 -0.08118616  0.14286855  0.14020673
  0.1177439  -0.0502007   0.02751624  0.03725284 -0.05090878 -0.05265669
 -0.01460828  0.35252769  0.251474   -0.10151466  0.00649706  0.02085949
 -0.1414473  -0.00163423  0.00652625  0.27758649 -0.02691023  0.04566358
 -0.01411371 -0.10635066 -0.05308842 -0.04911664 -0.01888684 -0.04250722
 -0.00945642 -0.09950749 -0.03816782 -0.11074058 -0.0247655   0.01149298
  0.01839072 -0.02083222  0.02327733 -0.0541956   0.04313455 -0.05008892
 -0.03990548  0.07283126 -0.00632484  0.11761988 -0.03407423  0.00062451
  0.10281555]",55,
385,10,2,1,0.7738707644627323,,,"[-0.17378032 -0.08154458 -0.07068649 -0.13140738 -0.00428556  0.06302766
 -0.02357782  0.07007501 -0.04994466 -0.07787445  0.13858884  0.11836349
  0.12405232 -0.04971544  0.0092797   0.05056715 -0.05197342 -0.05260361
 -0.00693432  0.3623625   0.24770457 -0.07675596  0.01384738  0.02846266
 -0.1269637   0.00698047 -0.02479233  0.27320351 -0.01482012  0.04707093
  0.00600062 -0.09157161 -0.04656825 -0.06587301 -0.01048725 -0.05218891
 -0.00418872 -0.09243257 -0.02917033 -0.1193882  -0.01285625  0.02627868
  0.0285422   0.0065306   0.01864497 -0.04085487  0.05235043 -0.04751982
 -0.04660142  0.07579877  0.01727893  0.10201202 -0.01095005  0.00254642
  0.08348572]",55,
405,10,2,1,0.7708468548149523,,,"[-0.16984522 -0.06405487 -0.0502429  -0.12678478 -0.01106703  0.05610097
 -0.02527607  0.04839216 -0.03044119 -0.06691929  0.13951512  0.12385682
  0.1296557  -0.04998747 -0.0121792   0.05207885 -0.06723944 -0.04286778
  0.00233221  0.36599875  0.23294725 -0.05814559  0.03861875  0.02184186
 -0.11733778 -0.00286281 -0.02326485  0.26141855 -0.01118971  0.07409625
  0.00069474 -0.07535244 -0.06011153 -0.06255849 -0.00574552 -0.05315239
  0.00060812 -0.10051659 -0.03982613 -0.12821647 -0.02129284  0.03122098
  0.03017479  0.00484911  0.0213823  -0.03345049  0.0554135  -0.03129948
 -0.0220438   0.07177407  0.00687441  0.09640346 -0.00457468  0.01030705
  0.09140143]",55,
5,10,2,2,0.7953138237928465,,,"[ 1.38777878e-17  2.80746978e-02  3.83578720e-03  1.77841043e-02
  1.78805554e-02  4.57623509e-02  1.78805554e-02 -1.78805554e-02
 -2.79782467e-02  0.00000000e+00 -2.80746978e-02 -3.83578720e-03
 -1.77841043e-02 -1.78805554e-02 -4.57623509e-02 -1.78805554e-02
  1.78805554e-02  2.79782467e-02  0.00000000e+00 -2.40460083e-02
  4.58588021e-02  4.57623509e-02  1.78805554e-02  4.57623509e-02
 -4.57623509e-02 -9.64511287e-05 -2.80746978e-02  6.99048104e-02
  7.00012615e-02  4.19265637e-02  7.00012615e-02 -7.00012615e-02
  2.41424595e-02 -3.83578720e-03  9.64511287e-05  2.79782467e-02
  9.64511287e-05 -9.64511287e-05 -4.57623509e-02 -1.77841043e-02
  2.80746978e-02  0.00000000e+00  0.00000000e+00 -4.58588021e-02
 -1.78805554e-02  2.80746978e-02 -2.80746978e-02 -1.77841043e-02
 -4.57623509e-02  0.00000000e+00 -4.58588021e-02 -1.78805554e-02
  4.58588021e-02  1.78805554e-02  2.79782467e-02]",50,
25,10,2,2,0.879218145024783,,,"[-3.26322928e-02 -5.27155542e-03  2.31029147e-02  6.25098645e-02
  5.63324732e-02  1.34712581e-02  1.95002860e-02  1.07174693e-01
 -1.04824705e-01 -1.16426073e-01 -1.56728875e-01 -1.29906328e-01
 -8.50224339e-02  1.37606368e-03 -1.58667230e-01  2.24999347e-01
 -8.46099682e-02  8.55087268e-02 -1.18849657e-01  4.32202005e-02
  5.72383091e-02 -1.08517390e-01  1.56126956e-01  2.82819107e-02
  9.83930681e-02 -1.76430383e-02  5.75650679e-02  1.51463476e-01
  5.26724671e-02  1.67331721e-01  7.05235964e-02 -6.87262583e-02
  6.72288142e-03  3.73053073e-02  4.30253768e-02  1.64161747e-04
 -9.83921718e-03 -6.89373078e-02  5.52548888e-02 -9.49385194e-02
  4.62717170e-02 -2.86553899e-02  9.43835886e-02 -6.41907756e-02
 -1.68327990e-01  1.96935091e-02 -1.86376427e-03 -8.41146891e-02
 -9.95884568e-02 -1.71334199e-02  1.72764587e-02 -1.05841814e-01
  5.88601564e-02 -5.05799712e-02  6.33839341e-02]",55,
45,10,2,2,1.1145610595618183,,,"[ 0.05264248 -0.10227956  0.12006196  0.13432117 -0.1439667   0.10504576
 -0.02125697  0.37484591 -0.04923466  0.08657882 -0.05889657  0.00472246
 -0.2055382  -0.0415479  -0.1017179   0.50022686 -0.05592294  0.10517606
 -0.0638873   0.23615377  0.10323832 -0.04079183  0.18519524  0.15730112
 -0.13946754  0.14220352  0.08391379  0.10573851  0.02973073  0.24061678
  0.14404912  0.04456023  0.22574936  0.00868527  0.18342271 -0.17863296
  0.35740854 -0.21300132 -0.06762096 -0.08787065  0.18128763 -0.05105473
  0.02478716 -0.05029727 -0.19635089  0.12169164 -0.064846   -0.19343596
  0.05105513  0.05809526  0.13882528 -0.04827257  0.1994663  -0.08982226
 -0.17585274]",55,
65,10,2,2,1.4387727348832209,,,"[ 0.19896414  0.19985845  0.17730968  0.32155607 -0.33124497 -0.2038281
  0.07879908  0.45769527  0.07816225 -0.05781448 -0.20965541  0.05740648
 -0.41733144  0.11890299 -0.02248979  0.45209931 -0.04336843  0.11305382
 -0.11503301 -0.02325031 -0.27153257  0.17892027  0.4911527   0.21777299
 -0.12921331  0.18965779  0.16322675  0.13824288  0.04219814  0.01415676
 -0.11281679 -0.02807191  0.19554895  0.12378375  0.15617778 -0.16410205
  0.30779617 -0.04476303 -0.07646151 -0.02037517  0.25263271 -0.07783296
 -0.25351178 -0.1039298  -0.22310755  0.17374755 -0.26163752 -0.2452265
  0.09421279  0.01916383  0.01418277 -0.32332499  0.07349944 -0.16387197
 -0.23801129]",55,
85,10,2,2,1.0560642385235708,,,"[ 0.07861467  0.02593654  0.20521279 -0.04657188 -0.01086161 -0.09190753
  0.2450786   0.16468988 -0.04774213 -0.16775154 -0.17549109  0.03098804
 -0.20923488  0.11092527 -0.055156    0.32010006  0.09540021 -0.00604453
 -0.18786207  0.04723971 -0.03225087  0.04938819  0.40211873  0.08778628
 -0.07049339  0.1240366   0.04758203  0.18592609  0.07047819  0.13214005
 -0.20624219  0.00869924  0.06738866  0.05855075  0.11330673  0.16618222
  0.24247966  0.07302991  0.11210039 -0.04211732  0.01253511  0.03752755
 -0.09228268 -0.07468546 -0.07496388  0.00983646 -0.11779511 -0.12672088
  0.14350981  0.03828449 -0.0523864  -0.05787609  0.0888901  -0.1656614
 -0.13713818]",55,
105,10,2,2,0.9391021716407602,,,"[ 7.15551354e-02  1.38358452e-01  1.58972895e-01 -6.80955376e-03
  9.59775910e-03 -3.57338188e-02  1.80392438e-01  1.20456871e-01
  1.39337398e-02 -1.23121715e-01 -8.14208037e-02 -7.05650769e-02
 -1.26082143e-01  1.00071337e-01  1.73260951e-02  2.35085108e-01
  4.73720858e-03 -6.78773218e-02 -1.08758604e-01  7.32948884e-02
 -8.24786423e-02  6.74501475e-02  2.39545304e-01  8.22121365e-03
  1.81041726e-02  8.66850284e-02 -2.98126177e-02  1.53205231e-01
 -2.76506625e-02  8.15635850e-02 -1.50895785e-01 -6.07563788e-02
 -1.45880680e-04  6.27012887e-02  8.04566296e-02  7.73343901e-02
  1.49396306e-01  8.33286294e-02  1.40850540e-02 -1.30075343e-01
 -2.44534732e-02 -7.84705087e-02 -1.28192981e-01 -1.26587842e-01
 -4.46396360e-02  3.79934229e-04 -6.55124234e-02 -1.47734056e-01
  1.47818127e-01  9.33082588e-02 -3.09356314e-02 -7.11108814e-03
  7.22717619e-02 -6.99964617e-02 -2.49161800e-03]",55,
125,10,2,2,0.8665126859401766,,,"[ 0.04284852  0.11661002  0.23186207  0.1314016  -0.08701221 -0.05588878
 -0.01967454  0.11175876  0.04856862 -0.07596475 -0.18399412 -0.15191922
 -0.12705659  0.03431421  0.03141029  0.09125632 -0.02502238 -0.10250031
 -0.00832083  0.03797491 -0.12147774  0.06068676  0.1726183  -0.01680293
 -0.00105411 -0.08429646  0.05956284  0.01880564  0.04225464 -0.00630242
 -0.12338968 -0.07570609 -0.01768581 -0.00628721  0.03751242 -0.03905794
  0.08891568 -0.00728278 -0.11349124 -0.07458295  0.02695435 -0.0168961
 -0.13551064 -0.12322339 -0.05648179  0.07429577 -0.03710216 -0.07994335
  0.07987312  0.13427359 -0.02349561 -0.00634524  0.00731458  0.00496297
 -0.02169337]",55,
145,10,2,2,0.8053306567305867,,,"[-0.04523381  0.08929637  0.21562171  0.01009498 -0.09125192  0.01039543
 -0.0433817  -0.00584075 -0.03124245 -0.11221762 -0.06584196 -0.09300669
 -0.08882674  0.05411311 -0.02662706  0.19778367  0.052156   -0.02856061
 -0.01483079  0.20979943 -0.01861082  0.04838823  0.08616965  0.07673667
  0.004901    0.01911155  0.08444438  0.01620404  0.08482887  0.02502032
 -0.07284713 -0.03882852  0.00050528  0.08636896  0.06945779 -0.05443648
  0.13304934  0.04999063 -0.00063909 -0.05132196 -0.03774992  0.04915929
 -0.01916775 -0.04486363 -0.00809944  0.04468928 -0.05453448 -0.06789537
  0.07093475  0.17821511  0.03100252  0.03733863  0.00743591  0.0442822
  0.0830915 ]",55,
165,10,2,2,0.7653441228582654,,,"[ 0.00529287  0.07938297  0.1561289   0.03679013 -0.06955404  0.00378474
 -0.04134306  0.00175632 -0.03964126 -0.10919943 -0.01626548 -0.0833542
 -0.07486626  0.05708722 -0.00288025  0.16703564 -0.00874037 -0.04130019
  0.03594016  0.17481932 -0.0149125   0.03928083  0.06921041  0.08082619
  0.01532735  0.01591893  0.07402624  0.02070271  0.07150576  0.03199189
 -0.03460215 -0.00538387  0.02647484  0.01770151  0.0987567  -0.03696339
  0.13347409  0.05441502 -0.01966772 -0.03225597 -0.01181823  0.0139892
 -0.01846941 -0.0077005  -0.02056981  0.03614178 -0.05500998 -0.07100177
  0.04176865  0.13022192  0.01868561  0.03049808 -0.02272713  0.04198893
  0.08049058]",55,
185,10,2,2,0.7683450933155348,,,"[-0.05603367 -0.0166838  -0.00050425 -0.03290582 -0.01293583  0.07660669
 -0.09175034  0.04840232 -0.04881801 -0.10373153  0.10234165 -0.0247727
  0.02898928  0.01865356  0.09934008  0.0987156  -0.09629701 -0.01700948
  0.02779679  0.28591712  0.12769492 -0.01136373  0.01109173  0.11785393
 -0.03546582  0.06786071  0.03218432  0.12159435 -0.04801141  0.0310649
  0.03665906 -0.07140836  0.05344994 -0.02180053  0.03829424 -0.03153714
  0.12542341 -0.01631638  0.00905279 -0.03319935  0.09910242 -0.05588053
  0.02813681 -0.09615353 -0.08512925 -0.06473945  0.0130049  -0.08340778
 -0.0049489   0.05400036  0.07955568  0.06763329 -0.13274436 -0.0022872
  0.14015558]",55,
205,10,2,2,0.7571502173388939,,,"[-0.06304244 -0.00527175  0.01798165 -0.01987104 -0.04602232  0.04671092
 -0.06314734  0.06440379 -0.07750002 -0.14157002  0.05628594  0.03038984
 -0.00489463 -0.02591797  0.01819123  0.09304503 -0.0999234  -0.04507812
 -0.01020706  0.28865328  0.1080138  -0.04699301  0.00782458  0.05978807
 -0.05207486  0.06375392  0.02488162  0.13516609  0.01003724  0.07110004
 -0.01683958 -0.066521    0.01882774 -0.03390983  0.00978032 -0.03788011
  0.05442474 -0.02089887  0.01849638 -0.06889611  0.03434476 -0.05206514
  0.02255788 -0.10173357 -0.10414829 -0.05071829 -0.01075047 -0.08591592
 -0.03278181  0.04315839  0.07257631  0.08700365 -0.0708277   0.00493782
  0.13800007]",55,
225,10,2,2,0.7671613757891578,,,"[-0.06694154  0.00600452  0.02288803 -0.02693385 -0.02917518  0.03988765
 -0.0377919   0.07874252 -0.05283191 -0.1460256   0.04418431  0.04394443
 -0.00817374 -0.01221496  0.00215056  0.07942298 -0.08342216 -0.08249062
 -0.00406786  0.30128209  0.11921126 -0.04653053 -0.02031622  0.01893807
 -0.06702878  0.03046917  0.03143159  0.17880767  0.03779598  0.03652204
 -0.02970424 -0.08075941 -0.01732917 -0.0023093   0.02003364 -0.05758727
  0.01703489 -0.06479671  0.00759446 -0.08305189 -0.00214063 -0.0636339
  0.00793149 -0.13293935 -0.06771277 -0.04426592  0.01458007 -0.0732437
 -0.04678886  0.08199787  0.10145585  0.08307715 -0.06027898 -0.0109997
  0.13099078]",55,
245,10,2,2,0.7750316936762158,,,"[-0.09656061 -0.04614367 -0.04096013 -0.07815003 -0.00343533  0.0636899
 -0.05485575  0.13543737 -0.04880595 -0.11817156  0.08214327  0.0797911
  0.04801949 -0.02749386  0.01412543  0.04574679 -0.08279371 -0.09493102
 -0.02927971  0.33413487  0.16117721 -0.07372447 -0.00956575  0.04081387
 -0.11689266  0.00215611  0.03153755  0.22307162  0.00806368  0.02346486
 -0.02080453 -0.10111622 -0.03356149 -0.05495754 -0.02004222 -0.05286318
 -0.01273375 -0.0914268  -0.01660629 -0.12664303  0.01489485 -0.06284002
  0.0041407  -0.08554969 -0.03257472 -0.08216445  0.01481073 -0.05435947
 -0.04264956  0.08807779  0.06314214  0.0847869  -0.04422369  0.0364728
  0.15065133]",55,
265,10,2,2,0.7759700366387489,,,"[-0.10112814 -0.03724305 -0.01573736 -0.07273589 -0.00458854  0.06977268
 -0.04534791  0.11758988 -0.0154145  -0.09065229  0.09016122  0.07918587
  0.08433848 -0.01030694 -0.00222717  0.0225226  -0.08633411 -0.0769341
 -0.02987779  0.32184977  0.14888071 -0.08796032  0.00114981  0.02100278
 -0.12019369 -0.00669755  0.01149327  0.22241019  0.00259695  0.03477667
 -0.03030585 -0.10122246 -0.03477056 -0.06209408 -0.01444044 -0.07786132
 -0.00300477 -0.11620101  0.00083879 -0.11678206 -0.02332335 -0.01660806
 -0.00694981 -0.08968158 -0.01479642 -0.05043563  0.02055441 -0.0542156
 -0.02802155  0.1062835   0.03866605  0.07436216 -0.0432219   0.03626206
  0.13975905]",55,
285,10,2,2,0.7856961071370631,,,"[-1.45710761e-01 -2.34079803e-02 -1.43027086e-02 -8.22418218e-02
 -1.50708472e-02  8.87188511e-02 -3.83612711e-02  1.10012542e-01
  6.42717494e-03 -1.20225727e-01  1.07630843e-01  9.63681483e-02
  8.79141346e-02 -2.32682317e-02 -1.51099475e-02  4.64897657e-02
 -1.03851355e-01 -9.43017645e-02 -1.20325596e-02  3.51871322e-01
  1.68977334e-01 -1.12555323e-01  1.88109707e-03  1.69586749e-02
 -1.29599106e-01 -9.83688501e-03  1.55833635e-02  2.45886241e-01
 -1.34381446e-02  6.78834112e-02 -1.79875638e-02 -8.80996187e-02
 -6.00483297e-02 -2.06426148e-02 -2.69136150e-02 -8.16168436e-02
  8.86723317e-03 -9.77208593e-02 -2.68781844e-02 -7.56659456e-02
 -2.83963463e-02 -3.57851972e-02 -3.23082825e-04 -6.16876504e-02
 -5.24489281e-02 -6.74285076e-02  1.81420801e-02 -2.81657973e-02
 -4.92913280e-02  8.69640682e-02 -3.82847940e-03  8.51470557e-02
 -9.80949088e-03  1.41354940e-02  1.38431995e-01]",55,
305,10,2,2,0.7812573345592756,,,"[-0.14942169 -0.01672443  0.00381131 -0.06812817 -0.02146335  0.09109246
 -0.03773265  0.10562427 -0.00410481 -0.10627209  0.1033491   0.09962165
  0.09115902 -0.02351639 -0.0332206   0.05096294 -0.10657005 -0.08900226
 -0.00471824  0.34278435  0.18670581 -0.11664555  0.00036166  0.0279729
 -0.11830077 -0.00962344  0.01287353  0.24077122 -0.01388458  0.06939931
 -0.02665533 -0.08969881 -0.06493996 -0.02163697 -0.01999951 -0.07299158
  0.02598037 -0.09494688 -0.02205184 -0.08242334 -0.04722465 -0.03656695
  0.00128453 -0.06662409 -0.05445946 -0.06062325  0.02526042 -0.02084308
 -0.03471505  0.07168803 -0.01101911  0.08168353 -0.01587319  0.00704838
  0.13185423]",55,
325,10,2,2,0.7626337533092475,,,"[-0.15559546 -0.03170397 -0.01595915 -0.07118824 -0.02474972  0.05754603
 -0.04595963  0.08094247 -0.04529078 -0.09581442  0.10918005  0.09623404
  0.09537224 -0.0371009  -0.01817599  0.05495262 -0.09191079 -0.06213935
 -0.01347046  0.36595     0.20256602 -0.08410613  0.03483096  0.03220696
 -0.09852539  0.02398812 -0.00257028  0.25590235 -0.00626231  0.08071448
 -0.01145101 -0.06836742 -0.04086345 -0.03396525 -0.02379318 -0.06988956
  0.04331557 -0.0915022  -0.02026989 -0.07796784 -0.03295064 -0.00710594
  0.01700617 -0.0436698  -0.05691557 -0.03062798  0.03959882 -0.00658919
 -0.0271469   0.0694768  -0.00310001  0.06985559 -0.01080189 -0.02215253
  0.11322843]",55,
345,10,2,2,0.7755453969359059,,,"[-0.17768257 -0.0447157  -0.04922511 -0.09493225 -0.01147427  0.04565017
 -0.00944816  0.04471365 -0.03225773 -0.06665164  0.11772886  0.10482025
  0.11785426 -0.043894   -0.01183787  0.04267796 -0.07388617 -0.06193786
 -0.01315665  0.36695241  0.18682861 -0.06143004  0.03872326  0.0100569
 -0.08456689 -0.00063638 -0.02883785  0.24638565  0.01269519  0.08009546
 -0.01925922 -0.04854356 -0.06112136 -0.04939259 -0.01579346 -0.04970923
  0.01281368 -0.09194597 -0.06760708 -0.11560507 -0.05365754  0.02714185
  0.00260198 -0.01522997 -0.00338071 -0.02936536  0.04916452 -0.0250051
 -0.03960419  0.05116631 -0.01637097  0.09019652  0.0093347  -0.02957656
  0.09426377]",55,
365,10,2,2,0.7808530661843424,,,"[-1.66315517e-01 -4.62261097e-02 -3.47645365e-02 -1.02821962e-01
 -8.51617260e-03  6.01272684e-02 -8.41601528e-03  4.74987772e-02
 -1.74907374e-02 -7.64794007e-02  1.14595842e-01  1.16642479e-01
  1.38753436e-01 -3.93566441e-02 -2.44448713e-02  6.41397556e-02
 -6.94484190e-02 -6.17112033e-02  1.04590827e-02  3.59307121e-01
  1.96753272e-01 -7.05186816e-02  3.08025554e-02  1.66554458e-02
 -8.14073029e-02 -1.77414443e-02 -1.58050569e-02  2.30143252e-01
  1.56936017e-02  8.32633800e-02 -5.10883639e-03 -4.65488350e-02
 -7.55009431e-02 -4.17425747e-02 -1.61999783e-03 -5.13455264e-02
  7.27411354e-03 -9.30038771e-02 -7.29816671e-02 -1.24481741e-01
 -5.16428680e-02  4.42190649e-02  1.49417112e-04 -1.29603837e-02
  6.70162901e-03 -4.54717729e-02  3.66059292e-02 -1.88205159e-02
 -4.90728055e-02  6.10171529e-02 -2.87570474e-02  1.00510156e-01
 -1.56457137e-03 -1.50163527e-02  7.54855265e-02]",55,
385,10,2,2,0.7769759430089437,,,"[-0.16242479 -0.05306799 -0.03660323 -0.11653698 -0.01572673  0.04092229
 -0.00788402  0.04170133 -0.03283952 -0.08296879  0.13579461  0.12640561
  0.1433955  -0.03596301 -0.01303962  0.04723173 -0.05592332 -0.05971499
 -0.00490582  0.36009993  0.22103801 -0.05401548  0.03690583  0.01739477
 -0.08820753 -0.01900531 -0.0268176   0.25729289  0.01816138  0.08312495
  0.0058566  -0.05511223 -0.07876465 -0.0548967  -0.00761908 -0.0449789
 -0.00075898 -0.08477555 -0.06424486 -0.13191825 -0.04207669  0.04080123
  0.01746389  0.000984    0.00583648 -0.03352071  0.03798414 -0.03033784
 -0.03632556  0.07551381 -0.01525528  0.12005064 -0.00263906 -0.00575358
  0.09903011]",55,
405,10,2,2,0.7708468548149432,,,"[-0.16984522 -0.06405487 -0.0502429  -0.12678478 -0.01106703  0.05610097
 -0.02527607  0.04839216 -0.03044119 -0.06691929  0.13951512  0.12385682
  0.1296557  -0.04998747 -0.0121792   0.05207885 -0.06723944 -0.04286778
  0.00233221  0.36599875  0.23294725 -0.05814559  0.03861875  0.02184186
 -0.11733778 -0.00286281 -0.02326485  0.26141855 -0.01118971  0.07409625
  0.00069474 -0.07535244 -0.06011153 -0.06255849 -0.00574552 -0.05315239
  0.00060812 -0.10051659 -0.03982613 -0.12821647 -0.02129284  0.03122098
  0.03017479  0.00484911  0.0213823  -0.03345049  0.0554135  -0.03129948
 -0.0220438   0.07177407  0.00687441  0.09640346 -0.00457468  0.01030705
  0.09140143]",55,
5,10,2,3,1.0606791930383168,,,"[ 0.00013859 -0.00207115  0.02805672  0.03206043  0.00244072 -0.00036957
  0.00023098 -0.00013859  0.03012787  0.         -0.00193256 -0.03206043
 -0.02805672  0.00230213 -0.00023098  0.00036957  0.         -0.02998928
 -0.00013859  0.03012787  0.02998928  0.00036957 -0.00244072  0.00230213
  0.00193256  0.02805672  0.00207115 -0.00013859 -0.0297583   0.02768715
  0.03243     0.03206043 -0.00207115 -0.02805672 -0.03035885  0.03243
  0.02768715  0.02805672  0.00193256 -0.03206043  0.00207115 -0.00193256
 -0.00230213 -0.02768715 -0.00244072 -0.00013859  0.00023098  0.0297583
  0.00036957 -0.00036957  0.03035885 -0.00023098  0.02998928  0.00013859
 -0.03012787]",53,
25,10,2,3,1.074537046434021,,,"[-0.00964029 -0.07025438 -0.0283887   0.01206146 -0.02502357  0.10914005
  0.01135779  0.03209669 -0.03444795  0.07645606  0.02621075  0.10690178
 -0.16508028  0.03221248 -0.10658268  0.06146217 -0.07549814 -0.00726464
 -0.12718535  0.20385348  0.13539455  0.05599369 -0.07888812  0.01972076
 -0.01673066 -0.10470234  0.06994454  0.12860352  0.05385828  0.02959727
 -0.10871147 -0.03008677 -0.04705376 -0.08874271 -0.03075335  0.09786179
  0.13254693 -0.03932554 -0.06254451 -0.14332903 -0.02700078  0.02775974
 -0.11714424 -0.06523189 -0.05128196  0.05931128  0.0185226   0.1362967
 -0.02208649  0.04728459  0.02302284  0.08274379 -0.01282375  0.02466514
  0.03475779]",55,
45,10,2,3,1.7034672978425869,,,"[-0.11591433  0.59142973  0.22350083  0.00649317 -0.40556457  0.07534605
 -0.20496686  0.14744907  0.29034945  0.21840524 -0.12010091  0.05680288
 -0.04963674 -0.20067659 -0.18064142  0.35513388 -0.26813659  0.28007361
 -0.96827925  0.11608663 -0.15477743 -0.16735901  0.03708105  0.2492439
 -0.07699672 -0.12068439  0.05670506  0.83528978 -0.04121386 -0.08159309
 -0.16952528 -0.15996375 -0.28645866 -0.21889724  0.17350092 -0.10179347
  0.05248348 -0.22556663  0.33108057 -0.35967989  0.28609235 -0.33832228
 -0.02675484  0.05563127  0.20005469 -0.1323796   0.22635876  0.12985491
  0.15448698 -0.20381032  0.35758607 -0.06818021  0.09357692  0.41841948
 -0.35758607]",55,
65,10,2,3,3.378606894187072,,,"[-0.74869559  0.83549714  0.46732184 -1.07938343  0.71554828  1.16626379
 -0.48860823 -0.48997127  1.49960621  0.35401719  0.92027928  0.92278928
 -0.94505262  0.42867319  0.71121991 -0.52241209 -0.2698419   1.27702396
  0.34652072 -0.6415895   1.1114399  -0.72582703 -0.67357388  0.56514632
 -0.0025075  -1.13599078 -0.30575949  1.51925242 -1.0458285  -0.1857607
 -0.11687042  0.04998836 -1.15293498 -0.03839722  0.2044561   0.14924952
 -0.06069388  0.53084444  0.73204598  0.25171974  0.18021322  0.11805574
 -0.62725944 -0.82787124 -0.29395663 -0.45289588  0.15477828 -0.71913869
  0.37868221  0.06523294  0.27952601 -0.23979501  0.42902086  0.03968712
 -0.23962858]",55,
85,10,2,3,1.255220877073507,,,"[-2.76745252e-01  3.85196764e-01  5.96664901e-03  1.33496364e-01
 -1.40232903e-01  1.11015685e-01 -2.72799864e-01 -1.55232886e-01
  1.58547409e-01 -8.36322680e-02  4.36703788e-01  4.56913732e-01
  3.32312701e-01 -3.30965118e-02 -8.50031394e-02 -8.61680916e-02
 -2.27418066e-02  1.30786718e-01 -8.19907623e-02  5.27656317e-01
  2.81558536e-01 -2.32955007e-01 -3.30317786e-02  2.52058733e-01
 -8.17543979e-02 -1.63455705e-01 -5.03465479e-02  8.00857323e-01
 -1.77603578e-01  9.93561808e-03 -2.48457131e-02 -1.10269342e-02
 -2.12019895e-01 -6.92666509e-02  1.46393865e-01 -3.42905586e-02
  1.99796537e-01 -1.02355496e-01 -1.36281676e-01 -1.87976306e-01
  1.25581851e-04 -1.75339073e-01 -2.94107661e-02 -1.44289343e-01
 -4.32323095e-02 -1.55269506e-01  2.26219836e-01  1.23531560e-01
  2.12771346e-01 -1.15480030e-01  1.89008351e-01 -2.75356761e-02
 -3.06826900e-01 -1.57650028e-02 -3.00955747e-01]",55,
105,10,2,3,1.091755862518707,,,"[-2.81735967e-01  2.75461146e-01 -3.41410622e-02  1.34339144e-01
 -1.53975795e-01  8.77776573e-02 -2.55789786e-01  6.60808735e-02
 -9.47153858e-03 -1.48467393e-01  4.37423162e-01  2.12046952e-01
  3.86695936e-01 -6.20943536e-02 -5.06781064e-02  1.29709755e-01
 -5.20607463e-02  1.83918135e-02  4.54519102e-02  6.24719431e-01
  2.88371462e-01 -1.20617700e-01 -9.45874792e-03  8.26900555e-02
 -1.60134024e-01 -5.36088593e-04  2.89738730e-02  6.42519143e-01
 -1.99445767e-01  1.33253687e-02  2.18009581e-02 -1.38541309e-01
 -6.64446422e-03 -5.34003192e-02  2.34630551e-01 -1.35983376e-01
  1.50369742e-01 -1.57706721e-01 -1.01691806e-02 -2.72653693e-02
  1.92275531e-02 -1.44509137e-01 -2.52670947e-02 -7.72779319e-02
 -5.01192027e-02 -1.31427564e-01  1.03488071e-01  1.83299870e-01
  1.14047227e-01 -1.97731007e-01  1.31640650e-01 -8.39470250e-02
 -3.15414247e-01  9.71862667e-03 -2.46794863e-01]",55,
125,10,2,3,1.0200804214103107,,,"[-0.22027373  0.20895323  0.06710753  0.01702049  0.02770632  0.05641004
 -0.20880873 -0.04088433 -0.02578731 -0.16209755  0.3636645   0.28796171
  0.30303344  0.05472515 -0.03899964  0.11978822 -0.18632474  0.00134852
  0.02181879  0.54918821  0.32659424 -0.15100116  0.01843293  0.10164403
 -0.1160906  -0.00402439  0.03458505  0.54059851 -0.15140089 -0.02944235
 -0.01568059 -0.09368168 -0.03117724  0.01517108  0.14087924 -0.0667765
  0.13971766 -0.22664067 -0.05943191 -0.06458686 -0.08462487 -0.15473322
  0.02941249 -0.12161211  0.07114715 -0.13836215  0.13387478  0.07978489
  0.14936491 -0.11478003  0.06537828  0.02338126 -0.20231584 -0.08636058
 -0.19945797]",55,
145,10,2,3,0.8535694754260539,,,"[-1.63000275e-01  1.65121218e-01 -1.60451854e-02 -3.72046940e-03
  1.30232867e-02  5.29213837e-02 -8.66226027e-02  9.50622788e-02
 -1.11079220e-02 -1.75361310e-01  3.44606176e-01  1.89030150e-01
  2.87647260e-01 -7.23640402e-02 -6.33896511e-02  9.66405356e-02
 -6.84047505e-02 -4.52885997e-02  8.49320660e-02  5.37385021e-01
  2.56913030e-01 -1.15164142e-01 -3.13496887e-02  6.16191723e-02
 -1.10570614e-01 -7.99132117e-02 -1.19493730e-02  3.79828599e-01
 -5.15015963e-02  5.97849977e-02  9.76684534e-02 -1.10010981e-01
 -4.63982091e-02 -1.03652618e-01 -4.48563436e-02 -1.35729022e-01
  4.98562741e-02 -1.79357898e-01 -4.78108680e-02  3.21078924e-02
  4.13858036e-02 -9.55114973e-02 -3.31169015e-04 -7.30780600e-02
 -7.92246299e-03 -9.20868545e-02  5.37950877e-02  4.42891279e-02
  6.77797995e-02 -4.75436446e-02  6.62756184e-02  9.95777077e-02
 -1.47452619e-01 -7.87270329e-02 -1.18895510e-01]",55,
165,10,2,3,0.8397500664834797,,,"[-0.21175782  0.06464059  0.02376438 -0.04820472 -0.01920993  0.0245599
 -0.12512914  0.05976854 -0.01977176 -0.2081877   0.30741196  0.23524854
  0.19969153 -0.06710567 -0.1234034   0.05578402 -0.04373977  0.00674211
  0.11222607  0.47912163  0.25922565 -0.13159036 -0.09685789  0.07651832
 -0.08979939 -0.07978304 -0.03402085  0.30735867 -0.04055364  0.01751397
  0.11125615 -0.0594948  -0.05134447 -0.08349351 -0.08988933 -0.19191067
  0.05359988 -0.15962427  0.01969085 -0.01614176 -0.03400582 -0.07102004
  0.03239466 -0.11445588 -0.07587084 -0.11314237  0.02980614  0.04726226
  0.01628954 -0.05297762 -0.00918061  0.03924837 -0.09427334 -0.01889448
 -0.07362623]",55,
185,10,2,3,0.8375763401833279,,,"[-0.2225731   0.00374399  0.04543427 -0.09301439  0.0045184   0.04649681
 -0.13048863  0.0854582  -0.05228845 -0.2074001   0.29543256  0.24907834
  0.12858353 -0.05697383 -0.1044014   0.05909512 -0.13305727  0.02405052
  0.07120219  0.44451768  0.26799068 -0.0624677  -0.03003728  0.03204897
 -0.11553295 -0.08227018 -0.07995051  0.29022204 -0.02133682  0.03894532
  0.10403735 -0.08079448 -0.07335647 -0.07258753 -0.01585126 -0.15717432
  0.02826382 -0.20739702  0.04982455 -0.02597384 -0.03480596 -0.07334248
  0.09214127 -0.07723916 -0.046877   -0.12762801  0.02352319  0.09016565
  0.01748473 -0.04884444  0.01169746  0.05183786 -0.08474744  0.00614456
 -0.08269033]",55,
205,10,2,3,0.8372058804770739,,,"[-0.18725322  0.0154413  -0.00155928 -0.08534061  0.02151694  0.07811102
 -0.13048128  0.15315813 -0.05368317 -0.17116593  0.26115793  0.22189655
  0.09888196 -0.03435296 -0.10730885  0.09033744 -0.11800586  0.03077149
  0.05087835  0.4305463   0.21289503 -0.0497766  -0.04956111  0.06336741
 -0.11772606 -0.05627672 -0.1090064   0.28400393 -0.01411005 -0.02290075
  0.11501905 -0.11029809 -0.10147257 -0.10334657  0.00891479 -0.15261753
  0.05401975 -0.18943493  0.04367331 -0.05097955 -0.01281762 -0.11069821
  0.05703627 -0.05597078  0.00402307 -0.14197966  0.06971158  0.09286452
  0.04551164 -0.06796952  0.00271602  0.07606736 -0.03419946  0.02575009
 -0.06491903]",55,
225,10,2,3,0.8157068830136177,,,"[-0.19642516 -0.01317897  0.00344157 -0.06543042 -0.05193987  0.02118429
 -0.13163484  0.10403994 -0.08337352 -0.16873608  0.2653348   0.22991311
  0.10929418 -0.08167482 -0.12188862  0.06626191 -0.0560613  -0.02686023
  0.01930901  0.44699175  0.23660517 -0.05605895 -0.05414579  0.09012066
 -0.14854402 -0.00806325 -0.0904985   0.29348389  0.02848903  0.03296929
  0.12729056 -0.1186583  -0.05810589 -0.07235017 -0.01712356 -0.16834998
  0.00773599 -0.16128263 -0.00219393 -0.08025243 -0.02100593 -0.08403409
  0.02480734 -0.04861075  0.00061469 -0.10334804  0.02998344  0.10334638
  0.03098504 -0.06588229  0.01502927  0.06909526 -0.05878009 -0.00588352
 -0.0444887 ]",55,
245,10,2,3,0.8161684522649426,,,"[-0.18837138 -0.02366419 -0.01702438 -0.09787064 -0.0091195   0.06790303
 -0.08727588  0.07008657 -0.0444025  -0.12776639  0.23947718  0.21026827
  0.17576433 -0.05602833 -0.07661045  0.05985821 -0.0251958  -0.06797083
  0.01307458  0.43618205  0.25498417 -0.04566048 -0.04333147  0.0267243
 -0.16295306 -0.01588111 -0.06728097  0.3115363   0.03125873  0.02099513
  0.06621381 -0.09523632 -0.08187029 -0.07704018 -0.00704371 -0.12512518
 -0.01415894 -0.14998342 -0.0260069  -0.11878184 -0.01296735 -0.00065416
  0.04913861 -0.01013826  0.01173714 -0.12069569  0.10782902  0.05001461
 -0.00202109 -0.037457    0.02484427  0.08876926 -0.05362989 -0.01187991
  0.00250195]",55,
265,10,2,3,0.8051983153454927,,,"[-0.21421063 -0.0318326  -0.07117747 -0.1260371   0.01570595  0.10619111
 -0.04759669  0.08320601  0.02057388 -0.11240741  0.2389507   0.1767146
  0.18302004 -0.0628927  -0.06039307  0.09064596 -0.05092704 -0.03596431
  0.01589974  0.39227095  0.21868743 -0.0163023   0.0226393   0.0255459
 -0.14683661  0.00559939 -0.05580548  0.26770126  0.0245893   0.05291669
  0.06027537 -0.09187256 -0.04903001 -0.11490386  0.00849185 -0.06610265
 -0.02521796 -0.11601622 -0.01884594 -0.13797539 -0.03116428  0.01312512
  0.04188448  0.01604964  0.0201228  -0.1149373   0.10379435  0.01252382
  0.00181579  0.02461872  0.02182667  0.11849245 -0.03214714  0.02689151
  0.05629058]",55,
285,10,2,3,0.7891875163082688,,,"[-0.1973872  -0.03748823 -0.05167391 -0.13083255  0.0217504   0.08827714
 -0.05364449  0.07241204 -0.01422262 -0.10772642  0.25942418  0.19077452
  0.1626194  -0.04670779 -0.04837329  0.08575471 -0.04934841 -0.02955868
  0.02757323  0.40591996  0.225702   -0.00277631  0.00625353  0.03294074
 -0.14977941 -0.00548019 -0.0418377   0.27181155  0.03883211  0.05004865
  0.05934384 -0.0902892  -0.05784662 -0.09545175  0.01261216 -0.0591394
 -0.00417186 -0.11444019 -0.01664007 -0.13795883 -0.03888314  0.01485642
  0.04202229  0.01302089  0.03493601 -0.09923595  0.07701314  0.00129997
  0.0029301   0.03705975  0.01504212  0.10855186 -0.02378232  0.03185424
  0.03972606]",55,
305,10,2,3,0.7862197088005638,,,"[-0.18078396 -0.05999714 -0.04893668 -0.100143    0.03686372  0.1116556
 -0.04092941  0.06102166 -0.04622919 -0.11201501  0.25234853  0.20400196
  0.17939831 -0.02941572 -0.03163412  0.09440583 -0.06258461 -0.04868511
  0.01570367  0.42003401  0.21783029 -0.01668319 -0.01950151  0.03401134
 -0.14249019  0.00678994 -0.03845075  0.24480432  0.0144578   0.04448914
  0.04451855 -0.0809025  -0.05263873 -0.09120186  0.02273953 -0.05441904
  0.00493708 -0.11443354 -0.02086502 -0.15614495 -0.03587223  0.02488568
  0.04787786  0.00473188  0.01697003 -0.09285995  0.06335095 -0.01130429
 -0.00798037  0.04746276  0.00746247  0.10166959 -0.02096471  0.03229805
  0.05402175]",55,
325,10,2,3,0.781715403727286,,,"[-0.16466409 -0.04980557 -0.04277146 -0.10425899  0.01939799  0.10615349
 -0.03680374  0.06327299 -0.06166205 -0.06057338  0.22674348  0.17413148
  0.18577508 -0.01776188 -0.02662496  0.08250497 -0.06667393 -0.02834983
  0.02386506  0.39268582  0.24871547 -0.03457244  0.00634545  0.04358599
 -0.10731662 -0.01579682 -0.03192586  0.25674533 -0.00516649  0.06062817
  0.04156797 -0.0632575  -0.06195777 -0.09758712  0.0254498  -0.05731275
  0.02325291 -0.09944846 -0.03087811 -0.13969353 -0.0408428   0.03689597
  0.03843992 -0.01066687  0.03794348 -0.08652592  0.08201137 -0.0403823
 -0.0052695   0.04346958  0.00573221  0.07724437 -0.01988652  0.02327262
  0.08172762]",55,
345,10,2,3,0.7830503151336978,,,"[-0.1763716  -0.06761399 -0.04215124 -0.1101498   0.01217785  0.08435017
 -0.02926504  0.05193377 -0.05476603 -0.05928408  0.19643459  0.15901266
  0.16815502 -0.02386458 -0.02298894  0.07266289 -0.07502888 -0.03814975
  0.014279    0.38073183  0.24238761 -0.04625015  0.02319882  0.05083096
 -0.10036799  0.00775413 -0.02895858  0.25440305 -0.00584069  0.0771422
  0.04125909 -0.06621489 -0.04179416 -0.08301929  0.01261659 -0.06226533
  0.01239262 -0.09366515 -0.04701396 -0.13747355 -0.04169433  0.05472005
  0.0278798   0.00134575  0.01742062 -0.05149176  0.07682695 -0.02557661
 -0.005971    0.05181205 -0.01140317  0.10220228  0.00268505 -0.0008612
  0.10043709]",55,
365,10,2,3,0.7855081983047387,,,"[-0.15890769 -0.05033654 -0.03302062 -0.10169534  0.01026408  0.08637143
 -0.01849782  0.05326897 -0.04510143 -0.07215295  0.17884652  0.14136396
  0.16836317 -0.02588614 -0.00775222  0.07944446 -0.07331424 -0.03446259
  0.00172551  0.3827331   0.23863208 -0.04267033  0.04112721  0.05278228
 -0.09865381  0.00582028 -0.03361872  0.26188574  0.00597988  0.08205538
  0.034886   -0.06151228 -0.04981733 -0.08162377  0.00882357 -0.06743857
  0.02421277 -0.11173616 -0.05246449 -0.13824007 -0.0383302   0.0465128
  0.02346263  0.01423526  0.01756302 -0.04541993  0.07593642 -0.0176473
 -0.00916733  0.07975866 -0.01552942  0.1220505   0.00773874  0.00202585
  0.09897437]",55,
385,10,2,3,0.7782994563522186,,,"[-0.15654175 -0.06419604 -0.04628112 -0.10787273  0.00399934  0.06991132
 -0.01131329  0.04029989 -0.04282196 -0.05157773  0.15494432  0.12220422
  0.14421974 -0.04675006 -0.0041691   0.07251738 -0.07853441 -0.03039421
  0.00351971  0.36422343  0.23225518 -0.05413416  0.03938096  0.0381405
 -0.12240428 -0.00269109 -0.0353045   0.26133927 -0.00195598  0.06295727
  0.02479695 -0.09427378 -0.05966123 -0.06790959 -0.00819283 -0.06152611
 -0.00070054 -0.116292   -0.04689088 -0.12827279 -0.03425439  0.0402684
  0.02322211  0.00158976  0.0329857  -0.03500857  0.06081609 -0.03440994
 -0.02547326  0.08479435 -0.00581581  0.11592341  0.00431428  0.00333744
  0.08177484]",55,
405,10,2,3,0.7708468548149443,,,"[-0.16984522 -0.06405487 -0.0502429  -0.12678478 -0.01106703  0.05610097
 -0.02527607  0.04839216 -0.03044119 -0.06691929  0.13951512  0.12385682
  0.1296557  -0.04998747 -0.0121792   0.05207885 -0.06723944 -0.04286778
  0.00233221  0.36599875  0.23294725 -0.05814559  0.03861875  0.02184186
 -0.11733778 -0.00286281 -0.02326485  0.26141855 -0.01118971  0.07409625
  0.00069474 -0.07535244 -0.06011153 -0.06255849 -0.00574552 -0.05315239
  0.00060812 -0.10051659 -0.03982613 -0.12821647 -0.02129284  0.03122098
  0.03017479  0.00484911  0.0213823  -0.03345049  0.0554135  -0.03129948
 -0.0220438   0.07177407  0.00687441  0.09640346 -0.00457468  0.01030705
  0.09140143]",55,
5,10,2,4,0.7940572353396095,,,"[-0.05592808  0.02602336  0.02332228  0.02814563 -0.00212227  0.02120001
  0.         -0.0628737  -0.02602336 -0.02990473 -0.02990473 -0.03685034
 -0.032027    0.05805035 -0.03472807  0.05592808 -0.00270107  0.02990473
  0.02602336 -0.00270107  0.00212227 -0.02814563 -0.00482334 -0.02602336
 -0.03685034  0.         -0.05592808 -0.00482334 -0.02120001  0.00212227
 -0.02332228 -0.02990473  0.00270107 -0.0628737  -0.02602336 -0.00270107
 -0.02814563 -0.03472807 -0.00212227 -0.05805035 -0.02332228  0.00212227
  0.06075143  0.02814563  0.032027   -0.02120001 -0.032027    0.00482334
 -0.06075143  0.0628737   0.02602336  0.02990473  0.03685034  0.02332228
  0.05592808]",53,
25,10,2,4,1.3114187098281933,,,"[-0.37465686 -0.43828099  0.0677271   0.03540446  0.14943196  0.20832116
 -0.09149411  0.03056717 -0.34091584 -0.15001048  0.41277735 -0.00447887
  0.10591203  0.14894104  0.12762769  0.22495861  0.09700734 -0.08688412
  0.11751759  0.40462413  0.30862139 -0.3713204  -0.19305419  0.31298717
 -0.35225074  0.23340995  0.19932007  0.21443198  0.06956724  0.08429602
  0.14839056 -0.1999159   0.11381813 -0.09592728 -0.11253539  0.1062433
  0.20377743 -0.22586524  0.13223182 -0.04495335 -0.01472879  0.00320146
  0.14591592 -0.19501847 -0.10351358 -0.01706201  0.07855541  0.02516371
 -0.11906113 -0.02936774  0.18378486 -0.09868697  0.02531141 -0.15742024
  0.23651409]",55,
45,10,2,4,3.7381665926408174,,,"[-0.94670231  0.88275085  0.2146222   0.0801936   0.24798439 -0.35926853
  0.17671594  0.64375399 -0.81254484 -0.40308531  0.80288308 -0.39998874
  0.541911    0.30521548  0.77562699 -0.17825817 -0.29013938  0.0113338
 -0.54073083  0.3949586   0.04263607 -0.96967841  0.03306349  0.71164914
 -0.87771038  0.6776142  -0.33466915 -0.29143559 -1.15013867 -1.20536054
  1.06887139 -0.32962737 -0.73649164  0.19452633 -0.49231237  0.97780985
  0.31713511 -0.53080727  0.02519994  0.76666049 -0.60212582  0.64217766
  0.78258608 -0.04501131  0.13764552  0.06405552  0.0229196   0.51455898
 -0.76666049 -0.97059664 -0.55203189 -0.10739283  0.89099841 -0.21514974
 -0.63695238]",55,
65,10,2,4,1.64181088257788,,,"[-0.09265185 -0.09199189  0.27503279  0.08574332  0.0115161  -0.00515878
  0.05602225  0.41781429  0.19639715 -0.36027677  0.23738325 -0.17212737
  0.34502308 -0.21850827  0.15466783  0.1013382  -0.23540307  0.16807505
 -0.09797744  0.43030059  0.17185841 -0.72667753 -0.26935364  0.54069261
 -0.36755448 -0.38045609 -0.37684694  0.11495104 -0.1817514  -0.18284438
  0.1354253   0.10630426  0.37171474 -0.25374722  0.14959359  0.04859395
  0.2161845  -0.56066718  0.08494949  0.2151949  -0.777755   -0.19131365
  0.21358752 -0.29247159  0.2127843   0.24826723 -0.19987151 -0.47886387
 -0.39032321 -0.16770927  0.32772551 -0.30912186 -0.29044934  0.03916442
 -0.1246742 ]",55,
85,10,2,4,1.037995477068439,,,"[-4.43959710e-02  1.91804877e-01  4.03219503e-03  1.42959279e-01
  1.07940804e-01  1.31208458e-01  1.23207526e-01 -8.61103909e-02
 -1.99999178e-01 -9.70783671e-02  3.86728200e-01 -7.79570077e-02
  2.11062489e-01  2.95197375e-02  4.27982090e-02  1.34721816e-01
 -2.73245593e-01  4.73509777e-02  1.22334850e-02  3.75078403e-01
  1.38352438e-01 -5.25647858e-02 -4.66636083e-02  1.51763355e-01
 -2.16047697e-01 -1.07414700e-01  1.04223224e-01  1.55434961e-01
 -1.81836732e-01  3.19553429e-04  3.24171547e-02 -2.06763415e-01
  1.24554361e-01 -1.15112423e-01  1.00766814e-01 -3.01432823e-03
  1.26944340e-01 -1.75432012e-01  2.22415002e-01 -1.20191124e-01
 -6.29397854e-02  1.36320733e-01  1.19376605e-01 -1.21158353e-01
  2.09507483e-01  2.65600594e-02 -1.50301985e-01 -1.47711948e-01
 -7.74154825e-03 -3.72235612e-02  1.69775932e-02  2.99853018e-02
 -2.36228929e-01 -5.97347249e-03  3.11009464e-02]",55,
105,10,2,4,0.9548846089289412,,,"[-0.11673368  0.11201306 -0.05199345 -0.15312793  0.16919321  0.1420125
  0.15657042 -0.03115313 -0.0481122  -0.02351806  0.32838675  0.03096175
  0.19272247  0.01204829  0.10387528  0.21581487 -0.14531791 -0.00924809
  0.13286378  0.3927754   0.28344398 -0.00654637  0.00661775 -0.00959622
 -0.16482798  0.07190975  0.09627555  0.28030633 -0.00532429  0.11284092
  0.07195553 -0.20715625  0.10760682 -0.03929298 -0.01226662  0.0946683
  0.0800706  -0.23858998  0.11147466 -0.12791199 -0.02047632  0.12202847
  0.14717631  0.06570933 -0.02591453 -0.07645849  0.0476521   0.04313338
 -0.05380525  0.01207432 -0.16572665  0.14151943  0.01155253 -0.06905066
  0.02151957]",55,
125,10,2,4,0.922932545674135,,,"[-0.02843198  0.02494245  0.00842094 -0.10056484  0.15817878  0.21953588
  0.07079959 -0.06149519 -0.00179749 -0.02272612  0.28416606  0.07274434
  0.26547833  0.01921642  0.05511873  0.19895779 -0.10268023  0.04122106
  0.16194806  0.3630003   0.25837384  0.07575143 -0.02406465  0.02188021
 -0.17123054  0.04816031  0.07214208  0.23699666 -0.00107652  0.03724772
  0.03543862 -0.16763603  0.08767756 -0.1722738   0.04138163  0.04066218
  0.09368094 -0.21674858  0.12156397 -0.12122286  0.05922623  0.16194388
  0.09217368  0.08436189  0.04323697 -0.10080296  0.12746022  0.0718985
 -0.03445265 -0.00604199 -0.13192051  0.17270615 -0.00374557 -0.06989465
  0.05162541]",55,
145,10,2,4,0.8781160813640219,,,"[-0.01802125 -0.01486673  0.03067259 -0.10261401  0.13305857  0.15257214
  0.01362973 -0.05903631  0.04380044 -0.06592189  0.25762653  0.0817533
  0.27067097 -0.02495859  0.01139551  0.15980143 -0.11993147  0.00442177
  0.16735405  0.31169344  0.25421114  0.05243798  0.01860844  0.07871972
 -0.16221508  0.03838919  0.03210217  0.24959504  0.03246857  0.09123451
  0.01753704 -0.13257605  0.07267431 -0.17004287  0.00594122  0.00515539
  0.09102068 -0.20709904  0.15983568 -0.1481092  -0.01185494  0.12714846
  0.0613457   0.04747138  0.03738915 -0.09536331  0.13118951  0.07329804
 -0.10404024 -0.004558   -0.08461974  0.15074393 -0.05035447 -0.02909182
  0.06741394]",55,
165,10,2,4,0.8340882010939162,,,"[-7.98297167e-02 -1.26343022e-02 -1.56222264e-02 -1.44016373e-01
  8.06966784e-02  6.97470222e-02 -4.62605249e-02  2.68742486e-02
 -2.29420710e-02 -3.49054876e-02  2.06195176e-01  2.59341708e-02
  1.76541212e-01 -2.85214269e-02 -3.95966689e-02  8.06290419e-02
 -4.58918403e-02 -1.45102466e-02  1.55638802e-01  2.64341707e-01
  1.90100406e-01  1.39171810e-02 -1.10307795e-03  7.15422884e-02
 -1.17863186e-01  4.57857626e-02 -2.19300245e-04  2.95160066e-01
  3.91304728e-03  6.43310974e-02 -3.39539027e-02 -9.52267511e-02
  4.03809436e-03 -2.02126541e-01  1.14200228e-02 -3.79587866e-02
  2.44357058e-02 -1.95022835e-01  9.54871585e-02 -1.65548023e-01
  2.17584544e-02  4.41521483e-02  7.73488206e-02  4.05482383e-02
  1.56053927e-02 -9.08777072e-02  1.49122345e-01  7.35490323e-02
 -8.72651221e-02  3.27860307e-02 -4.57098077e-02  9.90951412e-02
 -1.65700495e-02  7.59638746e-03  9.53850700e-02]",55,
185,10,2,4,0.8018235131052875,,,"[-9.59581064e-02  2.35800348e-02 -1.34986762e-02 -1.06538275e-01
  8.85503514e-02  5.93187518e-02  1.01078542e-02  1.81901711e-02
 -2.13728301e-02 -5.92611607e-02  2.02666133e-01  5.24749074e-02
  1.89172537e-01 -1.40548528e-02 -1.16712332e-02  1.11227813e-01
 -4.99110664e-02 -2.72699202e-02  9.51047080e-02  3.51143603e-01
  2.15701536e-01 -1.72687488e-02  1.29199346e-02  7.76634732e-02
 -1.46478527e-01  5.02995984e-02 -3.03043143e-02  2.88072163e-01
 -2.61662208e-04  4.54262177e-02  4.39999370e-02 -1.01537035e-01
  1.89108842e-02 -1.59134415e-01  4.64212959e-03 -1.41949876e-02
  5.75931367e-02 -1.98888245e-01  6.89522439e-02 -1.41671436e-01
 -9.50233523e-04  3.13860735e-02  7.28238465e-02  4.79924436e-02
  4.85446521e-03 -4.50737524e-02  1.44320747e-01  5.69435396e-02
 -7.57351864e-02  6.07408469e-02 -3.33949766e-02  6.40242749e-02
 -2.07393144e-02 -1.04691972e-02  9.35655967e-02]",55,
205,10,2,4,0.8157763147383781,,,"[-0.13613656 -0.01340065 -0.06268882 -0.14242439  0.05605392  0.07719974
  0.00493674  0.04431387 -0.01686058 -0.08482152  0.2155487   0.08513564
  0.24112742 -0.04477649 -0.03188574  0.07321209  0.0105993  -0.03479557
  0.04812907  0.3701913   0.20848095 -0.03828566  0.02898591  0.06733784
 -0.15277202  0.01684012 -0.02575828  0.28185788 -0.01819019  0.09009929
  0.01383495 -0.06707995 -0.03128179 -0.17720493 -0.01473142 -0.02455107
 -0.00461968 -0.11797114  0.05599614 -0.18361866 -0.01610682  0.07170074
  0.08112267  0.07098123  0.03997353 -0.07535207  0.09826983  0.04110767
 -0.06820638  0.04070328 -0.00375761  0.09489066 -0.06205031  0.00502353
  0.15697538]",55,
225,10,2,4,0.8022038642460632,,,"[-0.15618298  0.03234219 -0.047109   -0.09022747  0.05768608  0.07223399
  0.01427006  0.01397383 -0.07171462 -0.11254782  0.19774392  0.08558678
  0.26482563 -0.04775665  0.00473708  0.07681595 -0.06398987 -0.08071281
  0.01174365  0.40532189  0.19170423 -0.05374283  0.05666158  0.03822939
 -0.09479885  0.03296873 -0.03116385  0.2830471  -0.01282753  0.10456502
  0.00405454 -0.05550713 -0.06810346 -0.15377669  0.01155901 -0.01958512
 -0.03997031 -0.09775609  0.02898689 -0.13781156  0.0181601   0.0357334
  0.05230165  0.02667252  0.02474011 -0.05405326  0.10010167  0.015101
 -0.02692221  0.0592767   0.01348777  0.12195458 -0.04885872 -0.04874595
  0.10996732]",55,
245,10,2,4,0.8026249998190105,,,"[-0.18677438 -0.00851134 -0.03359386 -0.10000211  0.01348947  0.06230488
  0.01239156 -0.01165635 -0.06734741 -0.08847555  0.16605728  0.06737229
  0.22022829 -0.05919451 -0.00153325  0.08825175 -0.09294312 -0.06323518
  0.02817014  0.38430165  0.17974816 -0.08641245  0.01988782  0.04127549
 -0.12497459  0.01376915  0.01113529  0.2499818  -0.04260302  0.12457975
  0.0045991  -0.09304117 -0.0619067  -0.11886365 -0.01908106 -0.06621623
 -0.0303148  -0.11384836  0.02202435 -0.08484902 -0.01207778  0.03469997
  0.02095632  0.01650818  0.02352322 -0.02655787  0.07624469 -0.01942333
  0.00320653  0.09474247  0.0082527   0.1213636  -0.08829506 -0.00572006
  0.10623037]",55,
265,10,2,4,0.8103167729122401,,,"[-0.17988686 -0.0237717  -0.02018758 -0.12634723  0.00155748  0.05031909
  0.01146615 -0.01751502 -0.05024022 -0.08605985  0.1462622   0.0859833
  0.20992634 -0.05628795 -0.01098894  0.06430789 -0.12234503 -0.06826594
  0.04728277  0.36864186  0.18839793 -0.09617854  0.04733282  0.04846218
 -0.13489429  0.01005489  0.01111851  0.24288993 -0.046639    0.14724965
 -0.00680711 -0.10516768 -0.05593121 -0.11060234 -0.01858844 -0.06150034
 -0.0394034  -0.11280075  0.02367691 -0.10165043 -0.01176071  0.02878039
  0.00705062 -0.00543414  0.00951707 -0.03930961  0.05779671 -0.04166331
 -0.00693736  0.12240218  0.01159036  0.11618679 -0.07287799 -0.00576872
  0.11237061]",55,
285,10,2,4,0.8154789901466694,,,"[-0.17474923 -0.02686917 -0.02978676 -0.15294939 -0.01395127  0.0775804
 -0.00227114  0.01147046 -0.02939014 -0.09624008  0.1624455   0.11024132
  0.22075214 -0.06969585 -0.02697986  0.05970512 -0.10673489 -0.08419589
  0.03204941  0.37318872  0.19149263 -0.09612585  0.03107423  0.0541626
 -0.13424414 -0.00476429 -0.01283594  0.25311518 -0.05424929  0.14041786
 -0.00302413 -0.10358843 -0.06834026 -0.15355994 -0.02798697 -0.07226761
 -0.02669481 -0.11459834 -0.02160362 -0.11039137  0.01330419  0.02209624
  0.02209673 -0.00464288  0.0435207  -0.03750926  0.06775752 -0.04047766
  0.02167657  0.09524421  0.0145715   0.1281909  -0.06228809  0.00916462
  0.11817526]",55,
305,10,2,4,0.807381256808871,,,"[-0.14802213 -0.04069941 -0.03565523 -0.15458002  0.0012089   0.09878488
 -0.02563708  0.00191177 -0.00483928 -0.1006438   0.13577897  0.10068947
  0.2230537  -0.05104186 -0.02910936  0.04852378 -0.08650782 -0.06829608
  0.04015826  0.34858425  0.19148183 -0.08532513  0.02085732  0.05373363
 -0.14105328 -0.02543814 -0.02792147  0.23121774 -0.04339823  0.11315195
 -0.00778739 -0.10174954 -0.07572068 -0.14763573 -0.02703971 -0.07084925
 -0.0186253  -0.11789224 -0.02961932 -0.12817339  0.01438334  0.040849
  0.04266804  0.00354997  0.04524196 -0.02091618  0.09046239 -0.0472956
  0.00438259  0.07274587  0.00406093  0.11928578 -0.04348044 -0.00061405
  0.11597518]",55,
325,10,2,4,0.8013373952694883,,,"[-1.51064919e-01 -4.80048099e-02 -2.48715449e-02 -1.37794690e-01
  2.04721802e-04  7.99209065e-02 -2.17728363e-02  5.21143109e-05
 -1.65189896e-02 -8.87959955e-02  1.43765056e-01  9.77367560e-02
  1.83337963e-01 -4.51900860e-02 -1.15687872e-02  5.24797583e-02
 -7.82099750e-02 -5.24828602e-02  2.95436343e-02  3.47442517e-01
  1.97834157e-01 -7.40736497e-02  1.14554116e-02  5.27383947e-02
 -1.44083229e-01 -2.69481109e-02 -3.41531897e-02  2.55043737e-01
 -4.46374840e-02  9.81958353e-02 -1.72077845e-02 -1.06305091e-01
 -9.03663747e-02 -1.28876641e-01 -1.64352873e-02 -7.87072602e-02
 -7.49119272e-03 -1.40932611e-01 -3.87898029e-02 -1.05387760e-01
 -2.13830437e-03  2.95149786e-02  3.99672801e-02 -1.37279293e-02
  3.12896987e-02 -2.77203294e-02  1.20954861e-01 -2.07602007e-02
 -2.30677847e-02  6.68702983e-02 -1.71973192e-02  1.19415128e-01
 -2.15105924e-02 -1.93855199e-02  9.33620140e-02]",55,
345,10,2,4,0.795976123309099,,,"[-1.52748669e-01 -5.58483321e-02 -3.46003968e-02 -1.52912317e-01
  5.53133412e-05  6.05025012e-02 -1.88991903e-02  3.58365167e-02
 -1.18634323e-03 -7.22940628e-02  1.44800145e-01  9.71772350e-02
  1.54000446e-01 -3.12896675e-02 -2.79786426e-02  4.53546246e-02
 -5.53591590e-02 -5.28534833e-02  2.67197261e-02  3.53039191e-01
  2.11181058e-01 -5.72504968e-02  1.23304370e-02  3.39807130e-02
 -1.39075841e-01 -9.20693789e-03 -3.05890907e-02  2.57923117e-01
 -1.63019590e-02  9.12440617e-02 -2.92728343e-02 -9.59600195e-02
 -7.25622212e-02 -1.14075491e-01 -1.15651774e-02 -6.87962703e-02
  7.32980051e-03 -1.54069097e-01 -3.78325573e-02 -1.06788622e-01
 -3.41749568e-03  8.19820130e-03  1.96192864e-02 -1.34455355e-02
  1.25403064e-02 -4.21453952e-02  1.29626142e-01 -1.17473416e-02
 -3.72596522e-02  5.46357386e-02 -2.92245770e-02  1.20616556e-01
 -5.01885557e-04 -1.48077560e-02  7.67316776e-02]",55,
365,10,2,4,0.792066453912115,,,"[-0.160253   -0.07059462 -0.03065969 -0.1563159   0.00046155  0.08019568
 -0.02093536  0.03380854 -0.00808995 -0.08099987  0.13724624  0.09605739
  0.14303284 -0.02555403 -0.03060024  0.04754946 -0.07503594 -0.04318977
  0.01923138  0.36365391  0.2248682  -0.05158703  0.01847907  0.02859776
 -0.12876573 -0.00231417 -0.0283747   0.25263161 -0.00387166  0.08590216
 -0.02562591 -0.06969865 -0.06436031 -0.09785122  0.01149951 -0.0662642
  0.00589034 -0.13460026 -0.02018215 -0.12086598 -0.03104794  0.0409492
  0.01797306 -0.00364763  0.01187069 -0.04997064  0.0975213  -0.04199877
 -0.0458342   0.06391399 -0.00492377  0.10215682  0.00386493 -0.00485731
  0.09480217]",55,
385,10,2,4,0.7909149357381813,,,"[-0.17457312 -0.05588269 -0.01930652 -0.13892679 -0.00711019  0.07258524
 -0.02718576  0.02666494 -0.00378255 -0.08303909  0.14095048  0.10959926
  0.15162931 -0.02183195 -0.03048516  0.03649431 -0.07293596 -0.05382134
  0.00832706  0.33653367  0.21440444 -0.04839446  0.03205886  0.01598331
 -0.11487004 -0.0037549  -0.01853025  0.24840913  0.01920864  0.09860487
 -0.02925524 -0.06280307 -0.07066119 -0.07173182  0.00563109 -0.048669
 -0.01045581 -0.11519099 -0.03895278 -0.12114873 -0.02641407  0.03237725
  0.01469165  0.01615938 -0.00983882 -0.03852845  0.06360137 -0.03411528
 -0.04045086  0.08516022 -0.00369112  0.11555722  0.02809423 -0.0020849
  0.10556023]",55,
405,10,2,4,0.7708468548149443,,,"[-0.16984522 -0.06405487 -0.0502429  -0.12678478 -0.01106703  0.05610097
 -0.02527607  0.04839216 -0.03044119 -0.06691929  0.13951512  0.12385682
  0.1296557  -0.04998747 -0.0121792   0.05207885 -0.06723944 -0.04286778
  0.00233221  0.36599875  0.23294725 -0.05814559  0.03861875  0.02184186
 -0.11733778 -0.00286281 -0.02326485  0.26141855 -0.01118971  0.07409625
  0.00069474 -0.07535244 -0.06011153 -0.06255849 -0.00574552 -0.05315239
  0.00060812 -0.10051659 -0.03982613 -0.12821647 -0.02129284  0.03122098
  0.03017479  0.00484911  0.0213823  -0.03345049  0.0554135  -0.03129948
 -0.0220438   0.07177407  0.00687441  0.09640346 -0.00457468  0.01030705
  0.09140143]",55,
5,10,2,5,0.7974351526336813,,,"[ 1.95389767e-02 -8.04911693e-16  2.89943507e-02  9.11463982e-03
  6.27589802e-02 -2.89943507e-02 -4.06644970e-02 -1.16701463e-02
 -6.02034738e-02  2.86536165e-02  1.95389767e-02 -9.45537402e-03
 -2.86536165e-02 -4.32200035e-02  9.45537402e-03  6.02034738e-02
  3.12091230e-02  4.06644970e-02 -9.11463982e-03  2.89943507e-02
  9.11463982e-03  6.27589802e-02 -2.89943507e-02 -4.06644970e-02
 -1.16701463e-02 -6.02034738e-02  2.86536165e-02  4.32200035e-02
  2.86536165e-02  0.00000000e+00 -1.16701463e-02 -4.06644970e-02
 -3.12091230e-02  6.27589802e-02  9.45537402e-03 -4.32200035e-02
 -3.15498572e-02  2.55550649e-03 -1.20108805e-02 -1.95389767e-02
 -2.86536165e-02  2.20944832e-02 -1.20108805e-02  2.55550649e-03
  2.89943507e-02  1.16701463e-02  4.06644970e-02  3.12091230e-02
 -6.27589802e-02  2.89943507e-02 -1.95389767e-02 -1.20108805e-02
  9.45537402e-03  2.20944832e-02 -3.15498572e-02]",54,
25,10,2,5,0.9768885756951932,,,"[-0.05018757 -0.14904254 -0.12921574 -0.17269869  0.11845448 -0.03962528
 -0.21366988  0.1068603   0.01181764  0.23355277  0.07413092 -0.0687572
  0.07562223 -0.17014404  0.02327226  0.12977602  0.04421435 -0.01218467
 -0.07659982  0.29762186  0.11579805 -0.0787423  -0.12936955  0.05021779
 -0.06047701 -0.10250322 -0.02909528 -0.05357971 -0.02407596 -0.07698484
  0.12828415 -0.0237266  -0.27765189 -0.03684085 -0.11639285 -0.18431541
  0.14491735 -0.05894352 -0.19891845 -0.06439532  0.05395492 -0.0285245
  0.03422616  0.09606824  0.06570122 -0.0135869   0.06825982  0.17609048
  0.07212366 -0.11726444 -0.05570022 -0.02818392  0.06085172  0.13091231
 -0.009921  ]",55,
45,10,2,5,2.564311277300324,,,"[-0.38818825  0.30432576  0.63388099 -0.23049024  0.61275307  0.40503086
 -0.23455947 -0.57314129  0.01225219 -0.09860187 -0.23054705 -0.18415963
  0.28571501 -0.59558217 -0.11021029  0.40352297 -0.16825232 -0.24872053
 -0.30104974  0.46749738 -0.49832127 -0.21807271 -0.26595315  0.17006076
  0.11296932  0.4460417   0.45363533 -0.61232054 -0.17520821  0.47897494
  0.37587526 -0.07489494 -0.48444444 -0.21817758 -0.92491312 -0.69514387
 -0.27419652  0.44303499 -0.69469526  0.08607901 -0.12019175 -0.6560777
  0.1281308  -0.22173118  0.21655045  0.0142331   0.4150892  -0.15381225
 -0.12219923 -0.00135384 -0.71167469  0.77943114  0.10227192 -0.01592162
  0.64268537]",55,
65,10,2,5,2.4045641572018623,,,"[-0.88301842 -0.64142677 -0.16132942  0.37159807 -0.08308578 -0.04994143
 -0.81067183  0.08156118  0.68718203  0.03050364  0.50693469  0.18015776
 -0.1666272  -0.16667754 -0.056066    1.01750636 -0.06587573 -0.33766198
 -0.07397462  0.62787814 -0.29255612  0.32778991 -0.08349471  0.53502144
 -0.12957976  0.50316558  0.22268596 -0.05084092 -0.67374267  0.041588
  0.01182791  0.17525072 -0.22569749  0.13384826 -0.04444708  0.05749813
 -0.05647482  0.60732022 -0.16662485 -0.26398636 -0.24751196 -0.1475996
  0.40794794 -0.28446896  0.01236385  0.57633789  0.5419056  -0.41789746
  0.13517325  0.46362642 -0.15346429  0.38074446  0.02253     0.07714625
 -0.01139015]",55,
85,10,2,5,1.1495636381300454,,,"[-0.19445819 -0.12614407  0.07430818 -0.11679648 -0.05042937  0.10044468
 -0.15058424  0.04590949 -0.07832901  0.18812692  0.06929412  0.03086731
  0.17804685  0.05059853 -0.11087893  0.2373365  -0.11552001 -0.08373627
 -0.11406172  0.21148998 -0.06531528  0.16151716  0.14243584  0.25748673
 -0.05974793  0.33934845 -0.00405584  0.34057815 -0.04683133  0.04096449
  0.0193659  -0.18204013 -0.09663096 -0.14534867  0.08862813  0.05339471
 -0.11690419 -0.20883701 -0.14861084 -0.37247556  0.10859068 -0.33377186
  0.1303623  -0.34434637  0.00835796  0.06363318  0.36120975  0.12070519
  0.0921627   0.21747935  0.02167364  0.10350404  0.11658414  0.4408324
  0.2085437 ]",55,
105,10,2,5,1.0428825577891916,,,"[-0.25077723 -0.21977733  0.05855914 -0.02069902 -0.12553512  0.12846872
 -0.17013337  0.09915255 -0.0075457   0.08341077  0.10527761  0.11273207
  0.20287999  0.05658609 -0.12541565  0.26811499 -0.15103684 -0.0684125
 -0.10571862  0.31498733 -0.06739725  0.10280517  0.08863877  0.30172438
 -0.12337075  0.24772218 -0.04734988  0.23273917 -0.06845084  0.0690656
  0.12767294 -0.15938693 -0.17828746  0.0133462   0.00286771  0.07196921
 -0.14300352 -0.12533052 -0.19290289 -0.24847548  0.05661197 -0.28708101
  0.14822296 -0.28993694  0.01961704  0.05351861  0.23211139  0.00187672
  0.15124001  0.1645339  -0.05875376  0.0870154   0.14498667  0.27982581
  0.16956646]",55,
125,10,2,5,1.0063978583549318,,,"[-0.20695562 -0.08136646 -0.03532588  0.01578493 -0.03079398  0.12191659
 -0.10037137  0.16092094  0.08555537 -0.03153836  0.13208998  0.16337908
  0.09656554  0.04266306 -0.14640271  0.21804623 -0.22313709 -0.08303424
 -0.11723686  0.35224542  0.00321946 -0.09871007  0.0376279  -0.03896068
 -0.07469293  0.19290307 -0.15777424  0.26577377  0.11928562  0.01410916
  0.16452198 -0.21584122 -0.09744675 -0.11622021 -0.09409844  0.03540505
 -0.17464329 -0.22977395 -0.1121551  -0.25952435 -0.00194883 -0.16087603
 -0.06686092 -0.14115521  0.0423675  -0.04500588  0.09540207  0.00337393
  0.12496908  0.01278199 -0.01773784  0.12930062  0.11274875  0.17630835
  0.01535872]",55,
145,10,2,5,0.9869818096598653,,,"[-0.17807057  0.00576129  0.04810854 -0.02812497  0.07653179  0.16012936
 -0.03015114  0.14708948  0.05654602  0.0065414   0.09041211  0.06448111
  0.13271961 -0.01603514 -0.07200784  0.18770025 -0.19940428 -0.09509435
 -0.02446444  0.30333844  0.10983853 -0.04913055  0.0279042  -0.02797555
 -0.05189537  0.10005777 -0.10780454  0.28718503  0.03651372  0.084751
  0.11119595 -0.14145056 -0.13675092 -0.14850909 -0.07100443 -0.02727884
 -0.07990275 -0.31877057 -0.11246531 -0.1633375   0.07183557 -0.16601613
 -0.00120572 -0.09843922  0.05737296 -0.06134327  0.15663915  0.06029365
  0.08378618 -0.02786584 -0.20165103  0.18748698  0.08886278  0.18978969
 -0.02872356]",55,
165,10,2,5,0.9679728527485844,,,"[-0.13881827 -0.01561711  0.0272491  -0.07469612  0.05655459  0.08500436
 -0.01332081  0.14104538  0.06707461 -0.01226259  0.05369528  0.08238557
  0.13359463 -0.08075668 -0.11346888  0.12057309 -0.22444773 -0.12062858
 -0.05512828  0.28192991  0.11627763 -0.10829955  0.08352566 -0.08166986
 -0.10859738  0.03758317 -0.06310453  0.26578969  0.01456379  0.06782211
  0.07736608 -0.11443986 -0.10474771 -0.13225194 -0.10936958 -0.04596455
 -0.09045739 -0.30563846 -0.1341741  -0.20266167  0.03176653 -0.16071109
 -0.02988319 -0.11775284  0.07811688 -0.10656017  0.12511427  0.06366484
  0.06570109  0.00330731 -0.16769184  0.20074542  0.10295017  0.12503665
  0.01538039]",55,
185,10,2,5,0.8581182172843472,,,"[-0.14825707 -0.0265132   0.05270333 -0.01365827  0.00033848  0.07017712
 -0.06211665  0.07613426  0.03795311 -0.04657746  0.09854877  0.10864075
  0.10536361 -0.06479502 -0.07510001  0.1489298  -0.1821422  -0.11406357
  0.00633334  0.30517926  0.15613715 -0.11169645  0.05264086 -0.05491859
 -0.14643229  0.02461314 -0.12531488  0.19919444 -0.01380739  0.01627561
  0.04573143 -0.13363709 -0.08982828 -0.1169443  -0.04787623 -0.02940463
 -0.00609894 -0.21497    -0.07140659 -0.15146261  0.02937342 -0.12502462
 -0.02205303 -0.08747087  0.02856698 -0.10108499  0.0857415   0.09990474
  0.02038397 -0.04718158 -0.15976075  0.11324337  0.05023654  0.06406353
 -0.01551587]",55,
205,10,2,5,0.8269318364169913,,,"[-0.1995509  -0.062228    0.0118164  -0.0460521  -0.04921468  0.05035664
 -0.10687503  0.06696757  0.00899615 -0.07589715  0.14839766  0.12718427
  0.09301329 -0.03197197 -0.02873381  0.17972828 -0.13445388 -0.04237278
  0.00771147  0.35230621  0.14625176 -0.07751589  0.09326592  0.02458344
 -0.11925305  0.04476623 -0.09072494  0.17490087 -0.02260786  0.04793713
  0.08795337 -0.11698199 -0.06120793 -0.07684695 -0.02721373 -0.03874476
 -0.00914196 -0.17953924 -0.02898517 -0.1418204   0.05218591 -0.09688833
  0.04312689 -0.05044581  0.01803799 -0.0497453   0.10145743  0.10853408
  0.0265289  -0.00131082 -0.12083417  0.08831062  0.07707464  0.06974704
 -0.00222886]",55,
225,10,2,5,0.8143369583634774,,,"[-0.22950841 -0.06781038  0.00714477 -0.11854759 -0.04894059  0.09010682
 -0.10931117  0.03977897 -0.01678499 -0.07831104  0.16923701  0.11623626
  0.16182658 -0.00498049 -0.03879885  0.19616279 -0.10506601 -0.04028559
  0.04455763  0.38737735  0.19253603 -0.09786138  0.02048091  0.0534621
 -0.17054815  0.08506369 -0.07671944  0.20177847 -0.01345073  0.06121465
  0.06652468 -0.07350842 -0.00839294 -0.08598986 -0.02817449 -0.07130953
  0.0345502  -0.17708256 -0.02597571 -0.08346733  0.02525918 -0.0718522
  0.05872311 -0.09504699  0.00106056 -0.07657006  0.11471591  0.05470533
 -0.01309115  0.00324232 -0.10059667  0.09952691  0.00558971  0.05779799
  0.02281442]",55,
245,10,2,5,0.8121170008659522,,,"[-0.23528586 -0.08680242 -0.04657876 -0.11860332 -0.02193865  0.07797619
 -0.04485321  0.04728992  0.0102406  -0.06718749  0.19192628  0.15351646
  0.15678734 -0.05438587  0.02946727  0.14040701 -0.05112212 -0.02266014
 -0.00501517  0.38732557  0.24510922 -0.08798443  0.00525273  0.03784041
 -0.1832278   0.09511155 -0.10080369  0.22956315 -0.05107923  0.05036373
  0.04428535 -0.08776864 -0.01463182 -0.06371455 -0.06797827 -0.02901522
 -0.01413707 -0.12957458  0.00262777 -0.17269342  0.0288664   0.00707875
  0.06606021 -0.02661856  0.02743993 -0.05756655  0.07569737  0.01564896
  0.00191423  0.0185687  -0.04132354  0.12572879 -0.02714608  0.04076745
  0.03156077]",55,
265,10,2,5,0.8017424618055793,,,"[-0.22590941 -0.08914227 -0.04981485 -0.09978527 -0.0305034   0.08443515
 -0.06538418  0.03269628 -0.00447157 -0.07142141  0.20278177  0.13726927
  0.16636526 -0.02576369 -0.00717205  0.15514235 -0.05455257 -0.01743394
  0.02006172  0.39119213  0.25789308 -0.06674713 -0.00641111  0.06750594
 -0.15803045  0.08237033 -0.06442443  0.22665    -0.04817439  0.05524032
  0.05066212 -0.06503581 -0.01631253 -0.06289418 -0.04929798 -0.05957442
  0.00243332 -0.1340846  -0.00164451 -0.13726765  0.01975161 -0.00855094
  0.04213586  0.01234886  0.00328462 -0.05009518  0.07900733 -0.00507627
 -0.00855494  0.03757638 -0.03361468  0.1196806  -0.02067887  0.03636848
  0.05281394]",55,
285,10,2,5,0.785535255491983,,,"[-0.23458642 -0.08895492 -0.05295872 -0.11064948 -0.00789446  0.10318606
 -0.06225407  0.05779313  0.01053513 -0.04807469  0.15008699  0.10035991
  0.147968   -0.03274644  0.01551693  0.12351609 -0.06855052 -0.03547389
  0.02459143  0.37641517  0.2394779  -0.05960916 -0.01220637  0.06961254
 -0.15990036  0.04303948 -0.06643227  0.21812831 -0.01907301  0.06393714
  0.0496461  -0.06190724 -0.00835133 -0.07935765 -0.04085082 -0.05343901
  0.03171852 -0.07871053 -0.00573716 -0.12720169  0.00942525  0.04780563
  0.07881374  0.00169325  0.03597153 -0.05948385  0.06684734 -0.02269798
 -0.00475604  0.01926585 -0.01685229  0.08766196 -0.02142631  0.01607494
  0.06696438]",55,
305,10,2,5,0.789067978227124,,,"[-0.22949581 -0.09602503 -0.06094456 -0.10593093 -0.00328679  0.08410629
 -0.05807102  0.06318147  0.01154945 -0.05232647  0.15581605  0.09527791
  0.16730054 -0.01919833  0.03204944  0.08987657 -0.08083945 -0.03315459
  0.01440092  0.3605625   0.24854072 -0.06328598 -0.00049483  0.06068908
 -0.16122257  0.05688425 -0.06456494  0.22913762 -0.0235598   0.0719508
  0.05522768 -0.06128303 -0.01629331 -0.05873782 -0.0313655  -0.05457748
  0.01080949 -0.0731152  -0.00637967 -0.1312219   0.00296627  0.04267851
  0.09032059 -0.00982987  0.05421566 -0.05328305  0.08044295 -0.03575929
  0.0109776   0.01114081  0.00208023  0.08564127 -0.0083527   0.01520601
  0.07112397]",55,
325,10,2,5,0.7671834830252817,,,"[-2.14480332e-01 -8.27738195e-02 -8.05479397e-02 -9.95210366e-02
  2.73176906e-03  6.94372323e-02 -3.43741418e-02  5.52192496e-02
 -3.50066396e-03 -5.50551373e-02  1.46674661e-01  1.20822139e-01
  1.56249226e-01 -1.01610419e-02  4.35699724e-02  6.92214118e-02
 -7.45852102e-02 -3.09975113e-02  6.15175038e-03  3.70128768e-01
  2.25373414e-01 -4.42825420e-02  3.70523160e-02  3.17192669e-02
 -1.21917882e-01  4.60020311e-02 -3.93982550e-02  2.72738650e-01
 -2.83603983e-02  8.15935145e-02  3.59919541e-02 -8.86933244e-02
 -5.09528430e-02 -6.11470439e-02 -1.06733617e-02 -4.74564683e-02
 -2.25619226e-03 -6.51932448e-02 -1.55274099e-02 -1.04705800e-01
 -4.70058259e-03  1.55985184e-02  5.26415337e-02  5.79729200e-05
  3.28540234e-02 -3.08924676e-02  5.84866913e-02 -3.63478187e-02
 -4.95743708e-03  3.65128086e-02  1.22727159e-02  9.32136459e-02
  1.38792038e-02 -6.48735024e-03  9.76563776e-02]",55,
345,10,2,5,0.7672161981215879,,,"[-2.17199366e-01 -8.20957878e-02 -6.71873249e-02 -9.31149198e-02
 -3.04986896e-04  6.21593582e-02 -1.07658756e-02  3.77920215e-02
 -1.21407721e-02 -6.48696829e-02  1.62339473e-01  1.31436389e-01
  1.60895635e-01 -2.18581406e-02  2.54190979e-02  7.11566303e-02
 -8.97896794e-02 -2.14428582e-02 -2.69262667e-03  3.77770196e-01
  2.33677002e-01 -4.35336290e-02  4.02980198e-02  2.28122754e-02
 -1.17704117e-01  3.06697206e-02 -2.65343864e-02  2.74929361e-01
 -9.86010169e-03  8.95437416e-02  3.96224842e-02 -8.53808469e-02
 -5.20787430e-02 -4.74917207e-02 -1.41990065e-02 -5.72897316e-02
 -1.16094615e-02 -7.02356773e-02 -1.88495575e-02 -9.30193172e-02
 -2.54739741e-02  2.08637308e-02  2.69010476e-02  2.71860054e-03
  2.16187661e-02 -2.45284105e-02  5.16435225e-02 -2.07810654e-02
 -1.14772647e-02  4.35779182e-02 -1.73187070e-03  9.77805182e-02
  3.14148337e-02 -2.21384286e-02  9.80695049e-02]",55,
365,10,2,5,0.7644535514687498,,,"[-1.98012368e-01 -7.70290090e-02 -6.45381139e-02 -9.45704352e-02
  5.04143644e-05  6.03741232e-02 -1.77775175e-02  4.02545479e-02
 -6.74983744e-03 -6.93777874e-02  1.43187674e-01  1.37648898e-01
  1.61685554e-01 -2.93178230e-02  1.63152370e-02  6.61545839e-02
 -9.17171498e-02 -2.42781507e-02  2.67677428e-03  3.78537396e-01
  2.40514576e-01 -4.85012376e-02  4.68678814e-02  2.75574068e-02
 -1.26507730e-01  2.05191116e-02 -2.37267712e-02  2.69109869e-01
  3.91868143e-04  8.63860959e-02  3.22771846e-02 -9.18142563e-02
 -4.24278617e-02 -5.47946947e-02 -1.10940235e-02 -4.97426008e-02
 -1.52750700e-02 -7.05610545e-02 -3.71481447e-02 -1.03885109e-01
 -2.88884856e-02  2.58668705e-02  3.03812378e-02 -2.96975948e-03
  2.65375170e-02 -1.68543803e-02  5.86103324e-02 -1.53129229e-02
 -2.65325224e-03  5.11533211e-02 -5.66573314e-03  1.11157728e-01
  1.94127215e-02 -1.33350537e-02  9.84662378e-02]",55,
385,10,2,5,0.7666799607864272,,,"[-0.19512077 -0.07964719 -0.06349194 -0.11088956  0.0018153   0.0624803
 -0.02319736  0.04478417 -0.01276535 -0.06830342  0.13575179  0.12336264
  0.14192511 -0.03908486 -0.00167199  0.05907823 -0.07889338 -0.03380592
  0.00508632  0.36715872  0.23415724 -0.05460792  0.04448192  0.02515315
 -0.12596251  0.00512199 -0.02178117  0.26703808 -0.0055745   0.08151759
  0.02105472 -0.08482365 -0.05250549 -0.06309356 -0.01399856 -0.05507538
 -0.00969636 -0.08307776 -0.0419717  -0.11298366 -0.03018737  0.02455896
  0.03533176 -0.00780396  0.02307941 -0.03437815  0.06332393 -0.03018248
 -0.00790872  0.06660023 -0.00740378  0.10874888  0.01703435  0.00321441
  0.09894756]",55,
405,10,2,5,0.7708468548149449,,,"[-0.16984522 -0.06405487 -0.0502429  -0.12678478 -0.01106703  0.05610097
 -0.02527607  0.04839216 -0.03044119 -0.06691929  0.13951512  0.12385682
  0.1296557  -0.04998747 -0.0121792   0.05207885 -0.06723944 -0.04286778
  0.00233221  0.36599875  0.23294725 -0.05814559  0.03861875  0.02184186
 -0.11733778 -0.00286281 -0.02326485  0.26141855 -0.01118971  0.07409625
  0.00069474 -0.07535244 -0.06011153 -0.06255849 -0.00574552 -0.05315239
  0.00060812 -0.10051659 -0.03982613 -0.12821647 -0.02129284  0.03122098
  0.03017479  0.00484911  0.0213823  -0.03345049  0.0554135  -0.03129948
 -0.0220438   0.07177407  0.00687441  0.09640346 -0.00457468  0.01030705
  0.09140143]",55,
