sample_size,n,k,repeat,mae,alphas,coef_path,coefficients,non_zero_coef,num_iter
10,25,1,1,1.1925851558800098,,,"[ 0.01477042 -0.20970349  0.13413666  0.5900475  -0.02234159  0.03139504
 -0.10065285  0.8579554   0.4649804  -0.57044934  0.06116183  0.29373173
 -0.31358473 -0.73836037  0.06416012 -0.73836037 -0.08760993  0.73586184
  0.6690775   0.59351962 -0.60446861  0.06925781  0.22732793  0.55195594
 -0.2990592 ]",25,
30,25,1,1,1.9061811681796035,,,"[ 0.10595317 -0.67622193 -0.82694848  1.32781786  0.25109681 -0.49863762
  0.66971995 -0.0352067   0.44192969 -0.39201169 -0.8537984   0.68111837
  0.90468447 -1.39168222  1.18692852  0.44262872  0.57407619  1.40888655
  1.07761996  0.00955707 -0.70475958  0.10496598 -0.71236306  1.99299612
 -0.30685595]",25,
50,25,1,1,1.102031692490117,,,"[ 0.25181188 -0.13446906  0.39348399  0.4451481   0.09079138  0.15117046
 -0.17210325 -0.06347531 -0.03911007 -0.59490767 -0.09692998  0.50668678
 -0.15972549 -0.21922965  0.42612654  0.21149772  0.23791212  1.09745899
  0.20428342  0.37251606 -0.78758407 -0.24277413 -0.14629053  0.47941279
  0.32104991]",25,
70,25,1,1,1.0084329124686877,,,"[ 0.54923297 -0.16750849  0.20932404  0.09043372 -0.08387825  0.17177808
 -0.31509406  0.20222123 -0.05585839 -0.43777708  0.22897332  0.52284314
 -0.17790134 -0.34157322  0.30149555  0.21962112  0.33364858  0.88901719
  0.03634451  0.10718067 -0.53197819 -0.13284825 -0.21521127  0.35517147
  0.23118898]",25,
90,25,1,1,0.8948317702993904,,,"[ 0.17577177  0.01791272  0.32452763  0.15056577 -0.14294728  0.00494567
 -0.23576979  0.07695565 -0.17103244 -0.31121826 -0.21194867  0.30428986
 -0.47274802 -0.4676493   0.3146838  -0.09381434  0.15888305  0.6499937
 -0.09898522  0.05168059 -0.14324327  0.06387702 -0.16618934  0.2937158
  0.30127732]",25,
110,25,1,1,0.8676841921840861,,,"[ 0.23602063  0.15039302  0.34657979  0.15589174 -0.22668216 -0.09426627
 -0.14634488  0.19010562 -0.16163391 -0.1798878  -0.14443507  0.37929155
 -0.26623855 -0.44714867  0.38704592 -0.03136327  0.11180548  0.42584874
  0.06319765  0.05033657 -0.11459275 -0.00226984 -0.22610124  0.15372833
  0.14631148]",25,
130,25,1,1,0.837878553241626,,,"[ 0.38465397  0.20053547  0.29086293  0.11389566 -0.05697446 -0.08374623
 -0.12836384  0.11844734  0.01178462 -0.16907758 -0.05418305  0.2685201
 -0.26604374 -0.46950438  0.23289643 -0.02177259  0.07428668  0.38221588
  0.07597677  0.01303382 -0.18768365  0.09352473 -0.27347101  0.28597081
  0.0900937 ]",25,
150,25,1,1,0.8437421347124023,,,"[ 0.36068564  0.199082    0.28922433  0.268418   -0.0042864  -0.02450484
 -0.09808196  0.17575303 -0.09836196 -0.11196428 -0.01096543  0.2361266
 -0.25942139 -0.57888869  0.22100111 -0.00185103  0.04855489  0.36241133
 -0.05209302  0.01458724 -0.13162962  0.14021535 -0.28991279  0.26158019
  0.1098449 ]",25,
170,25,1,1,0.8088353144046277,,,"[ 0.33075117  0.23814645  0.26102813  0.21350366 -0.07954491  0.10945069
 -0.07513287  0.18972013 -0.07766045 -0.05511232  0.01779298  0.17692797
 -0.2656427  -0.46123251  0.14201312  0.00366469  0.06424871  0.30739395
 -0.16564346  0.02426029 -0.1306009   0.1598304  -0.2965706   0.18825004
  0.13349612]",25,
190,25,1,1,0.7987544921992986,,,"[ 0.29748657  0.18301361  0.21092114  0.23065415 -0.07440019  0.05885403
 -0.01660367  0.14931779 -0.0614415  -0.05632656 -0.02775244  0.206167
 -0.23531298 -0.41655902  0.20160583 -0.05541213  0.08474462  0.3100611
 -0.17905597 -0.05881854 -0.17045994  0.11456755 -0.30038254  0.15369402
  0.14672234]",25,
210,25,1,1,0.7952158790366388,,,"[ 0.36172023  0.15522881  0.18370762  0.17640462 -0.06150407  0.02671272
 -0.01617248  0.17722396 -0.08769761 -0.00136212 -0.00420698  0.22911188
 -0.18167515 -0.42498802  0.13957937 -0.11874005  0.07233567  0.31702064
 -0.12891742  0.02880432 -0.11035931  0.0841735  -0.23158175  0.149286
  0.17605296]",25,
230,25,1,1,0.785301354859472,,,"[ 0.31463266  0.19243063  0.19404507  0.14503347 -0.09455405  0.01875338
 -0.0362096   0.19465557 -0.057827   -0.04221513 -0.05951716  0.18333121
 -0.22410576 -0.43864611  0.12167799 -0.11695461  0.05697579  0.26435949
 -0.13349668  0.03896379 -0.11811325  0.08924705 -0.24370411  0.12649477
  0.12753954]",25,
250,25,1,1,0.7791739354000657,,,"[ 0.34179598  0.13060424  0.15133939  0.14032774 -0.11749973  0.03074858
 -0.00580905  0.19491299 -0.07751849  0.00685787 -0.00377156  0.15624416
 -0.24863821 -0.38421517  0.07148169 -0.17153813  0.00746207  0.26191837
 -0.1541484   0.04533034 -0.10767781  0.05910734 -0.23162959  0.06898746
  0.10404612]",25,
270,25,1,1,0.7721658086389521,,,"[ 0.30692319  0.10957445  0.11490068  0.1296624  -0.15709406 -0.00296362
  0.00439684  0.12475443 -0.10151224  0.01314987 -0.04168392  0.2001308
 -0.22847322 -0.30869291  0.08303714 -0.17324765  0.04497262  0.18517883
 -0.1390752   0.10900411 -0.07825019  0.01213685 -0.19891243  0.08455012
  0.07252613]",25,
290,25,1,1,0.77409688997474,,,"[ 0.27184717  0.10258889  0.11258695  0.1236305  -0.16042566 -0.07301549
  0.04019803  0.08976404 -0.11033378  0.01684288 -0.07366587  0.22275361
 -0.22847633 -0.30154721  0.06496428 -0.18568204  0.08042651  0.13905377
 -0.14459826  0.07964749 -0.06638776 -0.01468705 -0.21984233  0.08146521
 -0.00999104]",25,
310,25,1,1,0.7549495647554795,,,"[ 0.28510805  0.12078708  0.08322584  0.05933152 -0.10883159 -0.06812882
  0.02013401  0.05957093 -0.08067634  0.04566205 -0.06371209  0.17237726
 -0.17593121 -0.27351519  0.03692519 -0.15679659  0.08525195  0.07548081
 -0.15899168  0.108255   -0.01006549  0.00637546 -0.22343284  0.08198647
 -0.03311565]",25,
330,25,1,1,0.7508353364547724,,,"[ 0.30493591  0.13330139  0.10057647  0.09563442 -0.10770649 -0.08985419
  0.03266279  0.03114711 -0.07367104  0.04667926 -0.03698415  0.19998193
 -0.16825752 -0.3105277   0.04252302 -0.11856644  0.07984397  0.03857516
 -0.12596037  0.11063934 -0.00971576 -0.00231238 -0.209936    0.09883169
 -0.02424662]",25,
350,25,1,1,0.749772234000157,,,"[ 0.28147084  0.14749597  0.10144047  0.09181449 -0.07033373 -0.05642538
  0.04160487  0.02665119 -0.03175791  0.06877289 -0.08006755  0.18105575
 -0.15865136 -0.30725232  0.01736013 -0.08182955  0.11131011  0.01775891
 -0.14751364  0.07364599 -0.01929354  0.01023071 -0.26134923  0.02743323
 -0.05395374]",25,
370,25,1,1,0.7418207430271951,,,"[ 0.26200542  0.13668702  0.10841162  0.10422884 -0.08317845 -0.06502215
  0.07388085  0.03006391 -0.01098198  0.05477818 -0.09135219  0.18769134
 -0.1994802  -0.25502351 -0.01538624 -0.07946053  0.13455136 -0.01398988
 -0.18204151  0.100173   -0.02930129  0.04258442 -0.2888564  -0.0237647
 -0.00754934]",25,
390,25,1,1,0.734277487432883,,,"[ 0.28683474  0.12156741  0.10322288  0.07351047 -0.06840368 -0.05340615
  0.05949603  0.04405412 -0.02980554  0.0666349  -0.09322144  0.18447493
 -0.19488804 -0.24114483 -0.0081     -0.08485903  0.12487216 -0.02043814
 -0.16701305  0.11056678 -0.03287865  0.04674126 -0.25802933 -0.04095961
 -0.02386188]",25,
410,25,1,1,0.7371811461953416,,,"[ 0.31244498  0.13860645  0.11728002  0.07323772 -0.07995624 -0.04871486
  0.10312967  0.01035972 -0.00748645  0.07166841 -0.10929041  0.17211974
 -0.1763192  -0.25275787 -0.02985723 -0.09374787  0.12188661 -0.0004
 -0.19347485  0.10175527 -0.05453611  0.01157101 -0.22073807 -0.0206207
 -0.00055075]",25,
10,25,1,2,0.7290818918801398,,,"[-0.14176208  0.07670511 -0.22589588 -0.16004455  0.02964542 -0.07410529
 -0.23548518 -0.17812439  0.07999121  0.10339556  0.08405935 -0.04595972
 -0.14108901  0.15112832  0.13366452 -0.12249221  0.26412129  0.05945685
 -0.24151219  0.10503651 -0.05168112 -0.24606277 -0.03737972  0.00795646
 -0.25823538]",25,
30,25,1,2,1.2056395382972749,,,"[ 2.26787486e-01 -7.74495287e-01 -6.74791387e-01 -5.28252456e-01
  4.18206615e-01 -6.13439842e-01 -1.23392458e-01  2.98522487e-01
 -8.08662223e-04 -1.81040187e-01 -5.05944439e-01  3.42650011e-01
 -1.10531776e-01  1.14016413e-01  2.05872522e-01 -1.26511442e-01
  5.30720151e-01  4.21961727e-01 -7.33131602e-01  8.61112741e-01
 -2.51119593e-01  1.81491099e-01  1.22467054e+00  4.57953427e-01
  3.78098481e-01]",25,
50,25,1,2,0.8919261516076421,,,"[-0.03420447  0.21888863 -0.52088874 -0.32132793 -0.0162248  -0.46124529
 -0.45280155  0.00162181 -0.13360866  0.09632091 -0.2950506  -0.28884544
 -0.45346657 -0.06830085  0.32145145 -0.02864575  0.70434923  0.12689605
 -0.38177435  0.08536395 -0.06507928  0.01897103  0.22848216 -0.25085911
  0.62096584]",25,
70,25,1,2,0.7760892463926996,,,"[ 0.08985325  0.32609701 -0.08554755 -0.11854188  0.08020292 -0.25103221
 -0.18530652 -0.42351891 -0.09354423  0.0842227  -0.11472494 -0.26066292
 -0.52169388  0.07114442 -0.07927959 -0.11920058  0.34217215 -0.15070629
 -0.30796358 -0.05406866  0.36851942 -0.18203885 -0.15602643  0.21069795
  0.15729352]",25,
90,25,1,2,0.7873021504761221,,,"[ 0.08619305  0.36009776 -0.10659977 -0.08694807  0.03618517 -0.05197828
 -0.16808356 -0.534372   -0.03531319  0.01626409 -0.18611403 -0.13733411
 -0.52560903 -0.02971599 -0.13667216 -0.07702652  0.52892446 -0.18491443
 -0.22829552 -0.00889727  0.27396045  0.0092061  -0.21908134  0.12910066
  0.04926846]",25,
110,25,1,2,0.7644800880508291,,,"[ 0.20257317  0.34098493 -0.02864776 -0.03756511  0.12263024  0.00388774
 -0.09954179 -0.31100406  0.04529438 -0.01788814 -0.12996866 -0.11930596
 -0.70521211 -0.14421421 -0.04060895  0.01916924  0.40472161 -0.07615465
 -0.24498968 -0.00098958 -0.03895072  0.0411723  -0.16696048  0.04074902
 -0.14505421]",25,
130,25,1,2,0.8054965333333906,,,"[ 0.23456717  0.38675981  0.13065948  0.21411646 -0.01332879  0.08063495
 -0.16012156 -0.20892792  0.1425102  -0.06789455 -0.08746027  0.0704043
 -0.80271706 -0.22274674 -0.07843923 -0.21119613  0.38927893 -0.08152792
 -0.18011108  0.0515203  -0.08697853  0.08769336 -0.23630636  0.13381775
 -0.16499348]",25,
150,25,1,2,0.8005153803434724,,,"[ 0.22520781  0.21122714  0.07604797  0.0904935  -0.05750619  0.19470664
 -0.08379471 -0.17907694  0.14168868  0.04769934 -0.13693057  0.12033707
 -0.68207954 -0.36628929 -0.0965832  -0.16724484  0.33383383 -0.06846793
 -0.07380445  0.03870474 -0.05209275  0.16090673 -0.24872488  0.07911694
 -0.16935706]",25,
170,25,1,2,0.8035489953184611,,,"[ 0.2550535   0.24125604  0.05997881  0.18385666 -0.09901932  0.21640002
  0.01801584 -0.19630261  0.16945873 -0.02793112 -0.07383252  0.1108467
 -0.57739995 -0.41277966 -0.07007138 -0.17867251  0.27496988  0.01120573
 -0.1456175   0.08483007 -0.03218246  0.12885726 -0.14481207  0.16960097
 -0.28682398]",25,
190,25,1,2,0.7912101248801116,,,"[ 0.2123584   0.14729831  0.071754    0.08585489 -0.03522767  0.18133664
  0.02826342 -0.14657975  0.15491346  0.06074455 -0.12076722  0.18018888
 -0.44666209 -0.36499859 -0.09027447 -0.20899159  0.23534814 -0.06465131
 -0.12113155  0.14227206  0.04604498  0.0742834  -0.20282503  0.08532936
 -0.32750946]",25,
210,25,1,2,0.7756013717576065,,,"[ 0.2633986   0.17350615  0.07410583  0.20485259  0.04253505  0.17075307
  0.10051403 -0.16750402  0.14647875  0.06380093 -0.15892117  0.12490762
 -0.36486744 -0.34750663 -0.11168901 -0.20859119  0.11883715 -0.00440172
 -0.22764541  0.0622625   0.03871567  0.02289648 -0.17825257  0.15572252
 -0.24461552]",25,
230,25,1,2,0.7659156740982315,,,"[ 0.29203709  0.11835142  0.09113011  0.18558968 -0.00922295  0.20583874
  0.09690541 -0.14140695  0.11265527  0.05038964 -0.14131529  0.14109295
 -0.35286993 -0.32816066 -0.0719216  -0.1883395   0.13604563 -0.03091414
 -0.20835352  0.03560548  0.02648055  0.05392907 -0.23583985  0.14581502
 -0.22952604]",25,
250,25,1,2,0.7640274251653171,,,"[ 0.34493746  0.18392536  0.09541145  0.23171143 -0.00881314  0.1697253
  0.09300899 -0.1878355   0.11328796  0.06782369 -0.16380003  0.15036678
 -0.40809271 -0.2724062  -0.11598327 -0.06745985  0.12944536 -0.03362814
 -0.24148807  0.07352144  0.02692597  0.04743735 -0.2492756   0.11754623
 -0.15775898]",25,
270,25,1,2,0.7369513352352169,,,"[ 0.35784633  0.18663414  0.16637789  0.19773175 -0.04349481  0.13147043
  0.1028084  -0.10685929  0.07365528  0.1592683  -0.13846072  0.10842853
 -0.35086929 -0.22185386 -0.15438113 -0.0825108   0.10404225 -0.08831495
 -0.22761808  0.0734059   0.01650018  0.01609747 -0.23846385  0.07784692
 -0.10381733]",25,
290,25,1,2,0.7286919956139206,,,"[ 0.33110202  0.16561952  0.11307816  0.16995001 -0.04654335  0.0833277
  0.07763167 -0.09541956  0.00417059  0.14495928 -0.15902114  0.16394439
 -0.30923907 -0.20203028 -0.13303294 -0.08496221  0.08607234 -0.12646928
 -0.23318497  0.07701816  0.00680232  0.04456234 -0.26347136  0.03637476
 -0.07235251]",25,
310,25,1,2,0.7395167946255612,,,"[ 0.37259575  0.17486899  0.12747573  0.1812326  -0.02848712 -0.01007702
  0.07714592 -0.00940548  0.01953996  0.12031665 -0.13427353  0.09739469
 -0.24089479 -0.24172375 -0.09462065 -0.12268758  0.1174077  -0.02648508
 -0.23035895  0.08661128 -0.02839003  0.06420588 -0.2301752   0.04835183
 -0.03640323]",25,
330,25,1,2,0.7429111557284938,,,"[ 0.36776028  0.17006899  0.13802417  0.14987375 -0.04746624 -0.05181327
  0.10966636  0.01435551 -0.01137024  0.14457455 -0.10021754  0.11500143
 -0.20159078 -0.30022498 -0.04641649 -0.09207252  0.11348869  0.00050809
 -0.2341218   0.13082539 -0.01317728  0.0560636  -0.22021252  0.01829357
 -0.02901548]",25,
350,25,1,2,0.7327441835251011,,,"[ 0.33423009  0.17549779  0.13643536  0.09525136 -0.04537753 -0.06574956
  0.0874238   0.01347168 -0.02904186  0.1245027  -0.11813367  0.12419778
 -0.22220054 -0.27173071 -0.07157732 -0.08160396  0.13046864 -0.00326423
 -0.18895569  0.15590423 -0.02640559  0.02231303 -0.20377883 -0.03040948
  0.01527953]",25,
370,25,1,2,0.7382568229589817,,,"[ 0.31734258  0.15078353  0.11814296  0.10191828 -0.04490758 -0.0647019
  0.09606598  0.01507266 -0.01628171  0.10344862 -0.12269103  0.1532683
 -0.2238432  -0.29801933 -0.04511268 -0.09677601  0.11809846 -0.01279939
 -0.20555563  0.13340718 -0.04115993  0.02986392 -0.20300576 -0.03457707
  0.00989682]",25,
390,25,1,2,0.739676145309237,,,"[ 0.33439685  0.1467969   0.1307275   0.0889774  -0.08086218 -0.05082829
  0.09200176  0.02356835  0.00890909  0.11226554 -0.11636615  0.16653674
 -0.20516166 -0.26253651 -0.0358326  -0.10061272  0.11931638 -0.00430487
 -0.16885614  0.12411912 -0.05917489  0.01749414 -0.21138052 -0.03653243
  0.00779955]",25,
410,25,1,2,0.7371811461953394,,,"[ 0.31244498  0.13860645  0.11728002  0.07323772 -0.07995624 -0.04871486
  0.10312967  0.01035972 -0.00748645  0.07166841 -0.10929041  0.17211974
 -0.1763192  -0.25275787 -0.02985723 -0.09374787  0.12188661 -0.0004
 -0.19347485  0.10175527 -0.05453611  0.01157101 -0.22073807 -0.0206207
 -0.00055075]",25,
10,25,1,3,1.5061933269069845,,,"[ 1.20104654  0.37297697 -0.37575509  1.28800148  0.63102759  0.84227453
  0.18174338  0.17785679 -0.36155014  0.29009581 -0.81090826 -0.00285205
 -0.21472645  0.64394667 -0.18091522  0.39564167  0.38108304  0.51044861
 -1.02177086  1.11889175 -0.11770447  0.06085622 -0.17785679 -0.18070884
 -0.44224745]",25,
30,25,1,3,1.9094780828607014,,,"[ 1.45728566 -0.76239023 -0.10577185  1.02644981  0.94095886 -0.7356608
 -0.00516273 -1.22054182  0.07440417 -0.29685486 -0.63999657 -0.36156764
  0.5645344   1.49115157  0.94677047 -0.13650435 -0.26381725 -0.70716988
 -1.74137639  1.86131381  0.36772848  0.42907447  0.84391103  0.13005881
  0.15343578]",25,
50,25,1,3,0.8731471326114842,,,"[ 0.0588934  -0.47704475 -0.42341183 -0.27952752 -0.1281971  -0.06855685
  0.06881918  0.18217724 -0.14823079  0.05252763 -0.68796368  0.22621201
 -0.20090061  0.11844606 -0.08724888  0.36950573  0.30179419  0.14931992
 -0.42398157  0.32659531  0.2505094   0.30576512 -0.03071186 -0.30979377
 -0.08042264]",25,
70,25,1,3,0.9528073849074946,,,"[ 0.26400503  0.06015129  0.3264555  -0.23569929  0.06182129  0.17887655
  0.18301728  0.02272363 -0.47935118  0.36111306 -0.75834985  0.53844389
 -0.31858778 -0.17744455 -0.01000518  0.09726828  0.37014457  0.15474737
 -0.20859719 -0.02172061 -0.09530318  0.35054908 -0.34844375 -0.42634093
  0.16799024]",25,
90,25,1,3,0.8875624088513683,,,"[ 3.92325923e-01  1.70397458e-01 -1.59431855e-02 -3.55403948e-01
 -1.26611641e-01 -1.06289886e-01  9.97551220e-02  1.36264576e-01
 -3.01961762e-01  3.29571982e-01 -4.79328181e-01  5.86460466e-01
 -2.15649784e-01 -2.78740342e-01 -1.36148758e-01  3.93110025e-02
  3.95717859e-01  1.29682728e-01  4.68714648e-04  7.41829754e-02
 -1.36231308e-01  8.70067995e-02 -1.00988005e-01 -4.90877505e-01
  6.28642393e-02]",25,
110,25,1,3,0.7915118533658267,,,"[ 0.28414182  0.18483244 -0.00195237 -0.17677304 -0.04935788  0.00915455
  0.16124767 -0.10174466 -0.23610944  0.24056764 -0.35180547  0.4773744
 -0.1270671  -0.09032664 -0.25694117 -0.03802948  0.17174385 -0.10814923
 -0.15726739 -0.0200548  -0.0869403   0.00891415 -0.25734605 -0.41902693
  0.00227897]",25,
130,25,1,3,0.7788034447356654,,,"[ 0.37244811  0.15955966 -0.04323553 -0.11763322 -0.0062571  -0.02405626
  0.27522185 -0.04403554 -0.35003838  0.2163586  -0.25556536  0.41944036
 -0.07225829 -0.08417466 -0.18001018 -0.05402846  0.12033234 -0.06147699
 -0.21957192  0.04189218 -0.23430914 -0.04534154 -0.15539053 -0.42862155
  0.1028849 ]",25,
150,25,1,3,0.7893653799622364,,,"[ 4.35813717e-01  2.15520191e-01  1.16959438e-01  1.53108528e-02
 -1.43720589e-01 -9.37113435e-04  1.73314007e-01 -1.45081573e-01
 -2.66153417e-01  1.36977991e-01 -2.46903788e-01  4.29142496e-01
 -1.78041487e-01 -2.42235347e-01 -1.14371208e-01 -1.92764418e-01
  1.81268073e-01 -1.28106303e-01 -7.37369935e-02  2.65269861e-03
 -2.18984509e-01  4.95004608e-02 -2.37805354e-01 -2.46453576e-01
 -3.09988573e-04]",25,
170,25,1,3,0.760830352173569,,,"[ 0.3881729   0.13594619  0.08324997 -0.01250255 -0.11726306 -0.14835111
  0.14397153 -0.06704391 -0.16759373  0.13200071 -0.23683491  0.37639812
 -0.12487111 -0.2486664  -0.11858022 -0.11921628  0.16924357 -0.15642614
 -0.04958042  0.09821104 -0.24780586  0.07736014 -0.15765192 -0.2212209
  0.02483596]",25,
190,25,1,3,0.742813895433008,,,"[ 0.32160854  0.14123784  0.08145258 -0.03601773 -0.13308526 -0.02356721
  0.19390204 -0.01252645 -0.18096366  0.08275203 -0.20429153  0.30808117
 -0.13236393 -0.29771226 -0.09325135 -0.08386914  0.07307385 -0.09892146
 -0.14349745  0.11554273 -0.16116182  0.18943395 -0.16278954 -0.1324129
  0.01569161]",25,
210,25,1,3,0.7361855814440298,,,"[ 0.35416887  0.11580309  0.05448992 -0.08321777 -0.14607068 -0.03935859
  0.14271153 -0.01399456 -0.13561075  0.20912599 -0.16816392  0.31542409
 -0.11634657 -0.26665813 -0.06417107  0.02189841  0.09795161 -0.17422827
 -0.13206431  0.12351339 -0.13011304  0.17688502 -0.16755657 -0.09875065
 -0.02907267]",25,
230,25,1,3,0.7324958638515084,,,"[ 0.37002769  0.16173441  0.04927958 -0.05436762 -0.13650923 -0.01123653
  0.15949199  0.01662008 -0.11037422  0.15569906 -0.17107788  0.2656704
 -0.18644424 -0.25579115 -0.07664857 -0.00280466  0.08641541 -0.12921142
 -0.21002764  0.17639349 -0.11744684  0.136109   -0.17904816 -0.07267736
  0.00141564]",25,
250,25,1,3,0.7389336905491626,,,"[ 0.3632654   0.14818799  0.03931239 -0.0569792  -0.12097413  0.0038909
  0.18959112  0.04981055 -0.09787221  0.1530723  -0.19288764  0.25228764
 -0.14370658 -0.3080645  -0.09843749 -0.01196915  0.06516627 -0.16345288
 -0.1784419   0.15172239 -0.1062642   0.1465572  -0.20777434 -0.06682416
 -0.05318804]",25,
270,25,1,3,0.7361404502201492,,,"[ 0.36163218  0.13730941  0.10650825  0.00937959 -0.06964799  0.02360176
  0.10471731 -0.0492535  -0.10483687  0.10459399 -0.18508996  0.23544877
 -0.1923969  -0.23534995 -0.11292871 -0.03942756  0.09283652 -0.08369289
 -0.25691067  0.15141802 -0.05404072  0.12544287 -0.23698821 -0.12554209
 -0.05396514]",25,
290,25,1,3,0.7370257909139685,,,"[ 0.33984125  0.10883846  0.13626003  0.06284038 -0.06025756  0.0408954
  0.13469786 -0.07608585 -0.08526155  0.11951047 -0.17584245  0.26096882
 -0.21370479 -0.23444353 -0.07162266 -0.03366086  0.08504232 -0.06689886
 -0.26563822  0.14020288 -0.06376181  0.063216   -0.24291694 -0.12503995
 -0.02966532]",25,
310,25,1,3,0.7278771863580198,,,"[ 0.31695861  0.11058569  0.12845397  0.06506329 -0.04493445  0.02444208
  0.0867056  -0.03519179 -0.10462928  0.10707666 -0.12148568  0.19909319
 -0.22771785 -0.261788   -0.03016996 -0.00163595  0.08149026 -0.11050428
 -0.22869255  0.09213745 -0.06542141  0.01722316 -0.22011918 -0.08075479
 -0.05687241]",25,
330,25,1,3,0.7377156727199531,,,"[ 0.27837533  0.12325565  0.1091965   0.10218513 -0.08262047  0.02615172
  0.10620708 -0.01269373 -0.08798871  0.06623076 -0.16952775  0.18759646
 -0.23517928 -0.26298006 -0.01821043 -0.01446509  0.09187595 -0.10805768
 -0.20464674  0.09721279 -0.00108514  0.0065841  -0.23722144 -0.06894633
 -0.08184741]",25,
350,25,1,3,0.7385900161296984,,,"[ 0.32623793  0.12888715  0.11893375  0.12148931 -0.04170086 -0.00359365
  0.12449476  0.02126102 -0.07233633  0.04031004 -0.1340712   0.22071103
 -0.23607977 -0.2746211  -0.00916615 -0.04005329  0.07110333 -0.0759759
 -0.23379825  0.06169708 -0.02347546 -0.04185794 -0.18680151 -0.01957081
 -0.04159084]",25,
370,25,1,3,0.7334688139028123,,,"[ 0.34958534  0.13664421  0.15268615  0.10552296 -0.03799965 -0.01159149
  0.08877361  0.04229056 -0.07140715  0.06918676 -0.10580392  0.15836406
 -0.20820068 -0.27495993 -0.02159234 -0.07128998  0.08683065 -0.04636286
 -0.21408024  0.07622423 -0.01697247 -0.01126435 -0.19964666 -0.02528129
 -0.0053998 ]",25,
390,25,1,3,0.7375999468010395,,,"[ 0.33889244  0.15984079  0.16727375  0.06433169 -0.06620337 -0.04379863
  0.08869267  0.04301349 -0.03789399  0.07496869 -0.09166974  0.13865669
 -0.16912795 -0.28632813  0.00430502 -0.07761055  0.12769074 -0.02781188
 -0.20003641  0.10578489 -0.04831278  0.01096098 -0.20990051 -0.0490612
 -0.00244986]",25,
410,25,1,3,0.7371811461953399,,,"[ 0.31244498  0.13860645  0.11728002  0.07323772 -0.07995624 -0.04871486
  0.10312967  0.01035972 -0.00748645  0.07166841 -0.10929041  0.17211974
 -0.1763192  -0.25275787 -0.02985723 -0.09374787  0.12188661 -0.0004
 -0.19347485  0.10175527 -0.05453611  0.01157101 -0.22073807 -0.0206207
 -0.00055075]",25,
10,25,1,4,0.8682117193068553,,,"[-0.20992857 -0.14130921 -0.09806905 -0.08216544  0.64604008 -0.5428468
 -0.04542322 -0.31413407  0.17209977 -0.19574474 -0.22565771  0.008285
 -0.61522016 -0.12671106 -0.34867023 -0.05896929 -0.07908179  0.02994232
  0.04454563  0.32274119  0.10814652  0.05036217  0.14317015 -0.49830117
 -0.27356397]",25,
30,25,1,4,1.9022744352827334,,,"[ 0.30571422  0.79939243  0.58028019  1.00205827  0.71786943  0.27386799
 -0.78305392  0.27438382 -0.27148295 -0.91577008  0.45542788  0.23144356
 -2.2834527  -2.04745332  0.42888916  0.55997731  0.15105752  0.77090411
  0.02984968  0.238265    0.04537896  0.84813634 -1.03140255  0.11822227
  2.37677785]",25,
50,25,1,4,1.0682518449291518,,,"[-0.02473014  0.61489826  0.3917348   0.72490468  0.15804765 -0.44663298
  0.07254681  0.26642696  0.2358765  -0.07671699  0.04691126  0.35830995
 -0.91303502 -0.21684131  0.09786995 -0.79719575  0.83257503 -0.22906955
  0.47940195  0.43319883 -0.47023764  0.28942172 -0.21035279 -0.19681012
  0.39224142]",25,
70,25,1,4,0.811750056213504,,,"[ 0.2203389   0.15067192  0.10993974  0.29453263  0.00236927 -0.30454008
 -0.01908322  0.04811067 -0.18948328 -0.05660689 -0.38035393  0.16098994
 -0.27612546 -0.19543125  0.1757203  -0.11651844  0.3307707  -0.08270139
  0.13113251  0.21746503 -0.09016747  0.31658117 -0.14363711  0.03352773
 -0.17446004]",25,
90,25,1,4,0.7987144115564269,,,"[ 0.21672145  0.23342933  0.20433301  0.22327206 -0.18268259 -0.2366344
  0.08227074  0.00290172 -0.13735039 -0.24665705 -0.3329571  -0.00608469
 -0.37037105 -0.16384642  0.02981413 -0.02770455  0.15204585 -0.14435091
  0.18435381  0.29962609  0.02297162  0.30132813 -0.29111913 -0.07736079
 -0.17200738]",25,
110,25,1,4,0.7934656456042813,,,"[ 0.27567967  0.29178033  0.15669709  0.19124293 -0.10490349 -0.29125071
  0.03249801  0.04861306 -0.04126105 -0.28777525 -0.29260445 -0.03653957
 -0.28729621 -0.09496822  0.18403227  0.05357828  0.35297531 -0.00509593
  0.03411091  0.14402715  0.09558019  0.22601603 -0.27652986 -0.19416608
 -0.14056632]",25,
130,25,1,4,0.8715842302108172,,,"[ 0.38145124  0.24403895  0.06511976  0.13273493 -0.19108112 -0.27723276
 -0.02155148 -0.10106821  0.14672472 -0.30459417 -0.39013792  0.01037681
 -0.12197043 -0.05074742  0.10358317  0.11752412  0.30919981  0.09159976
  0.05244987  0.24791049  0.11789248 -0.07016638 -0.36714362 -0.33739938
 -0.11193617]",25,
150,25,1,4,0.8132437025542754,,,"[ 0.35330128  0.1899996   0.08659986 -0.01494796 -0.10954791 -0.23516582
 -0.08079946 -0.10754644  0.07328633 -0.17438857 -0.32509865  0.09739087
 -0.2076235  -0.12180481  0.01629737  0.09658958  0.36687542 -0.11976157
 -0.02818823  0.2498175   0.1443279   0.0406781  -0.31230631 -0.32881153
 -0.03753612]",25,
170,25,1,4,0.8138256510312755,,,"[ 0.31879751  0.16070689  0.02053754 -0.0399283  -0.09668783 -0.27551945
 -0.00708731 -0.11771907  0.04484177 -0.13178411 -0.27652836  0.14801644
 -0.2296231  -0.19278844 -0.00846248  0.07365265  0.39226392 -0.14502331
 -0.08852349  0.282171    0.11163884  0.0994232  -0.28455164 -0.23622485
 -0.16430325]",25,
190,25,1,4,0.8012665682510084,,,"[ 0.26663831  0.26472793  0.01475435  0.00678748 -0.08788078 -0.22562027
 -0.07797752 -0.14888959  0.03604056 -0.04919161 -0.26827888  0.0714232
 -0.2566328  -0.22748489  0.01368283 -0.0197056   0.40920787 -0.1029827
 -0.1008685   0.24999917  0.13620024  0.035004   -0.32098792 -0.18789808
 -0.12043901]",25,
210,25,1,4,0.7933593281836141,,,"[ 0.29474783  0.24806141  0.01527198 -0.04560035 -0.07319687 -0.18333754
 -0.05926455 -0.06841791 -0.03168146  0.00448148 -0.24162487  0.12471131
 -0.25776892 -0.23866419  0.00907148  0.02879612  0.4101342  -0.1055425
 -0.1464151   0.25815563  0.11866823  0.10783756 -0.4004992  -0.08986602
 -0.11159245]",25,
230,25,1,4,0.7878016236077747,,,"[ 0.2838294   0.23003585  0.10341859 -0.0107493  -0.13774612 -0.20605658
 -0.07317556 -0.04880693 -0.01034352  0.06040281 -0.20520638  0.12736817
 -0.20893402 -0.24819088 -0.02219051 -0.04678206  0.37052766 -0.07705712
 -0.12331367  0.26017593  0.13144503  0.06323837 -0.38179251 -0.0750712
 -0.03329278]",25,
250,25,1,4,0.7736270680762152,,,"[ 0.33137835  0.19410026  0.07774052 -0.07817171 -0.06541181 -0.16160191
 -0.06441972 -0.03284428  0.04371418  0.03763037 -0.19384755  0.12922849
 -0.16724837 -0.26383317 -0.03329618 -0.00742634  0.27691286 -0.04539159
 -0.13116118  0.24955136  0.15182462  0.05999299 -0.36521204  0.00490583
 -0.01547953]",25,
270,25,1,4,0.7621783988136827,,,"[ 0.38508077  0.21848966  0.06510016 -0.01223751 -0.01311615 -0.13551168
 -0.08673853 -0.03966368  0.09401613  0.08693316 -0.12149289  0.06059677
 -0.20441448 -0.20917393 -0.06493139 -0.01096023  0.17369095 -0.00307191
 -0.15679272  0.15511777  0.10053621  0.02462827 -0.36556319 -0.03863347
 -0.03358165]",25,
290,25,1,4,0.7430603377749907,,,"[ 0.3361554   0.2048334   0.0873482  -0.00645847  0.03016687 -0.11679679
 -0.00931618 -0.07955974  0.02883911  0.12453593 -0.09848505  0.07126398
 -0.17617574 -0.24387318 -0.09812303  0.0139475   0.16100555 -0.00576809
 -0.14807938  0.14284704 -0.0090473   0.06417184 -0.31250408 -0.03665982
 -0.0667446 ]",25,
310,25,1,4,0.7332239657636467,,,"[ 0.32288357  0.16368891  0.09432925  0.00352024 -0.00823063 -0.06015097
  0.02714787 -0.09973732 -0.00072252  0.14480369 -0.10302853  0.11159163
 -0.21363655 -0.2397148  -0.09555398 -0.01346428  0.16031233 -0.033739
 -0.15190709  0.08869832 -0.01997911  0.06183473 -0.31482441 -0.04002128
 -0.08332438]",25,
330,25,1,4,0.7412999314777267,,,"[ 0.38019437  0.16898671  0.15299707  0.03482773 -0.0159267  -0.05421758
  0.10297998 -0.10712701 -0.01706159  0.15260088 -0.11021424  0.18962191
 -0.18378405 -0.229571   -0.10185494 -0.062136    0.10200206 -0.00391516
 -0.14261336  0.11077891 -0.0267416   0.01529811 -0.33747212 -0.05912919
 -0.03604198]",25,
350,25,1,4,0.7444547114858273,,,"[ 0.36305801  0.15638686  0.1455369   0.0295366  -0.03681084 -0.05290864
  0.11949882 -0.06504601 -0.01872555  0.15083645 -0.11427589  0.22430241
 -0.2034869  -0.24196561 -0.09412199 -0.05132734  0.09527104 -0.02717818
 -0.20015435  0.12999563 -0.00839074  0.02394235 -0.31550495 -0.02570833
 -0.04315734]",25,
370,25,1,4,0.7392235938757784,,,"[ 0.34163058  0.15617824  0.12166223  0.04916051 -0.03358843 -0.03077854
  0.12006231 -0.06312828 -0.00213322  0.13633374 -0.1259294   0.2129092
 -0.21365381 -0.23601851 -0.09321196 -0.05533058  0.08212136 -0.04218127
 -0.23049765  0.11471003 -0.01024878  0.03407779 -0.31680587 -0.02699872
 -0.02704471]",25,
390,25,1,4,0.7341513933655812,,,"[ 0.3259112   0.14361189  0.12420946  0.02287559 -0.06102451 -0.049605
  0.11272983 -0.02173406 -0.02602263  0.11136993 -0.11442879  0.21764524
 -0.21718435 -0.2226818  -0.08211969 -0.04268944  0.11054958 -0.03798611
 -0.21845804  0.09796645 -0.00654487  0.03005191 -0.27297792 -0.01383765
 -0.01431929]",25,
410,25,1,4,0.7371811461953177,,,"[ 0.31244498  0.13860645  0.11728002  0.07323772 -0.07995624 -0.04871486
  0.10312967  0.01035972 -0.00748645  0.07166841 -0.10929041  0.17211974
 -0.1763192  -0.25275787 -0.02985723 -0.09374787  0.12188661 -0.0004
 -0.19347485  0.10175527 -0.05453611  0.01157101 -0.22073807 -0.0206207
 -0.00055075]",25,
10,25,1,5,0.79878596295362,,,"[-0.38608313  0.00968769 -0.12022197 -0.17408628  0.07496147  0.12772483
  0.34585306 -0.03906275 -0.23491198  0.07823632  0.1908063   0.07823632
 -0.17746307 -0.22579677  0.19995874  0.1908063   0.42548445  0.24201534
  0.12772483 -0.15174355 -0.10208214  0.03758202 -0.12172242 -0.2856222
 -0.25089672]",25,
30,25,1,5,2.401430005707539,,,"[-1.1801683   0.26061813  0.24140106  0.92410245  0.30728112  1.81447198
  0.1113317  -0.60118291  0.98908776  0.19599096  0.51607151  0.48918588
  0.54183423 -1.97568696  0.51590667  1.78739046 -0.66178253 -0.54228375
 -2.13364205  0.92999775  1.19026087 -0.02447179  0.46950027 -1.57196459
 -0.49227934]",25,
50,25,1,5,0.9736331244994864,,,"[ 0.02961154  0.07847791  0.39858967 -0.0659386  -0.1571262  -0.01340971
  0.75930197 -0.24355214 -0.12311648 -0.79913233 -0.63306228  0.07690774
  0.20661154  0.28583679 -0.00141493 -0.39970865  0.25234071 -0.05464437
  0.20188046  0.16029057 -0.04896362 -0.25222588 -0.56658305 -0.21504441
  0.13208771]",25,
70,25,1,5,0.9139477209175106,,,"[ 0.11754393  0.02460936  0.19669844 -0.03109081 -0.24741316  0.25055848
  0.49970899 -0.39342256 -0.25782354 -0.52110915 -0.57239423  0.01679957
  0.23135276  0.26225399  0.06105934 -0.43077319  0.01989214  0.06967894
 -0.23573955  0.17163882  0.04724054 -0.21657842 -0.5448194  -0.08509514
 -0.12571233]",25,
90,25,1,5,0.8462951576134975,,,"[ 0.08924884 -0.02731076  0.25582938  0.0314341  -0.40890125  0.11022231
  0.42536416 -0.16839531 -0.21288475 -0.37808258 -0.49407227  0.00734496
  0.31773862  0.13136448 -0.03905874 -0.35634428  0.01492564 -0.19578488
 -0.0790272   0.21754624 -0.16098474 -0.02362668 -0.40374075  0.04543758
 -0.14648283]",25,
110,25,1,5,0.79763760245274,,,"[ 0.23314214  0.05186094  0.24365332  0.13831002 -0.41882745 -0.01755577
  0.21056486 -0.20183892  0.05949914 -0.09167676 -0.13596858  0.14938822
  0.02993395  0.04253708 -0.01198574 -0.28152194  0.13756478 -0.20872109
 -0.14355919 -0.06622468 -0.12168074  0.03410694 -0.52129847 -0.04685564
 -0.30664558]",25,
130,25,1,5,0.8010115784205368,,,"[ 0.17562164 -0.03478172  0.21219858 -0.03980555 -0.41768445  0.05929466
  0.22106171 -0.19633518  0.01444295 -0.13264188 -0.17273316  0.16946554
  0.02215203 -0.02439375 -0.06088845 -0.2096412   0.20295865 -0.20976525
 -0.12246641 -0.09098614 -0.08306173  0.05813533 -0.48858956 -0.00905001
 -0.29418195]",25,
150,25,1,5,0.7974933764550718,,,"[ 0.12255411  0.01001038  0.19260998  0.03703594 -0.41455858  0.11895581
  0.23148245 -0.11191168  0.00482238 -0.06552598 -0.15062853  0.19069939
 -0.04929085 -0.08595492  0.0036436  -0.29313646  0.27401248 -0.15172408
 -0.12933407 -0.03772384 -0.09233814  0.13708343 -0.50183345 -0.01164382
 -0.21163034]",25,
170,25,1,5,0.7855018192544639,,,"[ 0.12846521  0.08968797  0.21986998  0.12502122 -0.41064293  0.26673583
  0.15557836 -0.23902921 -0.06692079  0.00364826 -0.16821393  0.19911286
 -0.0999467  -0.11836511 -0.02412174 -0.30645133  0.227381   -0.07374201
 -0.23463681 -0.00524101 -0.03009211  0.00946844 -0.4871213  -0.04759949
 -0.10009977]",25,
190,25,1,5,0.7900592163621957,,,"[ 0.10457477  0.16279156  0.23045106  0.1797574  -0.44849355  0.28575302
  0.16210012 -0.18252948  0.01970266 -0.02876694 -0.18073472  0.23050566
 -0.19725768 -0.18069007 -0.01294502 -0.3257415   0.21328496 -0.10566032
 -0.1639848   0.06426641 -0.03230406  0.07865904 -0.4063724   0.04934762
 -0.18186268]",25,
210,25,1,5,0.7670806134053589,,,"[ 0.22076081  0.15747126  0.17742189  0.08232627 -0.28361855  0.23883697
  0.08127437 -0.14278555  0.03557399 -0.01877786 -0.2623131   0.24856782
 -0.27311592 -0.17778589  0.00755205 -0.21628066  0.15436811 -0.03795175
 -0.19917308  0.03452217 -0.00518638  0.0564091  -0.35966581  0.00782642
 -0.12073334]",25,
230,25,1,5,0.7515975491460887,,,"[ 0.25122395  0.14286005  0.14298545 -0.01374093 -0.23578314  0.21029123
  0.05744543 -0.09053427 -0.0208112  -0.02257509 -0.18271707  0.2772791
 -0.24259634 -0.19864103  0.04979879 -0.18941861  0.13537078 -0.02402668
 -0.12928661 -0.00934873  0.0238845   0.01096002 -0.36311627 -0.06782841
 -0.1021937 ]",25,
250,25,1,5,0.7425500553304732,,,"[ 0.25688084  0.13291651  0.16282748  0.02073883 -0.2212974   0.20823053
  0.04573055 -0.11395308  0.00214857 -0.00391706 -0.17530439  0.30279595
 -0.26453701 -0.18755145  0.01160948 -0.14975251  0.14070411  0.01380579
 -0.11598717  0.01893773  0.01444396  0.04096224 -0.30031282 -0.06959075
 -0.10821954]",25,
270,25,1,5,0.7445905626781121,,,"[ 0.27046388  0.15095286  0.13555614  0.01278643 -0.18302002  0.1878749
  0.0769305  -0.08000157 -0.03437713  0.03930261 -0.18400491  0.33523454
 -0.2375469  -0.21564797  0.01440712 -0.09080396  0.11178399 -0.06598279
 -0.11200695  0.04107945 -0.01059187  0.06902955 -0.33048143 -0.07174351
 -0.16457083]",25,
290,25,1,5,0.7367076266187911,,,"[ 0.26073006  0.14960355  0.12482674 -0.02874572 -0.15408214  0.13536081
  0.04737651 -0.06871065 -0.05549181  0.0430097  -0.19325098  0.28680239
 -0.25818327 -0.19968879  0.00160969 -0.11088937  0.11750896 -0.08031994
 -0.12209604  0.04005734 -0.01346114  0.02046339 -0.32258188 -0.05267527
 -0.13396298]",25,
310,25,1,5,0.7377682034665548,,,"[ 0.26698207  0.19136638  0.15881872  0.01748703 -0.14320094  0.07304224
 -0.00592347 -0.08359275 -0.06947141 -0.00476613 -0.15589331  0.22455054
 -0.22484786 -0.21983545  0.01142875 -0.14166723  0.14347533 -0.07269066
 -0.09259668  0.02604604  0.01931987  0.0196196  -0.32167143 -0.05930868
 -0.11713857]",25,
330,25,1,5,0.7316100423536482,,,"[ 0.26584671  0.17206452  0.13686871 -0.01619354 -0.1087357   0.0562421
  0.00814869 -0.08039905 -0.07986747 -0.01385168 -0.1567753   0.20746166
 -0.22529132 -0.21832631  0.01839796 -0.16112254  0.11832173 -0.0570811
 -0.08373226  0.0197495  -0.00249254 -0.00297283 -0.24104012 -0.0951943
 -0.08763167]",25,
350,25,1,5,0.7452329089336707,,,"[ 0.32344133  0.18312783  0.152971    0.01790911 -0.08923045  0.00644856
  0.05787564 -0.03599205 -0.01910099 -0.03918496 -0.1919281   0.21711839
 -0.23974228 -0.21109556  0.00813919 -0.12071496  0.1175528   0.00841247
 -0.16524419  0.05077725 -0.02793629  0.02121047 -0.25336612 -0.04378891
 -0.0496131 ]",25,
370,25,1,5,0.740176253104944,,,"[ 0.3227252   0.18247435  0.15456535  0.02428434 -0.08672189 -0.02859754
  0.08611547 -0.00380708  0.00274848 -0.00712867 -0.17377851  0.17578226
 -0.22383201 -0.23073879  0.00737005 -0.09665955  0.11212412  0.01669284
 -0.14424782  0.07870863 -0.01029511  0.05373414 -0.23030062 -0.02432109
 -0.03989811]",25,
390,25,1,5,0.7452990553701051,,,"[ 0.35001291  0.18759736  0.12192335  0.05233605 -0.09550354 -0.07673928
  0.09763489  0.02430738 -0.00279535  0.04204907 -0.13682614  0.19025772
 -0.2200366  -0.23693159 -0.02059365 -0.12687923  0.12754354 -0.01262002
 -0.1622575   0.09669707 -0.04501486  0.02678388 -0.21872917 -0.02025831
  0.00831738]",25,
410,25,1,5,0.737181146195341,,,"[ 0.31244498  0.13860645  0.11728002  0.07323772 -0.07995624 -0.04871486
  0.10312967  0.01035972 -0.00748645  0.07166841 -0.10929041  0.17211974
 -0.1763192  -0.25275787 -0.02985723 -0.09374787  0.12188661 -0.0004
 -0.19347485  0.10175527 -0.05453611  0.01157101 -0.22073807 -0.0206207
 -0.00055075]",25,
