sample_size,n,k,repeat,mae,alphas,coef_path,coefficients,non_zero_coef,num_iter
25,50,1,1,0.8625231830004708,,,"[-0.12003142 -0.00435237 -0.0698093  -0.12973517  0.05735245 -0.20213048
 -0.02189852 -0.09224664  0.05239694  0.09015419 -0.17176176 -0.11662562
 -0.05153327 -0.15344276  0.00711811  0.01535727  0.06249638 -0.00793301
 -0.05375208 -0.03317678 -0.08986487  0.04279615  0.03731123  0.13885226
  0.09696034  0.06976778 -0.02521993 -0.14401729  0.01965877  0.09003758
 -0.03101414 -0.0427831  -0.24525422  0.02547847  0.08113233  0.01390421
  0.06474438 -0.04628931 -0.15026241  0.18124056 -0.17103608 -0.10434624
 -0.16250578  0.11287507  0.11047754 -0.0244615   0.00076834 -0.08335483
  0.10676021  0.11203126]",50,
75,50,1,1,1.2439001684141824,,,"[-0.1744648  -0.1217588  -0.09981098 -0.02669071  0.16015053 -0.28762812
  0.36766425 -0.25611956 -0.12015018  0.14431497 -0.42036477  0.12670067
 -0.19539336 -0.30299644 -0.21870738  0.10940501  0.08496656  0.10474374
  0.17198054 -0.08082511 -0.02271434  0.1016102  -0.08442559  0.18457496
 -0.07667399  0.11220737 -0.01306717 -0.09886947 -0.11823361 -0.32702874
 -0.16587884 -0.32478978 -0.32725062  0.18940962 -0.16183266 -0.11913708
  0.08965276 -0.12519059  0.06980305  0.231516   -0.01697452  0.10656708
  0.17392059 -0.26621968  0.29245161 -0.06911306  0.12750025 -0.02427277
  0.11629042  0.10749372]",50,
125,50,1,1,0.9411357462533857,,,"[-0.07713774 -0.04602294 -0.14645585  0.04983911 -0.01179565 -0.12519121
  0.20790276 -0.25049368 -0.1268442   0.16962686 -0.0368563  -0.00935557
 -0.19249215 -0.04646097 -0.06502335  0.01927964 -0.02490214 -0.00852428
  0.0328523   0.03602845 -0.00704521  0.08455026 -0.01649611  0.04601725
  0.07290329  0.09900154 -0.02677725  0.04400364 -0.07534473 -0.18723785
 -0.02523441 -0.11717065 -0.26542243  0.05929279  0.02122053 -0.03009007
  0.04369574 -0.21821949 -0.1217861   0.03651333 -0.17280945 -0.03777925
  0.03919474 -0.13107669  0.10090456 -0.15931064  0.07277094 -0.04092588
 -0.00185528  0.15964257]",50,
175,50,1,1,0.8491472918016137,,,"[-0.18615437 -0.09191334 -0.22639451 -0.01092677  0.0607769  -0.08043015
  0.18004398 -0.19389395 -0.04342474  0.18969089 -0.05592713 -0.04312519
 -0.17170335 -0.03846505 -0.06325772  0.03712232 -0.00126544 -0.09966853
  0.01465649  0.01960794  0.03229665  0.02746538 -0.01225634  0.02632894
  0.06982812  0.04863681 -0.14472899  0.00128388 -0.08674135 -0.10673206
 -0.0615563  -0.14876937 -0.13407468  0.09696142 -0.02875219  0.07996131
 -0.00276197 -0.00853424 -0.06098445 -0.03473071 -0.04965481 -0.02655391
  0.01511339 -0.17383247 -0.03523525 -0.03771436  0.06097943  0.02354367
  0.00162277  0.05900565]",50,
225,50,1,1,0.833524735890104,,,"[-0.19046932 -0.05706826 -0.16510304 -0.00800851  0.10900242 -0.03605052
  0.20565927 -0.15182663 -0.01578614  0.21003523  0.0042225  -0.02215782
 -0.13561308 -0.10241122  0.00901148  0.01443776  0.02056213 -0.02987157
  0.04668513 -0.00963473  0.02904977  0.00440568 -0.02592173  0.01165016
  0.02041357  0.00563904 -0.15137137 -0.02237655 -0.05311398 -0.01799513
 -0.04063498 -0.1062408  -0.10417468  0.08700623 -0.04611932  0.07580168
  0.00154519  0.04495672 -0.06438209 -0.0491305  -0.08530392  0.00773115
 -0.03083606 -0.11547832 -0.01810346 -0.05283488  0.05174977 -0.03417183
  0.02377752  0.07216382]",50,
275,50,1,1,0.824020404548154,,,"[-0.17455619 -0.07714279 -0.17512183 -0.01099945  0.10993062 -0.04937386
  0.21502334 -0.17496978 -0.00223323  0.18288864 -0.01427391  0.02332068
 -0.1010884  -0.09420761  0.02561871  0.01984091  0.03267391 -0.03042332
  0.00546829  0.01875166  0.06645762  0.02537478 -0.06690368  0.03540846
  0.02761066  0.03235212 -0.08949835 -0.00501043 -0.02532455  0.00495733
 -0.0470182  -0.07548195 -0.04033474  0.12805978 -0.06581672  0.04084984
  0.02486751 -0.02217916 -0.0959718   0.01371105 -0.08550274  0.02441214
 -0.06392625 -0.15224441 -0.02663623 -0.03915002  0.00466011 -0.03309792
  0.04091545  0.09067817]",50,
325,50,1,1,0.8229162609574376,,,"[-0.17247414 -0.08272798 -0.17711247 -0.0335777   0.11086722 -0.01747133
  0.181212   -0.15046277  0.00955812  0.20335303  0.00657902 -0.00454784
 -0.0849444  -0.08724581  0.00572461 -0.01040703  0.04477554  0.03608984
  0.02288794  0.01981778  0.06818148  0.02787413 -0.05188615 -0.02580825
  0.05927815  0.04288976 -0.0791666  -0.02734991 -0.04167093 -0.0044443
 -0.07595482 -0.07977077 -0.05904301  0.09040592 -0.08080506 -0.00664734
  0.00458471 -0.04700716 -0.09653596 -0.02636081 -0.11916271  0.03802321
 -0.02030236 -0.14886967 -0.02914197 -0.08943004  0.00917012 -0.04957225
  0.01961529  0.08411158]",50,
375,50,1,1,0.8134341485565483,,,"[-0.1818694  -0.04597761 -0.15808228 -0.05987831  0.08562435 -0.00214661
  0.17581113 -0.15720765  0.03253779  0.16874958  0.00580908 -0.01988342
 -0.07912343 -0.05157384 -0.00751223  0.00031926  0.07980476  0.02982292
  0.02893948  0.02143468  0.04116761 -0.01064362 -0.06366279 -0.02104308
  0.05371493  0.01580097 -0.08029417 -0.06760118 -0.01656145 -0.01995367
 -0.05711066 -0.07388052 -0.06255514  0.06106201 -0.10831805  0.02295505
  0.01308642 -0.03474405 -0.0747193  -0.03673836 -0.12748741  0.0326157
 -0.0130668  -0.13568595 -0.01740473 -0.08476729  0.01359585 -0.03071359
  0.01258457  0.06228576]",50,
425,50,1,1,0.7928408319144922,,,"[-0.15738674 -0.0578368  -0.15520255 -0.04497917  0.09777242  0.0003621
  0.13629821 -0.16176746  0.03673928  0.1609902   0.03660239 -0.02641109
 -0.03618133 -0.0413165  -0.02067818 -0.00371526  0.06890468  0.01687079
  0.02982416  0.04344332  0.02252659 -0.04586374 -0.04321223 -0.03973947
  0.0450769   0.02308797 -0.07764118 -0.0413496  -0.02753877 -0.01021898
 -0.05084812 -0.07494612 -0.08753112  0.06921332 -0.09542507  0.02199696
  0.02147076 -0.04436375 -0.08361858 -0.01403098 -0.11718428  0.03249966
 -0.03968259 -0.12113314 -0.04852492 -0.08859666  0.00382697 -0.02448356
  0.00390882  0.05043992]",50,
475,50,1,1,0.774423442368635,,,"[-0.14948264 -0.05456711 -0.15080314 -0.03861507  0.0773175  -0.01786827
  0.12069589 -0.12529098  0.02941913  0.13163432  0.01447396 -0.02491435
 -0.03537011 -0.0218918  -0.00585029  0.01248415  0.05463872 -0.0099529
  0.04071454  0.04199583  0.02682985 -0.04238275 -0.06566555 -0.04841232
  0.06308734  0.02096259 -0.06683482 -0.05570293 -0.03581993 -0.02430445
 -0.01690475 -0.05182593 -0.06350967  0.04033822 -0.0586329   0.02697152
  0.00255496 -0.05237588 -0.10446211 -0.01202595 -0.07844785  0.03452812
 -0.04611825 -0.10385448 -0.05425963 -0.10244823  0.00062269 -0.01554755
  0.0044448   0.03680347]",50,
525,50,1,1,0.7664367318477224,,,"[-0.13624934 -0.04151025 -0.13176776 -0.02604828  0.06716775 -0.01709609
  0.13026125 -0.10166639  0.00909216  0.11552412  0.0043563  -0.00959458
 -0.03266324 -0.01876218 -0.00736889  0.05627502  0.04487648 -0.01702104
  0.01452918  0.0445782  -0.01386491 -0.02301979 -0.07211086 -0.06023072
  0.03085624  0.02228914 -0.06017309 -0.06843202 -0.01853884 -0.02889661
 -0.00895452 -0.0512354  -0.06266344  0.03211108 -0.06131205  0.03678604
  0.00150687 -0.06030699 -0.10976757  0.00588249 -0.08587221  0.01296765
 -0.04010383 -0.10187844 -0.04970797 -0.08368685 -0.00771292 -0.02302819
  0.00204133  0.02028668]",50,
575,50,1,1,0.7744870858488622,,,"[-0.15460784 -0.0460219  -0.13875294 -0.03054651  0.05883555 -0.0282002
  0.12199294 -0.10048822  0.00043879  0.11182894  0.01319643 -0.00861441
 -0.03118295 -0.0148108  -0.01970324  0.06861821  0.05088139 -0.00799971
  0.00558237  0.04849924 -0.01864795 -0.03679925 -0.07411993 -0.0647437
  0.0281375  -0.00321659 -0.06052966 -0.05164113 -0.00201655 -0.04744638
  0.01266496 -0.04814292 -0.05934955  0.02927033 -0.07101362  0.04662654
 -0.01006321 -0.06960671 -0.12949843  0.03006936 -0.08794841  0.02361723
 -0.05422974 -0.10870178 -0.03580996 -0.08041074 -0.03977273 -0.03278398
 -0.00023992  0.00342178]",50,
625,50,1,1,0.7659932474555479,,,"[-0.16898282 -0.04110391 -0.11800026 -0.00735885  0.07731642 -0.03632352
  0.09578939 -0.08610819 -0.02790138  0.07132025  0.01859391 -0.00354313
 -0.04417919 -0.00999669  0.00196     0.07611866  0.06631204 -0.02297254
  0.01696378  0.03159801 -0.03403988 -0.01594717 -0.06522058 -0.06104857
  0.00975446  0.00238551 -0.04932295 -0.03386255 -0.00525436 -0.04793622
  0.0134125  -0.06030563 -0.06070881  0.02101595 -0.08148443  0.02421142
 -0.01128814 -0.05959525 -0.10928557  0.0371538  -0.05550645  0.0096255
 -0.0529805  -0.11300015 -0.0262536  -0.06305049 -0.03575313 -0.051485
  0.00899769  0.00338475]",50,
675,50,1,1,0.755777134492846,,,"[-0.16534643 -0.0599736  -0.13258308 -0.01324285  0.08867119 -0.0545317
  0.07756347 -0.08194725 -0.02915413  0.05960807  0.00949484 -0.00526397
 -0.03672884 -0.00445464 -0.00268534  0.08427676  0.07537957 -0.00469788
  0.01739557  0.02061578 -0.02517603 -0.01614167 -0.06672253 -0.06324164
  0.01214158 -0.0112511  -0.03485165 -0.01780603 -0.0179184  -0.05877498
  0.0155811  -0.06714237 -0.0417743   0.02253082 -0.08744983  0.01631055
 -0.02707959 -0.05119281 -0.09226964  0.04137759 -0.03511882  0.02778152
 -0.05578489 -0.12476828 -0.00750791 -0.0566436  -0.02179009 -0.04643286
  0.01449383 -0.00709457]",50,
725,50,1,1,0.7404833341226942,,,"[-0.16760585 -0.05385669 -0.12238093  0.00673826  0.08957252 -0.04479473
  0.06177258 -0.08859387 -0.03341878  0.04631358  0.00331735 -0.00823571
 -0.03147808 -0.01105512 -0.01337282  0.07381406  0.06975368 -0.01214352
  0.03588834  0.02131319 -0.03206685 -0.01466404 -0.05519347 -0.07129747
  0.01715808 -0.02320198 -0.02758421 -0.01491282 -0.01947784 -0.0365539
  0.01683211 -0.07351439 -0.03029682  0.02858235 -0.07018144  0.01077447
 -0.01010357 -0.05758072 -0.08085686  0.04318171 -0.00994381  0.02725507
 -0.04831907 -0.11487972 -0.0017861  -0.04185916 -0.01181819 -0.04182373
  0.00686605  0.00219386]",50,
775,50,1,1,0.7290878010021015,,,"[-0.16491514 -0.06515254 -0.12439111  0.00638814  0.07845399 -0.03759226
  0.06897824 -0.07747693 -0.04009428  0.03742338  0.01393836 -0.01194217
 -0.02955206 -0.01483964  0.00033141  0.06733733  0.07351103 -0.00858231
  0.04039444  0.02547202 -0.03445194 -0.00216924 -0.03076449 -0.07349575
  0.02140779 -0.02928005 -0.02721603 -0.0154495  -0.00885451 -0.01935964
  0.01602641 -0.06019002 -0.024534    0.0346335  -0.07396374  0.00512271
 -0.00382877 -0.05268347 -0.06966153  0.0399878  -0.00878989  0.02195883
 -0.04696163 -0.10434072 -0.00335113 -0.03942078 -0.00267773 -0.03542604
 -0.00036943  0.02224229]",50,
825,50,1,1,0.7288164776964834,,,"[-0.1705181  -0.05139189 -0.11538042  0.00590944  0.06691459 -0.04288795
  0.0632299  -0.06890553 -0.04584927  0.0258531   0.00807333 -0.02221701
 -0.02617895 -0.01046133 -0.00191193  0.06599083  0.07591261 -0.009991
  0.03955537  0.03614846 -0.02740675 -0.00867544 -0.01460243 -0.05149417
 -0.00293472 -0.02174465 -0.02364055 -0.01332156 -0.02240148 -0.02702709
  0.02904118 -0.04213562 -0.01185004  0.02644622 -0.07488197 -0.00594772
 -0.00478587 -0.04455208 -0.06539508  0.02847358 -0.01892057  0.03213119
 -0.04121501 -0.08925865 -0.01045846 -0.04179416 -0.01584162 -0.03204763
 -0.00889372  0.01731856]",50,
875,50,1,1,0.7310007359372974,,,"[-0.18288713 -0.06492451 -0.12438451 -0.00876252  0.0784212  -0.0377975
  0.05641593 -0.05426155 -0.04146258  0.03954509  0.01098828 -0.02371774
 -0.01900156 -0.00046337 -0.00164598  0.05275649  0.05789578 -0.01409458
  0.02582895  0.0314529  -0.03711286 -0.01483368 -0.0112953  -0.03877619
 -0.00387441 -0.02518114 -0.03124437 -0.02796341 -0.03282625 -0.01194035
  0.03305301 -0.03924416 -0.01179046  0.02166008 -0.08486356 -0.02292308
 -0.01962011 -0.0577898  -0.06982464  0.03328783 -0.02418726  0.03048956
 -0.03023023 -0.08406149 -0.02397501 -0.05179995 -0.00318373 -0.02690317
 -0.00227403  0.02037537]",50,
925,50,1,1,0.725580978038023,,,"[-0.18081502 -0.03662359 -0.10737765 -0.01232361  0.06852299 -0.03352974
  0.05187525 -0.05839937 -0.03038412  0.03684132  0.01239242 -0.01838236
 -0.02474481  0.00581866 -0.00361405  0.0449522   0.05139411 -0.01647887
  0.02819745  0.02963249 -0.03473015 -0.0164246  -0.01128428 -0.03164712
 -0.01491707 -0.02906793 -0.02981502 -0.03667757 -0.01880278 -0.01204401
  0.02202019 -0.04798118 -0.00348277  0.02646928 -0.09086237 -0.02108317
 -0.02102089 -0.05050597 -0.0675802   0.02270436 -0.02906009  0.03425927
 -0.02606777 -0.07986512 -0.0243801  -0.04613829 -0.01072341 -0.02625224
  0.00358351  0.02011604]",50,
975,50,1,1,0.7175175305441411,,,"[-0.16752926 -0.03737145 -0.09982136 -0.01911032  0.06837689 -0.03585724
  0.04052103 -0.05974372 -0.02971162  0.03938517  0.01406244 -0.02339872
 -0.02041876  0.00506132 -0.00750641  0.04990243  0.05088109 -0.01460463
  0.02840931  0.02561523 -0.03412444 -0.01853146 -0.01512754 -0.02089813
 -0.00788575 -0.02338409 -0.01625532 -0.03560014 -0.02083234 -0.01478816
  0.02836538 -0.05108455 -0.00885379  0.0231317  -0.08436384 -0.02158971
 -0.02386633 -0.04364646 -0.07129982  0.02210281 -0.02560968  0.02662322
 -0.01946642 -0.07517107 -0.02068795 -0.05109451 -0.00631053 -0.02289968
  0.00612705  0.01842518]",50,
1025,50,1,1,0.7159987336336843,,,"[-0.17963344 -0.04577293 -0.09934762 -0.02127946  0.0657113  -0.03879146
  0.04749917 -0.07129362 -0.02766299  0.04151209  0.0216426  -0.02142085
 -0.02240231  0.00774308 -0.00644155  0.04639418  0.04354659 -0.00062415
  0.02512017  0.02263654 -0.03712019 -0.02750992 -0.01820709 -0.01820459
 -0.00526456 -0.02938997 -0.00760326 -0.03542424 -0.00481155 -0.01354182
  0.02369451 -0.05477588 -0.01145279  0.02070754 -0.07962148 -0.01823747
 -0.0211339  -0.04708411 -0.06303016  0.02525593 -0.03057751  0.0313756
 -0.01258254 -0.07090777 -0.02391091 -0.05291741 -0.00448274 -0.01357786
 -0.00517605  0.01745123]",50,
25,50,1,2,1.2143986271992417,,,"[ 0.05562117 -0.23907915  0.2113592  -0.06083166  0.01197951 -0.185434
  0.3209574  -0.08679662  0.05130557 -0.08900673  0.21413334 -0.13809362
 -0.15013255  0.01107916 -0.27717211 -0.09453589  0.11987156  0.12629965
 -0.01360308  0.22126703 -0.22548801 -0.02252182  0.02593222  0.22015497
 -0.03680857 -0.11362471 -0.48398257 -0.21069378 -0.00932059  0.01836649
 -0.04017322 -0.03078422 -0.03742887 -0.16829716  0.15532784  0.14312104
  0.16736966  0.42392894  0.10448616  0.10627972  0.09003058 -0.07818936
  0.14273636 -0.13860355  0.10784585 -0.06369342 -0.11636981  0.31945935
 -0.08762985 -0.08487891]",50,
75,50,1,2,1.275367221997967,,,"[-0.30237503  0.27997697  0.13014052 -0.25542238 -0.16659406 -0.15055238
  0.3211127   0.03909022 -0.12338547  0.29608164  0.04249883 -0.18690565
 -0.25642848 -0.03412527 -0.12877987 -0.2978144   0.30053523  0.11361407
 -0.18411949 -0.09980755 -0.16154462  0.22678345 -0.1172592   0.01208147
 -0.05948203 -0.14244331 -0.07968042 -0.26954555 -0.00324897 -0.1742226
 -0.02167124 -0.04275286 -0.13446285  0.06350849  0.04370196  0.38138249
 -0.0669305   0.35250594 -0.03752174 -0.17004068  0.02728387  0.03476436
  0.34524336 -0.16785431  0.20328882 -0.21029438 -0.09958199  0.28638103
 -0.06184709  0.03986395]",50,
125,50,1,2,0.891931871471022,,,"[-0.10682869  0.07201404  0.04851694 -0.03001614  0.02475717 -0.12219184
  0.20126826  0.01924782 -0.01977419  0.14996796  0.0380124  -0.16332989
 -0.15507756 -0.04315386 -0.14699522 -0.16607255  0.09693012  0.02549416
 -0.00925281 -0.01190276 -0.04647878  0.13426235 -0.04202237 -0.03860802
  0.01364502 -0.0923909  -0.11801446 -0.25208962 -0.08720596 -0.10399007
 -0.01663558 -0.06078064 -0.10142795  0.12758301 -0.03132537  0.12377601
 -0.03605514  0.14571328  0.03290025 -0.05172441 -0.07129133  0.01591222
  0.23540999 -0.12212321 -0.046941   -0.03614909  0.01972653  0.11676459
 -0.09575595 -0.0279779 ]",50,
175,50,1,2,0.8352311906652676,,,"[-0.14204964  0.01033437 -0.03575958 -0.01053608 -0.02677793 -0.04421866
  0.12102681  0.02375396  0.00395691  0.08183283 -0.04050735 -0.12586901
 -0.03893253 -0.02983962 -0.08546519 -0.08916062  0.0048097   0.0352939
  0.04710454  0.03235859 -0.07314864  0.01183224 -0.06340487 -0.03997733
 -0.01660953 -0.03287338 -0.08495675 -0.30300055 -0.06509564  0.0478953
  0.06726454  0.01318791 -0.04110635  0.05520577 -0.06955108 -0.01495239
 -0.02936126  0.08630511  0.05538415 -0.06355704 -0.07600071  0.01432371
  0.14369026 -0.12294365 -0.02876174 -0.02976381 -0.01774039  0.07949505
 -0.07462748 -0.08395286]",50,
225,50,1,2,0.7878079823239972,,,"[-0.11877789  0.05882073 -0.04544674  0.00312418 -0.00729797 -0.05031575
  0.07931782 -0.02680628  0.01802502  0.10702082  0.00349296 -0.16304855
  0.01666496  0.02194787 -0.06922345 -0.0570225   0.02119874  0.02545147
  0.03354544  0.08947594 -0.04967934  0.04009706 -0.06121464  0.01163972
  0.0064048  -0.03367018 -0.0281709  -0.19484908  0.02377648 -0.00030372
  0.0862488  -0.01702637 -0.00859118  0.06134762 -0.09031689  0.03494901
  0.00625183  0.02806588  0.02182225 -0.06842594 -0.04316992  0.04167389
  0.07111186 -0.09687524  0.02345589 -0.05154856  0.01490027  0.07833756
 -0.03876505 -0.07176695]",50,
275,50,1,2,0.7536566754668235,,,"[-0.11395374  0.05908202 -0.06488549  0.02894812  0.00104875 -0.06961
  0.08578855 -0.03056723 -0.02247496  0.11713498 -0.02408868 -0.14375323
  0.02464405 -0.00114154 -0.04258095 -0.00913731  0.00292191  0.00218447
  0.07218331  0.09021692 -0.0509131   0.018887   -0.03844107 -0.01142701
  0.01815725 -0.02124908 -0.0065469  -0.11168287 -0.01771427  0.00246328
  0.07029638 -0.0391373  -0.01852934  0.00352828 -0.10469974  0.01667865
  0.00903969 -0.00249057 -0.02767201  0.0120709  -0.01615431  0.03745792
  0.06674743 -0.08189401  0.06221072 -0.03250684  0.0309373   0.06794994
 -0.06952175 -0.02651909]",50,
325,50,1,2,0.7564290872795237,,,"[-0.12673144  0.03315005 -0.04878591 -0.00156618  0.07264692 -0.06199018
  0.07296171 -0.08437312 -0.02690376  0.12731791 -0.01909153 -0.10435512
  0.02120579 -0.02844537 -0.0530551  -0.03150572 -0.00599244  0.01778961
  0.09284477  0.01793381 -0.07359557  0.00412457  0.00977142 -0.00044362
  0.03977935 -0.03225804 -0.01515466 -0.12379872 -0.05802939 -0.05096582
  0.02080626 -0.0341882  -0.03005328  0.04308456 -0.14039791  0.04007932
  0.02746937  0.04166157 -0.03585483  0.00295561 -0.05010581  0.02821651
  0.07655171 -0.11486631 -0.00425898 -0.03980963 -0.04502542  0.0361449
 -0.04620124  0.0076532 ]",50,
375,50,1,2,0.7384439458748631,,,"[-1.31728821e-01  2.83020533e-02 -3.07207065e-02  2.40140048e-02
  7.38815394e-02 -9.76560437e-02  7.97247108e-02 -1.12311969e-01
 -2.51096518e-02  8.60313568e-02 -1.59074663e-02 -8.57242759e-02
 -1.79731185e-02 -1.72421298e-02 -4.96999514e-02 -3.15031483e-02
  6.48004014e-05  2.14610150e-03  5.85005211e-02 -9.10844751e-03
 -6.56829269e-02  4.13571973e-03 -1.30154235e-02 -9.79265621e-03
  6.04074069e-02 -4.39334381e-02 -1.55844373e-02 -1.11744445e-01
 -6.64379528e-02 -5.46105998e-02  2.84552567e-02 -6.58835713e-02
 -2.98956912e-02  5.00884337e-02 -1.33374412e-01  3.15114511e-02
  2.82151044e-02  6.52369363e-02 -1.54978706e-02  1.73125250e-02
 -3.06025112e-02  5.48764391e-02  1.07955143e-01 -8.29881467e-02
 -2.51477641e-03 -5.55672917e-02 -9.43910730e-03  3.33557483e-02
 -4.85361753e-02  1.40957076e-02]",50,
425,50,1,2,0.7371322732549049,,,"[-0.14440824 -0.00648677 -0.02713513 -0.00430582  0.10907434 -0.04741389
  0.05376628 -0.0964629  -0.01566032  0.08041126 -0.01881773 -0.06322065
 -0.00414991 -0.00667597 -0.03232025 -0.01724461  0.0283438  -0.02250009
  0.06800157  0.0008356  -0.08112713 -0.01789191  0.008348   -0.02284684
  0.06013162 -0.06638776  0.00258857 -0.10924141 -0.0745023  -0.0520256
  0.01830204 -0.05447917 -0.05254345  0.04556543 -0.12714126  0.05050121
  0.0035739   0.029306   -0.03365733 -0.01397673 -0.06654803  0.04645094
  0.09365307 -0.06936652  0.00589837 -0.08770366 -0.00708409 -0.01896741
 -0.03699916  0.05250282]",50,
475,50,1,2,0.7524034638683781,,,"[-0.1375126  -0.01156421 -0.03687603  0.00949575  0.13464532 -0.06700616
  0.06842307 -0.09767611 -0.02637693  0.06804709 -0.01490361 -0.04786164
 -0.00414231  0.02081161 -0.00342088 -0.00259345  0.02096327 -0.03371388
  0.08097249  0.01346916 -0.07363389 -0.0300226  -0.01283227 -0.05016372
  0.04923945 -0.06164521 -0.0168123  -0.08287172 -0.05842994 -0.03277426
  0.00638075 -0.063247   -0.07454408  0.0107164  -0.11077201  0.03627764
  0.01655157  0.02425661 -0.03200362 -0.01214648 -0.06714818  0.02779558
  0.09188605 -0.09553721  0.00815029 -0.08692289 -0.03205401 -0.0082896
 -0.04041528  0.02863691]",50,
525,50,1,2,0.7536140619888902,,,"[-0.14290115 -0.02345927 -0.07233482  0.01733033  0.14729346 -0.07830655
  0.06392992 -0.08862982 -0.02947979  0.03491379 -0.00097795 -0.03683724
 -0.00055791  0.0218839   0.01616453  0.025015    0.02931579 -0.02142672
  0.04587456  0.02556246 -0.07939177 -0.02771316 -0.02594414 -0.04173373
  0.02984951 -0.04604903 -0.02203896 -0.08387261 -0.05109427 -0.03954638
 -0.00710919 -0.0641551  -0.08222062 -0.03022814 -0.10060733  0.01144992
  0.00963038  0.01667122 -0.04838647  0.00373743 -0.08545119  0.03563571
  0.05728184 -0.10869741  0.00425834 -0.07303145 -0.02623453 -0.0223149
 -0.03303147  0.00674835]",50,
575,50,1,2,0.7316450378734487,,,"[-0.15313894 -0.02756117 -0.0776147   0.01166059  0.12951924 -0.05776345
  0.06288527 -0.09736604 -0.00881173  0.02014205 -0.00430729 -0.03057437
 -0.00678094  0.02091416  0.02917616  0.01790542  0.03619432 -0.00971916
  0.02036286  0.01254583 -0.04985396 -0.01206836 -0.02574196 -0.03135424
  0.02069903 -0.040913   -0.03671211 -0.08588734 -0.05113626 -0.03827128
 -0.00834704 -0.05211704 -0.07569896 -0.01619422 -0.10480034  0.00931969
  0.00693241  0.00428785 -0.04321479 -0.00484789 -0.06506097  0.02681497
  0.03798434 -0.0752423   0.01149462 -0.06624217  0.0074264  -0.01306574
 -0.03550039  0.02487289]",50,
625,50,1,2,0.734482407037919,,,"[-0.16267989 -0.02475104 -0.07113119  0.01091457  0.11320767 -0.04559627
  0.0547379  -0.11309952  0.0062918   0.03494413 -0.01312163 -0.02660225
 -0.01382714  0.03335274  0.02298482  0.01096786  0.03134236 -0.0128918
  0.03167848  0.01740262 -0.06220285  0.00291198 -0.0150005  -0.04270034
  0.01817108 -0.04237322 -0.04459184 -0.09256813 -0.01487531 -0.03573582
 -0.00584778 -0.06084985 -0.06778895  0.00405489 -0.11038537  0.0028287
  0.00437025  0.00662698 -0.05465746 -0.00329546 -0.0447864   0.03549466
  0.03813882 -0.06247846 -0.00321035 -0.0475737   0.02003487 -0.00682929
 -0.02092014  0.01289311]",50,
675,50,1,2,0.7316523233214411,,,"[-0.15388379 -0.00702479 -0.06983629  0.04303854  0.0928273  -0.04998064
  0.06864865 -0.10009388 -0.010298    0.02828393 -0.00098115 -0.02191748
 -0.02532038  0.03871583  0.0243413   0.01916121  0.02825849  0.00025984
  0.03280884  0.02732339 -0.04163351 -0.01415562 -0.01799507 -0.02624047
  0.00996785 -0.03294972 -0.03327433 -0.07108839 -0.01403255 -0.04308476
  0.01383843 -0.07801927 -0.0582188   0.00447709 -0.0912248  -0.00063461
  0.01393398  0.00831684 -0.05397375 -0.00463852 -0.03748615  0.03102543
  0.03954318 -0.0611324   0.01153445 -0.04660187  0.03001828  0.00838612
 -0.01692083  0.01031145]",50,
725,50,1,2,0.7390774748502179,,,"[-0.17168333 -0.01631508 -0.06995683  0.03121078  0.08129554 -0.05687147
  0.0600921  -0.09115135 -0.01801557  0.03572141  0.00818766 -0.03599094
 -0.03260634  0.0344607   0.01951149  0.0168956   0.03906712  0.00771834
  0.03401072  0.01871966 -0.03340554 -0.01629609 -0.01180286 -0.03304974
 -0.00306464 -0.03166136 -0.00782998 -0.081931    0.00258134 -0.0397005
  0.0091577  -0.08810838 -0.05690046 -0.0019918  -0.10392943 -0.01849748
  0.00949386 -0.02005192 -0.07419795 -0.005756   -0.03753697  0.0374047
  0.03806492 -0.06467265  0.00928787 -0.05926742  0.0181589  -0.00589289
 -0.01376426  0.02310839]",50,
775,50,1,2,0.7294857520456355,,,"[-0.16659751 -0.02200168 -0.06375938  0.01259552  0.07596744 -0.05690597
  0.0738554  -0.0723677  -0.01012519  0.02773459  0.00223952 -0.02897467
 -0.0365198   0.02346584  0.01244069  0.03265799  0.0395956   0.00480853
  0.02350293  0.02097382 -0.03892566 -0.02979581 -0.01473886 -0.04376764
  0.00704348 -0.02512342  0.0018361  -0.06324099 -0.02030652 -0.03363956
  0.00552893 -0.09029577 -0.06406446 -0.00265033 -0.09511651 -0.01183751
  0.01524824 -0.02592152 -0.06434852 -0.00530111 -0.036834    0.04337497
  0.02555897 -0.07194705  0.0141439  -0.05798495  0.00245686 -0.01187147
 -0.00297135  0.01161719]",50,
825,50,1,2,0.7354676229938002,,,"[-0.17928851 -0.04201324 -0.09880354  0.00018047  0.09375871 -0.05535246
  0.06556083 -0.05127219 -0.01661289  0.03724713  0.01329885 -0.03228194
 -0.02550471  0.0274126   0.01577653  0.02593843  0.04767018 -0.00222703
  0.02024759  0.01874901 -0.04399809 -0.04376526 -0.00678125 -0.03014628
 -0.00870441 -0.01241956 -0.01417064 -0.07301004 -0.02417971 -0.01253762
  0.01596415 -0.08464596 -0.03746089 -0.001669   -0.0913673  -0.03528475
 -0.01272741 -0.02619069 -0.06838471 -0.00048408 -0.04497354  0.04545285
  0.01911916 -0.08740205  0.00304534 -0.07496606  0.00056378 -0.01530636
  0.01067453  0.01873049]",50,
875,50,1,2,0.7320197057041627,,,"[-0.17807061 -0.05250384 -0.10734339 -0.00596681  0.09214043 -0.05386408
  0.06345593 -0.06874411 -0.02862985  0.0315595   0.00695415 -0.0212048
 -0.0282315   0.01514985  0.01482936  0.02534089  0.03002064  0.0114016
  0.03281065  0.02235111 -0.03221447 -0.04222676  0.0013275  -0.02352681
 -0.02595846 -0.01113583 -0.02177352 -0.06824156 -0.01092929 -0.00676274
  0.01640746 -0.08121768 -0.02110228  0.01252183 -0.09604764 -0.01607583
 -0.00986315 -0.01796205 -0.05581724  0.00590266 -0.02804992  0.03476898
  0.0114022  -0.07466337 -0.01645386 -0.07138622  0.00678443 -0.00409529
  0.0144454   0.01572327]",50,
925,50,1,2,0.729495412037474,,,"[-0.18522395 -0.05481058 -0.11066666 -0.00826315  0.09865199 -0.04976771
  0.06664918 -0.07974592 -0.0366764   0.03578255  0.01199725 -0.01285857
 -0.02739783  0.01360767  0.0070417   0.01409589  0.04527528  0.0020989
  0.03636587  0.03104124 -0.0316888  -0.05003097 -0.00738912 -0.03074961
 -0.00503076 -0.02523241 -0.02710861 -0.04936396 -0.00768875 -0.01316316
  0.00465178 -0.0709719  -0.01310454  0.01496628 -0.08298239 -0.02549984
 -0.02716597 -0.02992897 -0.06942302  0.01784252 -0.0304296   0.02255435
 -0.00082591 -0.07948592 -0.02672797 -0.07363083 -0.00576794 -0.00432169
  0.01373154  0.01610419]",50,
975,50,1,2,0.726424677203625,,,"[-0.18053707 -0.04655147 -0.10566125 -0.01206448  0.0886005  -0.04831562
  0.05014515 -0.07430458 -0.03665301  0.04137285  0.02306307 -0.01445112
 -0.02379743  0.00865725  0.00243717  0.03165503  0.04656971  0.00124581
  0.03247069  0.03423864 -0.02326874 -0.04003143 -0.0097855  -0.02061968
 -0.0110954  -0.01963207 -0.02204808 -0.0444905  -0.00716613 -0.01234029
  0.01589083 -0.06171749 -0.02096801  0.0145286  -0.08828784 -0.02811615
 -0.03106219 -0.04127076 -0.0698757   0.01644948 -0.02598818  0.02622859
 -0.00532916 -0.07044791 -0.0225317  -0.06517726 -0.00048894 -0.00675775
  0.01116686  0.01700365]",50,
1025,50,1,2,0.7159987336337094,,,"[-0.17963344 -0.04577293 -0.09934762 -0.02127946  0.0657113  -0.03879146
  0.04749917 -0.07129362 -0.02766299  0.04151209  0.0216426  -0.02142085
 -0.02240231  0.00774308 -0.00644155  0.04639418  0.04354659 -0.00062415
  0.02512017  0.02263654 -0.03712019 -0.02750992 -0.01820709 -0.01820459
 -0.00526456 -0.02938997 -0.00760326 -0.03542424 -0.00481155 -0.01354182
  0.02369451 -0.05477588 -0.01145279  0.02070754 -0.07962148 -0.01823747
 -0.0211339  -0.04708411 -0.06303016  0.02525593 -0.03057751  0.0313756
 -0.01258254 -0.07090777 -0.02391091 -0.05291741 -0.00448274 -0.01357786
 -0.00517605  0.01745123]",50,
25,50,1,3,0.7404451268484535,,,"[ 0.07365971 -0.18414184 -0.15485261  0.10318316  0.06361184  0.00516294
  0.03797431  0.08247095 -0.06530878  0.04466836 -0.04730544 -0.03832109
  0.04467754  0.05961196 -0.01632161  0.04875297  0.09054668  0.05644506
  0.02485832 -0.04596503 -0.16045092  0.00482264  0.01335234 -0.07498626
  0.06259234 -0.01563151 -0.00908366  0.01494781 -0.00446152 -0.01685928
 -0.0542089   0.02853188  0.06872212 -0.00418767 -0.06253316 -0.08844716
  0.00581912  0.018299   -0.09058329  0.01375148 -0.00592377  0.07852081
  0.01175548 -0.04840614  0.07244399  0.00202861  0.00354563  0.14240398
 -0.02028208 -0.0030954 ]",50,
75,50,1,3,1.331821164756081,,,"[ 0.01426998 -0.15673489  0.12075237  0.21520244  0.06266915  0.14321818
 -0.21205404 -0.03007238 -0.11609623  0.19172045 -0.06077717  0.06863458
 -0.01903264 -0.0384888   0.12869077  0.04805803  0.5145821   0.00403587
  0.10776283  0.11206428 -0.26022871 -0.2431047   0.03980525 -0.15921713
  0.07470445  0.33238463  0.23120872  0.03309084  0.13842601  0.16485197
 -0.3368894   0.02505704  0.17480289 -0.17750265 -0.13186868 -0.02719161
  0.09124064 -0.14225311 -0.2323959  -0.28255131 -0.20697083 -0.20810177
  0.08922459  0.27834969  0.19549075 -0.17092666  0.09896857 -0.08095417
 -0.05943798  0.2920277 ]",50,
125,50,1,3,0.9423736836170236,,,"[-0.28357817 -0.21537674 -0.09993927  0.14930402  0.19192628 -0.0926337
  0.02537145 -0.08505     0.03182727  0.04609602 -0.02952689  0.081401
 -0.06852494 -0.08070808  0.11833847 -0.18909258  0.11009406  0.19221274
  0.07137137 -0.13488079 -0.12599657 -0.06904589  0.02126939 -0.27250829
  0.07445238 -0.04620024  0.03426638  0.01069582  0.06269818  0.02754132
 -0.09087883  0.0573229  -0.1093548  -0.04543679 -0.23613216  0.1190252
 -0.10598642 -0.07303452 -0.05864791 -0.20718539 -0.16832898 -0.01464687
 -0.09332941 -0.08725353 -0.07208811 -0.03754313 -0.1248201  -0.08250304
 -0.10220272 -0.0668294 ]",50,
175,50,1,3,0.8691683349257664,,,"[-0.25683817 -0.14162023 -0.11471657  0.08393442  0.14157399 -0.08350982
  0.00784927 -0.1307472  -0.01595906  0.0500667  -0.08914312  0.0156835
 -0.06462191 -0.09475186 -0.02027033 -0.12250263  0.09671669  0.07030945
 -0.0066071  -0.02769593 -0.01245986 -0.10186183  0.01384919 -0.23198776
  0.03477261 -0.04647572 -0.0125943   0.07150534  0.00197177  0.07316079
 -0.07999275  0.03381819 -0.11538362 -0.06836756 -0.23539992  0.05064215
 -0.08346845 -0.07574175 -0.04066705 -0.18350191 -0.09971182  0.00164267
 -0.08401358 -0.10596582 -0.06218264 -0.0295887  -0.04027565 -0.0850794
 -0.01932641  0.04212308]",50,
225,50,1,3,0.8600456904361358,,,"[-0.21585087 -0.0695578  -0.04239217 -0.00487608  0.16153636 -0.06753844
  0.00972621 -0.11770852 -0.02675337  0.10268912 -0.05771836 -0.019337
 -0.0365358  -0.08398325  0.0396968  -0.01883865  0.09136737  0.07248362
  0.06665906  0.02153343 -0.05754984 -0.06089378  0.03567869 -0.19735412
 -0.07555367 -0.03595483  0.01825124  0.03546586 -0.01255409  0.04729802
  0.02589021 -0.01126968 -0.1476269  -0.00143787 -0.21820198  0.01065424
 -0.03642949 -0.05732546 -0.04003105 -0.11203374 -0.09340797  0.01222818
 -0.09569196 -0.11921998 -0.01595479 -0.04404341 -0.04375179 -0.01758013
 -0.00733877  0.04601503]",50,
275,50,1,3,0.8501946297509915,,,"[-0.20922733 -0.08293936 -0.05430127 -0.06048271  0.18486738 -0.08309747
  0.06984894 -0.07251953 -0.05924465  0.10418459 -0.08250975 -0.06618975
 -0.05740118 -0.04021934  0.08641656 -0.04271466  0.09752144  0.03099449
  0.04505381  0.00147295 -0.05326423 -0.05577019 -0.01790948 -0.18388879
 -0.02611983 -0.01200581 -0.03546712  0.01236083 -0.0013778  -0.00738856
  0.03503528 -0.02302758 -0.15889796  0.0342134  -0.14309619  0.04523894
  0.00987343 -0.0013578  -0.03370638 -0.13128223 -0.05679237  0.04257324
 -0.07800865 -0.0743364   0.00623763 -0.07509531 -0.02495462 -0.00894183
 -0.037476    0.02273087]",50,
325,50,1,3,0.7927872427724998,,,"[-0.19093196 -0.05525441 -0.06127281 -0.01742107  0.14749353 -0.09207731
  0.06579621 -0.03982197 -0.07177818  0.08333176 -0.05740235 -0.02634397
 -0.0874885  -0.0214415   0.04268301 -0.04148306  0.07958265  0.04325975
  0.03093007 -0.02417529 -0.03264695 -0.06154499 -0.0270331  -0.11126852
 -0.01243285  0.01227964 -0.01050965  0.02460016 -0.05346611  0.01120834
  0.0265212  -0.02342896 -0.10666604  0.03497764 -0.1045744   0.02669122
  0.02252476 -0.01984381 -0.02545429 -0.12948283 -0.03926542  0.02537739
 -0.0827562  -0.08691738 -0.01973367 -0.07556638 -0.06577655  0.03165383
 -0.04615758  0.0032579 ]",50,
375,50,1,3,0.7824582831698524,,,"[-0.17961246 -0.08551158 -0.09273918 -0.03233309  0.1436783  -0.04387445
  0.04197107 -0.04328104 -0.02495444  0.08329015 -0.0361164  -0.03502919
 -0.05054506 -0.04972793  0.0071186  -0.0172889   0.07682182  0.02607554
  0.02455503 -0.01752164 -0.06696825 -0.09595103 -0.02267446 -0.12336219
 -0.00579958 -0.00958333  0.03130067  0.0021265  -0.04138879  0.0133792
  0.03222243 -0.00872212 -0.10188097  0.01859623 -0.11788683  0.02584217
  0.04882281 -0.0520615  -0.03853374 -0.08595231 -0.05123841  0.021166
 -0.06564731 -0.07515091 -0.02708491 -0.1019783  -0.07612076  0.03015203
 -0.07160279  0.02337637]",50,
425,50,1,3,0.7697300094125399,,,"[-0.2007975  -0.10828033 -0.10019081 -0.07191948  0.15183157 -0.0255964
  0.03127062 -0.05595243 -0.03373245  0.07366558 -0.02121478 -0.07644544
 -0.03857375 -0.02317274  0.03184939 -0.03101778  0.03372316  0.00840958
 -0.01855658 -0.0257032  -0.06118713 -0.09490652 -0.03731194 -0.09545165
 -0.0059738   0.0300024   0.02808579  0.00228669 -0.06072468  0.0396599
  0.04153998 -0.01057736 -0.07270665  0.05489159 -0.11875667  0.00211013
  0.00609387 -0.07103233 -0.07836361 -0.06782889 -0.06422376  0.04884898
 -0.07633933 -0.12470778 -0.05390043 -0.09091133 -0.07433739  0.03321807
 -0.05359675  0.03146707]",50,
475,50,1,3,0.7743236882992091,,,"[-0.20182961 -0.10419507 -0.11269843 -0.07053734  0.1537061  -0.02221393
  0.04958467 -0.05831656 -0.04312676  0.08137329 -0.01375422 -0.06926167
 -0.0265775   0.00629383  0.04888745 -0.0198306   0.0528705   0.01262812
 -0.01958301 -0.05394082 -0.0781289  -0.07311532 -0.03961854 -0.08671995
 -0.01614354  0.01134156  0.03833926 -0.01055577 -0.0585219   0.04810219
  0.01990032 -0.0372201  -0.08190732  0.0302807  -0.09836561  0.01535314
 -0.00989875 -0.05748312 -0.05051118 -0.0871894  -0.02384631  0.0656529
 -0.07852789 -0.12687993 -0.06431269 -0.09842744 -0.06743328  0.01835646
 -0.0362778   0.00681522]",50,
525,50,1,3,0.7457644377881649,,,"[-0.18130372 -0.08874732 -0.09558055 -0.03617484  0.1296578  -0.02749431
  0.04377653 -0.05274799 -0.02866866  0.0840956   0.00173374 -0.03194276
 -0.02373537  0.0273075   0.04387976 -0.01478006  0.017498   -0.00237819
 -0.01557016 -0.04342423 -0.05449399 -0.05116947 -0.03732099 -0.0704712
 -0.01097889 -0.00973879  0.00719151  0.00198828 -0.05008751  0.03700241
  0.00992621 -0.05395415 -0.05599048  0.04194246 -0.08592459  0.01257426
  0.00466738 -0.05478053 -0.03625544 -0.04931819  0.0090849   0.05205757
 -0.05042195 -0.11437649 -0.06281968 -0.07574214 -0.06838883  0.00488344
 -0.03617851 -0.00620719]",50,
575,50,1,3,0.7442730540583585,,,"[-0.19198967 -0.07666238 -0.10096159 -0.02772486  0.11819526 -0.033515
  0.0487808  -0.06464086 -0.04604738  0.06448822 -0.01486865 -0.03796275
 -0.04278134  0.02751677  0.02808864 -0.00702747  0.03523578  0.01258324
 -0.02123699 -0.02729046 -0.05157346 -0.03971287 -0.00732464 -0.05364344
 -0.01309737 -0.00058869 -0.00889149 -0.00421979 -0.04901251  0.04980597
  0.00585223 -0.04324531 -0.02960164  0.05633229 -0.10113099 -0.00449668
  0.00312567 -0.04962751 -0.03791276 -0.01586519 -0.00793102  0.06631543
 -0.02818053 -0.12108905 -0.06542933 -0.06662019 -0.07081606 -0.00916445
 -0.02829522 -0.01486963]",50,
625,50,1,3,0.7445285250085817,,,"[-0.19336292 -0.06774541 -0.10600254 -0.02784683  0.10409556 -0.01913731
  0.05982828 -0.05754279 -0.04178479  0.07269886 -0.01547398 -0.0556225
 -0.0268158   0.03309315  0.03168476 -0.00443271  0.03797684 -0.00033793
 -0.01365273 -0.02298029 -0.05180217 -0.03015559 -0.01865811 -0.05082919
 -0.0093352  -0.01816263 -0.00315551 -0.00855316 -0.04480735  0.03847862
  0.0037164  -0.04598219 -0.02231299  0.05441893 -0.06582977 -0.01065165
  0.00571383 -0.06073935 -0.04121922 -0.01147807  0.00303976  0.04904994
 -0.01542627 -0.12402555 -0.05601814 -0.07432211 -0.04780043 -0.01192471
 -0.02662081  0.00041181]",50,
675,50,1,3,0.7255513922094474,,,"[-1.89771966e-01 -5.63500898e-02 -1.06562286e-01 -2.26215973e-02
  9.97654094e-02 -1.12721060e-02  6.80283086e-02 -5.62441049e-02
 -2.19394408e-02  4.27989396e-02 -2.26747770e-02 -4.08230134e-02
 -2.85906959e-02  2.79575889e-02  2.31268971e-02 -3.02366610e-03
  4.59187924e-02  4.78992296e-03 -8.05385714e-03 -1.96740274e-02
 -3.84025864e-02 -2.77475776e-02 -5.67827888e-03 -4.23288672e-02
 -2.57569310e-02 -2.09581208e-02 -8.10646124e-03 -2.12197659e-02
 -5.24949191e-02  3.32059365e-02  6.84705734e-04 -4.66678487e-02
 -1.64364601e-03  4.41602454e-02 -7.26061188e-02 -3.71152743e-02
 -1.28303886e-04 -6.43334990e-02 -3.64451889e-02  2.13893374e-02
 -1.34963725e-02  5.91607212e-02 -2.21040510e-02 -1.15821319e-01
 -4.50963633e-02 -6.56563890e-02 -3.44158597e-02 -1.26640102e-03
 -2.21281412e-02  1.52091699e-02]",50,
725,50,1,3,0.7144347722986663,,,"[-0.17303246 -0.04092371 -0.09650229 -0.01525099  0.09352786 -0.02874673
  0.0634165  -0.04461893 -0.02257724  0.04360498 -0.00804444 -0.01861299
 -0.03491606  0.02199572  0.0086076   0.01397574  0.03032375 -0.00146541
  0.00469255 -0.02149782 -0.04665891 -0.02830502 -0.00268814 -0.03163741
 -0.00694055 -0.02769122 -0.00051663 -0.01495387 -0.04402656  0.01101723
 -0.0008664  -0.03871564 -0.00854379  0.03012431 -0.06201066 -0.02380724
 -0.00409128 -0.05697068 -0.0322089   0.0136224  -0.0179225   0.05691188
 -0.0127901  -0.10901777 -0.03580945 -0.07065718 -0.02517876 -0.00266153
 -0.01195051  0.01690422]",50,
775,50,1,3,0.7207060830920864,,,"[-0.17904652 -0.03137847 -0.08253568 -0.00593362  0.09217936 -0.02496256
  0.06465646 -0.0555378  -0.03450409  0.05693129 -0.00522876 -0.02468076
 -0.03367854  0.01220536  0.02047679  0.0231521   0.02624    -0.00185852
  0.01724225 -0.00631983 -0.04622316 -0.02291768  0.00276778 -0.02927398
 -0.0101342  -0.02541058  0.00362565 -0.01923688 -0.03681219  0.01321768
  0.00099012 -0.03378758 -0.02072355  0.03252423 -0.05427287 -0.02575173
  0.00642594 -0.05506548 -0.04557592  0.01997098 -0.00645547  0.07836759
 -0.00197558 -0.09569748 -0.03152666 -0.06420647 -0.02637195 -0.01430496
 -0.01360687  0.01614902]",50,
825,50,1,3,0.7158130711658066,,,"[-0.17838904 -0.03863883 -0.09217463 -0.00915901  0.08415894 -0.03214903
  0.05802256 -0.06755682 -0.02844612  0.05317601 -0.00431409 -0.0239804
 -0.03858849  0.02470207  0.01242055  0.00582425  0.03027961 -0.02128951
  0.02172     0.00796671 -0.04286244 -0.0159366  -0.00136896 -0.02053298
 -0.00355437 -0.02008625 -0.00213492 -0.01147806 -0.02169331  0.00439138
 -0.01347936 -0.04156516 -0.01444915  0.02320888 -0.06761032 -0.03492183
  0.01196243 -0.05344516 -0.05023284  0.03888174 -0.01453919  0.05624231
 -0.00433528 -0.08305638 -0.0435747  -0.06037297 -0.01262448 -0.02199966
 -0.0170379   0.0241317 ]",50,
875,50,1,3,0.7149650938954499,,,"[-0.18177295 -0.04285455 -0.08966198 -0.01577373  0.09072403 -0.05339022
  0.05268372 -0.07158397 -0.0354347   0.04280667  0.00306661 -0.03163533
 -0.03262688  0.01020483  0.00582888  0.01918043  0.04332266 -0.01304649
  0.02217822  0.0035381  -0.02650464 -0.01454965 -0.00691003 -0.02392034
  0.01001724 -0.02756684 -0.00714674 -0.0150758  -0.01466472  0.00131205
  0.01373426 -0.0297584  -0.01493304  0.03567944 -0.08598035 -0.02368464
  0.00265656 -0.04965914 -0.05393706  0.03030192 -0.00629913  0.05101838
 -0.00523733 -0.08355773 -0.02993574 -0.06094176 -0.00770686 -0.02030123
 -0.02968374  0.02028384]",50,
925,50,1,3,0.7104879039680674,,,"[-0.17402087 -0.04615274 -0.09451508 -0.0150839   0.07395599 -0.05210034
  0.05025191 -0.07078136 -0.03168316  0.04527699  0.00321965 -0.03827588
 -0.04109688  0.00297542 -0.00244313  0.0330612   0.03472653  0.00023443
  0.02825147  0.02012138 -0.02666799 -0.01849044 -0.00642216 -0.01519199
  0.01241611 -0.03193486 -0.01417815 -0.02266113 -0.02458746 -0.00606949
  0.01935582 -0.03992592 -0.02565032  0.03975723 -0.07818249 -0.01749489
 -0.00818114 -0.05512313 -0.05558586  0.02228794 -0.01046985  0.04218101
 -0.00491596 -0.07981341 -0.02302796 -0.06284985 -0.00230194 -0.01264728
 -0.03266053  0.00518846]",50,
975,50,1,3,0.7143898899408305,,,"[-0.1803733  -0.04731571 -0.09954029 -0.01313101  0.0692145  -0.04642491
  0.04826447 -0.06623642 -0.02553892  0.05228049  0.0170477  -0.0299876
 -0.02716603  0.01308029 -0.00353875  0.03711777  0.03449201 -0.00794026
  0.03443488  0.01695365 -0.02564175 -0.0302256  -0.00517365 -0.02399979
  0.00137843 -0.02955785 -0.01197584 -0.03274583 -0.00694577 -0.00877188
  0.02029386 -0.04521223 -0.01953451  0.03770458 -0.08207329 -0.01822597
 -0.01367546 -0.0550137  -0.05199921  0.01820148 -0.01753856  0.04272115
 -0.00173837 -0.07050684 -0.01032337 -0.05398522 -0.00623419 -0.01097978
 -0.0194845   0.00424701]",50,
1025,50,1,3,0.7159987336336843,,,"[-0.17963344 -0.04577293 -0.09934762 -0.02127946  0.0657113  -0.03879146
  0.04749917 -0.07129362 -0.02766299  0.04151209  0.0216426  -0.02142085
 -0.02240231  0.00774308 -0.00644155  0.04639418  0.04354659 -0.00062415
  0.02512017  0.02263654 -0.03712019 -0.02750992 -0.01820709 -0.01820459
 -0.00526456 -0.02938997 -0.00760326 -0.03542424 -0.00481155 -0.01354182
  0.02369451 -0.05477588 -0.01145279  0.02070754 -0.07962148 -0.01823747
 -0.0211339  -0.04708411 -0.06303016  0.02525593 -0.03057751  0.0313756
 -0.01258254 -0.07090777 -0.02391091 -0.05291741 -0.00448274 -0.01357786
 -0.00517605  0.01745123]",50,
25,50,1,4,0.8119273848331567,,,"[ 0.037684    0.21010255  0.14252482  0.0374472   0.06044883 -0.03494409
  0.3682573  -0.08566122  0.21059595  0.00951336 -0.03055278  0.11765165
  0.03467697 -0.25077327 -0.00243003  0.08529118 -0.12195983  0.15739696
  0.06942407 -0.17618359  0.08202854  0.0807767  -0.08182415  0.13287068
 -0.00489784 -0.0282625  -0.10578058 -0.06573154 -0.01993868  0.15830374
  0.07122157  0.02665341  0.02758674 -0.03809101 -0.05605608 -0.08773466
  0.18782788 -0.14251196 -0.05356149  0.06146265  0.0378894   0.15623287
 -0.0439882   0.04668746  0.04148171  0.05535371  0.17767499  0.05193341
 -0.06516672  0.04512389]",50,
75,50,1,4,1.5431633354777012,,,"[-0.13081102 -0.25578385  0.0654508   0.31482447  0.35584202  0.362158
  0.30529368 -0.21630064  0.21399605  0.1386467   0.16819745  0.30566877
  0.28861319  0.13534458  0.07043838 -0.30738988  0.01004792 -0.26294645
  0.18498068  0.22312196  0.13593313 -0.11756481 -0.41333791  0.22147812
 -0.00111276  0.00724441 -0.2196351  -0.22191072 -0.24805892  0.13220648
 -0.0107691   0.27012111 -0.01997893 -0.26976472 -0.30494354  0.27317989
  0.38253216 -0.41495962 -0.05829601 -0.0425043   0.27382099  0.03328979
  0.16848138 -0.26286356 -0.17809822  0.05371834  0.21328791 -0.29585445
  0.0088795  -0.0732012 ]",50,
125,50,1,4,0.9413056813322833,,,"[-0.24980508 -0.19378003 -0.20566776  0.06124002  0.21941455  0.07519297
  0.14337619 -0.11691455  0.05114181  0.0256182   0.09637701  0.16612345
  0.1508679  -0.18943651  0.09042782  0.03921957  0.03868071 -0.16148422
  0.08702758 -0.07420691  0.08292848  0.00536008 -0.09915123  0.11062377
 -0.10432037  0.00756265 -0.16554977 -0.02865046 -0.04495951 -0.02145708
  0.10231625  0.25838036 -0.05493761 -0.1674751  -0.20907941 -0.02955585
 -0.02016989 -0.17622951 -0.04198384  0.05018599 -0.06413219  0.02229306
  0.00161351 -0.11543437  0.03145711  0.03760888 -0.02756518 -0.07751467
 -0.00894285  0.11372931]",50,
175,50,1,4,0.8227609197916224,,,"[-0.23935907 -0.09210871 -0.14703602  0.03296975  0.15635163 -0.05616283
 -0.00616581 -0.1855161   0.01898654  0.0265661   0.01964398  0.10102425
  0.07890731 -0.11679575  0.08997109  0.02194819  0.08240534 -0.00088859
  0.02609652 -0.00273867  0.01835683  0.03901768 -0.16506338  0.08550494
 -0.09817088  0.00772985 -0.07300028 -0.0072211  -0.03270678 -0.01327362
  0.06871772  0.07880167 -0.03169719 -0.0940905  -0.15111622 -0.03902256
 -0.0205205  -0.14670415 -0.07400312  0.02790751 -0.10481247 -0.01404643
  0.00144204 -0.02406298  0.02481185  0.02580799 -0.12570842 -0.04866767
 -0.00609416  0.03988524]",50,
225,50,1,4,0.7940509667814581,,,"[-0.21291987 -0.0489409  -0.11433215 -0.02797882  0.06538426 -0.05647654
  0.03146431 -0.12110819  0.00683418 -0.03481035  0.03292929  0.10133104
  0.08942752 -0.10152657 -0.00912658  0.04039864  0.02730998  0.04267658
 -0.02012627  0.03842412 -0.01168397  0.01728002 -0.10844781  0.02586634
 -0.05409719  0.02858676 -0.0242288   0.04083651 -0.08473323 -0.06670918
  0.06748077  0.02409991 -0.0144584  -0.02590177 -0.10346063 -0.06024588
 -0.01126825 -0.1269672  -0.0818144   0.00115115 -0.07059552 -0.03785566
 -0.02328231 -0.0959758  -0.0077211   0.04866782 -0.10896515 -0.01885823
  0.02432069  0.03771881]",50,
275,50,1,4,0.7959930544025172,,,"[-0.21146392 -0.0067727  -0.10769628 -0.01811529  0.05189413 -0.0329445
  0.04392449 -0.13457423 -0.02522627  0.01255653 -0.00257091  0.05731681
  0.07445283 -0.04000273  0.03796653 -0.02649142  0.0510156   0.06723907
  0.002864    0.0285442  -0.01434574  0.02773521 -0.13092233  0.02816613
 -0.01002022 -0.00655624 -0.01251589 -0.00193352 -0.06159819 -0.05340511
  0.06760501  0.00634459 -0.04904601  0.02926316 -0.05864918 -0.03614099
 -0.01393065 -0.10993138 -0.05716015  0.01844336 -0.08330285 -0.01221983
  0.02518315 -0.05795873 -0.06734049  0.00091748 -0.07229578 -0.02873551
  0.03066488  0.03876064]",50,
325,50,1,4,0.7717358808829726,,,"[-0.17773296  0.00552456 -0.07840929 -0.01768119  0.03517637 -0.08364161
  0.02691703 -0.14045868 -0.0522741   0.03638731 -0.04111569  0.02300913
  0.00507026 -0.01871266  0.03606223 -0.00965815  0.0497476   0.04797363
  0.00353229  0.01249981  0.00236538  0.00824653 -0.12428931  0.02372802
  0.03340525  0.0009519  -0.02722999 -0.03716064 -0.02147563 -0.05885513
  0.04692501 -0.03954808 -0.01822714  0.00436422 -0.03530886 -0.05538856
 -0.01011176 -0.05567684 -0.064121    0.01581743 -0.05432448 -0.01600646
  0.05487529 -0.08629999 -0.02213591 -0.02203435 -0.0850099   0.00718695
  0.01724524 -0.03599532]",50,
375,50,1,4,0.75814235154382,,,"[-0.1720809  -0.01049596 -0.0753643  -0.03406773  0.03820541 -0.00598156
  0.05577058 -0.13842843 -0.03966421  0.07593867 -0.02862437  0.05653127
  0.03773851 -0.03379993  0.02293648 -0.04218393  0.01315312 -0.02342934
  0.03695729 -0.00253041 -0.02683315 -0.03748825 -0.09630717  0.0132732
  0.02610361  0.01326931 -0.00896485 -0.03163715 -0.01192664 -0.03153739
  0.03326717 -0.04114278 -0.01621663  0.00283735 -0.03730562 -0.03816595
 -0.00719624 -0.05199792 -0.09985858  0.02696879 -0.06332312 -0.01546657
  0.0316951  -0.0672918  -0.04552549 -0.02342521 -0.04544188 -0.00886217
  0.06004972 -0.00259296]",50,
425,50,1,4,0.7540799235620972,,,"[-0.14521046  0.00155729 -0.08235806  0.00489878  0.02118941 -0.01872125
  0.063752   -0.13530161 -0.03502071  0.06687818 -0.02532203  0.06073766
  0.01807631 -0.01845639  0.01815106 -0.03008566  0.02504798 -0.03097537
  0.02602384  0.01135661 -0.01812494 -0.02366865 -0.06511815  0.0219696
  0.01938665  0.03598284 -0.00403166 -0.01595313 -0.0020501  -0.03010786
  0.02412398 -0.02900557 -0.04701101  0.00288841 -0.06063626 -0.0477965
  0.00256058 -0.05550038 -0.07343148  0.04990654 -0.06998158 -0.02707479
  0.03737011 -0.07620005 -0.02895791 -0.00889666 -0.03382099 -0.03025559
  0.05156793 -0.00156765]",50,
475,50,1,4,0.7426748731649724,,,"[-0.14045615 -0.00858089 -0.09811765  0.00595165  0.03701367 -0.00182982
  0.05525998 -0.12523012 -0.03799472  0.05738009 -0.01961301  0.03746796
 -0.00509136  0.00207898  0.01810197 -0.00197302  0.02952481 -0.04807872
  0.06862085  0.01190313 -0.00551457 -0.03339408 -0.07078744  0.0037792
  0.02334361  0.00579302  0.02214561 -0.00501669  0.01320672 -0.00871137
 -0.00438645 -0.01770387 -0.03158159  0.01550585 -0.0565234  -0.02864506
  0.00715257 -0.08426823 -0.04552117  0.03888872 -0.05465009  0.01745112
  0.00536491 -0.05332819 -0.03651238 -0.02136632 -0.02563381 -0.0537021
  0.05439434  0.02809428]",50,
525,50,1,4,0.7256898059790842,,,"[-0.14321656 -0.04671627 -0.13110567 -0.00989495  0.04079622 -0.01349642
  0.05032948 -0.13515979 -0.03114341  0.05499414 -0.02036957  0.0180564
 -0.00482435  0.02030987  0.01656783 -0.00849219  0.01190971 -0.03227368
  0.05663574 -0.01507184 -0.025744   -0.0392001  -0.07587302  0.00721281
  0.03014404 -0.02919623  0.02222627 -0.00290018  0.02599277 -0.01708879
 -0.0060517  -0.02562575 -0.02053426  0.01840324 -0.08947556 -0.02092862
  0.00528076 -0.08656061 -0.04930542  0.04135395 -0.0596493   0.03067849
  0.004414   -0.05181502 -0.02506175 -0.04267998 -0.0165557  -0.02177804
  0.03805931  0.01827081]",50,
575,50,1,4,0.7162645382057434,,,"[-0.14101324 -0.04443441 -0.11132887 -0.00868161  0.04570684  0.00565425
  0.06609433 -0.12352775 -0.01753001  0.0530884  -0.0305878   0.00538218
 -0.016753    0.01020732  0.00529998 -0.00030254  0.02031129 -0.01993841
  0.0566281  -0.0257835  -0.01343838 -0.04389443 -0.06905983 -0.02797274
  0.02562159 -0.0310855   0.02219571 -0.01137233  0.01673618 -0.00561421
 -0.00153199 -0.03019122 -0.02640468  0.01466275 -0.10062845 -0.01581893
  0.01557619 -0.0938374  -0.03066343  0.03799285 -0.0443323   0.03216969
 -0.00187677 -0.05435159 -0.02195449 -0.05261265  0.0033625  -0.03052712
  0.01840526  0.00646021]",50,
625,50,1,4,0.7171033403435394,,,"[-0.14855273 -0.02578205 -0.09574515  0.0038712   0.04544901 -0.00189461
  0.05859385 -0.09979268 -0.03025622  0.0279744  -0.02799499 -0.01484547
 -0.02092301  0.01886153 -0.0016817   0.01003232  0.01492123 -0.01671792
  0.0647283  -0.0117694  -0.00703152 -0.04342791 -0.06374641 -0.0293811
  0.01381715 -0.02717623 -0.00507797 -0.02050554  0.02781433 -0.02457737
 -0.00791631 -0.03558869 -0.03155923  0.02202111 -0.0850909  -0.01627471
  0.01573965 -0.07746806 -0.02525992  0.04826791 -0.03993931  0.03126019
 -0.0221782  -0.05564223 -0.01945563 -0.05558169 -0.00370374 -0.02552639
  0.00558449 -0.00574275]",50,
675,50,1,4,0.7315076836657249,,,"[-1.65471022e-01 -4.14895810e-02 -1.07734972e-01 -1.11789130e-03
  5.74094126e-02 -2.72319686e-02  7.22928949e-02 -9.52091150e-02
 -1.92518456e-02  3.30217477e-02 -1.66261569e-02  2.59862601e-03
 -4.77711886e-02  2.76160652e-02 -2.88833110e-02  3.77166083e-03
  1.69851523e-02 -9.00772688e-03  4.39485632e-02 -8.80277462e-03
 -2.83382312e-02 -3.21383284e-02 -7.65454964e-02 -1.06835266e-02
 -8.29839425e-05 -2.32086119e-02 -2.18083241e-02 -2.12775001e-02
  2.20402504e-02 -4.62408060e-02 -2.10949385e-02 -4.28831957e-02
 -3.91095694e-02  1.62416404e-02 -8.09866827e-02 -2.00354464e-02
  1.19489695e-02 -5.40703900e-02 -4.95490924e-02  4.41549427e-02
 -4.36729493e-02  1.58319231e-02 -1.59287395e-02 -6.81143798e-02
 -2.53701630e-02 -5.05910636e-02 -1.33536016e-02 -4.38626513e-02
 -6.10919894e-03 -1.14548025e-02]",50,
725,50,1,4,0.7307029388165267,,,"[-0.16020971 -0.03422261 -0.0935416   0.00973755  0.04562514 -0.04379532
  0.07306999 -0.09084672 -0.03234546  0.02100534 -0.0079537   0.00891243
 -0.05229241  0.01616819 -0.0176123   0.00637768  0.0255195   0.00183895
  0.04840287  0.00138636 -0.02167878 -0.0402347  -0.06849351 -0.01755752
 -0.0079706  -0.0180475  -0.00154762 -0.01698165  0.03459944 -0.03081143
 -0.00083515 -0.03421057 -0.04575562  0.02846634 -0.09683024 -0.01514844
  0.00642314 -0.05354928 -0.04851397  0.04996697 -0.01620256  0.0107452
 -0.00612049 -0.06635026 -0.02715475 -0.05376254 -0.01344401 -0.0393517
 -0.0230224  -0.01128765]",50,
775,50,1,4,0.7263312256463564,,,"[-0.15990715 -0.03463531 -0.09987631 -0.01309647  0.04939818 -0.03407509
  0.05047648 -0.08989844 -0.00921856  0.0385651   0.00454005  0.0049433
 -0.0470556   0.02014287 -0.0057089   0.0253931   0.03625558  0.00078063
  0.04148694  0.01737762 -0.01752626 -0.05322219 -0.0445218  -0.02442929
 -0.00284071 -0.03650471  0.00212937 -0.01881704  0.01851401 -0.02181073
  0.00277689 -0.03310851 -0.0380494   0.02717326 -0.10573797 -0.01130993
  0.01680719 -0.04243016 -0.04894192  0.03989452 -0.03158535  0.01795519
 -0.00155023 -0.05192541 -0.03042941 -0.04772256 -0.02971187 -0.04096081
 -0.00822374  0.00218366]",50,
825,50,1,4,0.7243857877417139,,,"[-1.67913584e-01 -5.14507777e-02 -1.08877723e-01 -2.74573831e-02
  5.21864070e-02 -2.90891348e-02  3.78751645e-02 -7.17440044e-02
 -1.72844087e-02  4.58752160e-02  1.58005274e-02  3.34814309e-05
 -3.07504456e-02  1.53115859e-02  2.12555994e-05  3.70505043e-02
  3.76109841e-02 -8.76606233e-03  2.51479326e-02  1.90642271e-02
 -2.33132892e-02 -5.19268831e-02 -1.84953076e-02 -1.41410607e-02
 -9.05741440e-03 -2.96250281e-02 -4.25129317e-03 -2.12078036e-02
 -6.32689642e-03 -1.61459472e-02  1.55666914e-02 -3.35584125e-02
 -1.79954028e-02  2.68609870e-02 -1.08026410e-01 -2.47639337e-02
  5.30171949e-03 -5.78848516e-02 -6.61829790e-02  4.03919617e-02
 -3.84116221e-02  2.94288151e-02 -7.88594244e-03 -6.89836187e-02
 -5.46810342e-02 -6.75641588e-02 -1.61137516e-02 -2.96775034e-02
 -3.80384828e-04  1.76400488e-02]",50,
875,50,1,4,0.7172640938793262,,,"[-0.16945947 -0.06048463 -0.10423521 -0.02348737  0.05333106 -0.0241722
  0.03522701 -0.07491155 -0.02006497  0.04018638  0.01629395 -0.00234373
 -0.02930087  0.01724228  0.00369851  0.04684469  0.03504401 -0.01327629
  0.02976262  0.02140398 -0.02788279 -0.03563645 -0.02051699 -0.02044799
 -0.01342745 -0.02754376 -0.01147654 -0.0272462   0.0026667  -0.00820222
  0.01547247 -0.03896523 -0.01472706  0.03538277 -0.10427993 -0.01778221
 -0.00346524 -0.06584355 -0.06660523  0.03064364 -0.029321    0.02434738
 -0.01320371 -0.06910716 -0.03717971 -0.05953909 -0.00818643 -0.02874366
 -0.0067287   0.02715343]",50,
925,50,1,4,0.7226875442781097,,,"[-0.17608625 -0.04922999 -0.0974163  -0.02707036  0.05362158 -0.03152496
  0.04604477 -0.07733883 -0.02329163  0.04549686  0.0164858  -0.02054865
 -0.03160058  0.0079373   0.00250238  0.05016142  0.04375172 -0.00796285
  0.04757821  0.02960164 -0.02113431 -0.04302948 -0.02267704 -0.02805482
 -0.00931386 -0.02867531 -0.01112293 -0.01949267 -0.00247941 -0.01776632
  0.01325813 -0.04908445 -0.02149703  0.02209522 -0.09306966 -0.00826434
 -0.01433458 -0.05031972 -0.06837633  0.01943373 -0.03372119  0.03515978
 -0.00308253 -0.07061859 -0.02823348 -0.05977428  0.0059842  -0.02812574
 -0.00197277  0.02150316]",50,
975,50,1,4,0.7184435907021287,,,"[-0.17729847 -0.03769891 -0.08869527 -0.03075663  0.0581362  -0.0376314
  0.04970929 -0.07973622 -0.02592562  0.04435911  0.02125363 -0.01677658
 -0.02510841  0.00793518 -0.00186331  0.04688253  0.04495126  0.00688914
  0.03203481  0.01490227 -0.02652495 -0.02498082 -0.01923383 -0.01815208
 -0.00277907 -0.02905246 -0.0143158  -0.03081588 -0.00439022 -0.01109536
  0.01995178 -0.05044019 -0.01758317  0.017598   -0.08373307 -0.01428029
 -0.02008299 -0.04303162 -0.06577789  0.01444693 -0.03784765  0.02740483
 -0.01127083 -0.07207338 -0.0308646  -0.05046078 -0.00204276 -0.02557459
  0.00303599  0.01115814]",50,
1025,50,1,4,0.7159987336336843,,,"[-0.17963344 -0.04577293 -0.09934762 -0.02127946  0.0657113  -0.03879146
  0.04749917 -0.07129362 -0.02766299  0.04151209  0.0216426  -0.02142085
 -0.02240231  0.00774308 -0.00644155  0.04639418  0.04354659 -0.00062415
  0.02512017  0.02263654 -0.03712019 -0.02750992 -0.01820709 -0.01820459
 -0.00526456 -0.02938997 -0.00760326 -0.03542424 -0.00481155 -0.01354182
  0.02369451 -0.05477588 -0.01145279  0.02070754 -0.07962148 -0.01823747
 -0.0211339  -0.04708411 -0.06303016  0.02525593 -0.03057751  0.0313756
 -0.01258254 -0.07090777 -0.02391091 -0.05291741 -0.00448274 -0.01357786
 -0.00517605  0.01745123]",50,
25,50,1,5,1.4780850185122119,,,"[-0.43275811  0.02212589 -0.3256721  -0.09072673  0.12033268 -0.0340661
  0.38355634  0.01617478 -0.27967718  0.18945931 -0.0951273  -0.1117735
  0.08733277  0.20748714  0.11454914  0.12094172  0.25454916 -0.34207876
  0.13395313 -0.28122019  0.15611162  0.13137539 -0.00763452 -0.14906386
  0.09628124  0.32795014  0.22818893  0.06381111  0.254263   -0.05906068
 -0.14475404 -0.11530349 -0.26571794  0.03762043 -0.17780436 -0.01638546
  0.11943768 -0.02044856  0.1502125   0.17800065 -0.27377498 -0.13088149
  0.26032888  0.30647067  0.10295069 -0.13370757 -0.01270725 -0.02377723
 -0.04602802 -0.05629908]",50,
75,50,1,5,1.2196563831159477,,,"[-0.04174008 -0.25962779 -0.39984602 -0.06702686  0.22719304  0.07779878
  0.09417373 -0.07388971 -0.25455779  0.22026075 -0.26443295  0.0366848
  0.05794851  0.04832475  0.14155408 -0.13300837  0.12544069  0.12992427
  0.03505406 -0.02995506 -0.23645828 -0.4094508  -0.17900529  0.41270562
  0.09542    -0.1358536   0.32429948  0.25802415  0.03394707 -0.07451371
  0.13796129 -0.15822612 -0.04341105  0.04060977 -0.12936578 -0.03889733
  0.01775854 -0.15357413 -0.25399447  0.12120082 -0.00586312 -0.33462982
 -0.16336106  0.02590996 -0.24697056  0.09022937 -0.16626006  0.01337704
 -0.2656841  -0.02797014]",50,
125,50,1,5,0.9445155317401117,,,"[-0.17384683 -0.12590377 -0.17692693 -0.17010035  0.16945039 -0.09972074
  0.20277144 -0.17370334 -0.17827365  0.01800946 -0.07534748  0.0309704
 -0.03179648 -0.06457862  0.01781518  0.03252381 -0.01508963  0.13224201
  0.03056295 -0.03024714 -0.08145939 -0.10639125 -0.15458515  0.08080454
 -0.01757895 -0.13805968 -0.01596687  0.19758685  0.0178022   0.03917341
  0.04879302 -0.11126504 -0.15994894  0.09918269 -0.12255992 -0.09595335
 -0.01904913 -0.05392574 -0.05557521  0.05788882 -0.08323736 -0.18614195
  0.0159664  -0.04485357 -0.1950816  -0.0573192  -0.16472284 -0.04391608
 -0.19712492 -0.12136575]",50,
175,50,1,5,0.8530305027519551,,,"[-0.21166985 -0.14884629 -0.17449919 -0.14467071  0.04715806 -0.09548389
  0.03362252 -0.15524489  0.02446018  0.09294338 -0.08510779  0.08077985
  0.04771277  0.03694185 -0.06098184  0.022943    0.07006708  0.06759208
  0.09186849 -0.05366111 -0.10502129 -0.00875803 -0.05988377 -0.03427632
 -0.04640037 -0.1105002  -0.12556142 -0.0028173   0.03969831 -0.01087923
  0.05659544 -0.06885539 -0.02936637 -0.00390704 -0.09445795  0.00349675
 -0.00883041  0.0373097  -0.07811881 -0.05299724 -0.0215892  -0.16774985
 -0.04932089 -0.0684529  -0.03230583 -0.08126691 -0.01691216 -0.0335653
 -0.09419317 -0.05399522]",50,
225,50,1,5,0.7959790784807501,,,"[-0.15882412 -0.09407511 -0.15616124 -0.09397368  0.02791527 -0.06684814
  0.04467809 -0.14638507 -0.01182125  0.10794779 -0.04764408  0.06480962
  0.03016221  0.03220505 -0.04771897  0.09626266  0.03120065  0.04181194
  0.06340287 -0.06766016 -0.1207366  -0.06403239 -0.12061183 -0.00410846
 -0.00619782 -0.07726026 -0.11819734 -0.02082152  0.04582153  0.0267424
  0.02814956 -0.0758959  -0.07912614 -0.01457333 -0.07546295  0.01644518
 -0.0334813  -0.00522158 -0.04992445 -0.0391822  -0.03410508 -0.08603213
 -0.06803894 -0.04008646 -0.00984814 -0.10567447 -0.01247115  0.00488623
 -0.1169235  -0.07729862]",50,
275,50,1,5,0.7807589603583103,,,"[-1.61083891e-01 -1.29791916e-01 -1.80428983e-01 -1.08027750e-01
  7.41751829e-02 -7.93233838e-02  2.24159319e-02 -9.59934055e-02
  3.37245406e-02  1.45776483e-01 -1.53949919e-02  1.06130258e-02
  8.15793194e-02  8.19065914e-02 -3.75755011e-03  3.58571359e-02
  2.93470737e-02 -1.63195419e-02  2.84263131e-02 -2.99550842e-02
 -6.36141222e-02 -8.31101675e-02 -7.55578606e-02  4.44726615e-02
  2.68810343e-03 -1.03644602e-01 -8.08737885e-02 -2.28206308e-02
 -1.83160861e-02  1.59216899e-02  4.99340938e-02 -9.22280560e-02
 -4.92697919e-02  1.59489663e-02 -1.26236423e-01 -1.75359801e-02
 -4.17149420e-02 -4.01156115e-02 -7.48698233e-02 -8.88358379e-05
 -7.02248378e-02 -7.61949272e-02 -9.70137857e-03 -7.29299171e-02
 -3.08021548e-02 -9.36833210e-02  3.66370657e-02  1.10371460e-02
  1.11047069e-03  2.12081408e-02]",50,
325,50,1,5,0.7502711764536457,,,"[-0.15633329 -0.10261794 -0.15219828 -0.05369595  0.06055836 -0.0590098
  0.01317591 -0.08504502  0.02029124  0.10209306 -0.0250604  -0.00938549
  0.05844739  0.05691639 -0.01223496 -0.00339434  0.05099773 -0.01569773
  0.03767642 -0.04176975 -0.05762545 -0.08490221 -0.05771509  0.04057343
 -0.01634145 -0.07732574 -0.06288604 -0.03531844 -0.07092371  0.02207859
  0.04678447 -0.0795115  -0.03849462 -0.01864325 -0.14285463 -0.03640809
 -0.0421728   0.00706664 -0.06269698  0.02774348 -0.03706849 -0.04622314
 -0.01258496 -0.06197334 -0.03102844 -0.06691777  0.05879515  0.00452773
  0.01568278  0.00964704]",50,
375,50,1,5,0.7340731528876552,,,"[-0.15450192 -0.08627663 -0.12997652 -0.06399873  0.06123527 -0.03783812
  0.03076844 -0.07561453  0.0291035   0.09636271 -0.01790921 -0.04140741
  0.03979193  0.02504483 -0.00175386  0.00461172  0.08760669 -0.00916462
  0.07020804 -0.068378   -0.09034962 -0.10493998 -0.04691257  0.00808801
  0.0223103  -0.09599888 -0.03280362 -0.02455381 -0.06243053  0.03053815
  0.06312518 -0.0338616  -0.02411036 -0.01195771 -0.12135488 -0.01747529
 -0.03610221 -0.01343992 -0.09008956  0.05324065 -0.05393822 -0.06862167
 -0.01651302 -0.04407179 -0.03496055 -0.03738409  0.06494259 -0.04343616
 -0.02852794  0.04559415]",50,
425,50,1,5,0.7305900389415211,,,"[-1.73238070e-01 -5.61152734e-02 -1.09361260e-01 -5.27414556e-02
  6.64816890e-02 -5.66169121e-02  5.84855559e-02 -7.30565252e-02
  2.52604818e-02  7.58015731e-02 -2.51887036e-02 -2.61766133e-02
  2.13639029e-02  3.64111810e-02 -2.24164350e-02  8.16752796e-05
  7.54356136e-02 -1.09152703e-02  7.77062845e-02 -5.68030545e-02
 -1.19012692e-01 -8.75447224e-02 -6.31673471e-02 -1.88684022e-02
  2.08475767e-02 -4.50398774e-02 -4.79688070e-02 -8.21538412e-03
 -4.22711521e-02  1.48369972e-02  4.10000960e-02 -3.32697371e-02
 -2.25935478e-02 -1.36817922e-02 -1.41606343e-01 -2.32741439e-02
 -3.44383557e-02 -2.67412299e-02 -6.34714681e-02  6.61960330e-02
 -3.83753606e-02 -4.34436207e-02 -3.04381498e-02 -6.03316801e-02
  7.79720336e-03 -3.44018506e-02  5.20519633e-02 -3.74017396e-02
 -2.93122580e-02  4.27626229e-02]",50,
475,50,1,5,0.727922901164427,,,"[-1.92686368e-01 -4.69024788e-02 -1.06011117e-01 -4.34173801e-02
  7.16964442e-02 -6.00505313e-02  6.50686619e-02 -7.81417258e-02
  1.78258459e-02  5.97886453e-02 -1.93446952e-02 -2.43604876e-02
  2.07707713e-02  3.04262859e-02 -2.23824647e-02 -3.39251000e-02
  9.12846416e-02  2.12689129e-02  4.95295311e-02 -3.56886482e-02
 -1.12859316e-01 -7.60896663e-02 -4.46091170e-02 -1.74206751e-02
  1.50938813e-02 -3.21825806e-02 -5.10092191e-02 -3.04328487e-02
 -3.75764089e-02  6.07986413e-06  5.30811607e-02 -6.23966385e-02
 -2.70028183e-02  1.50039374e-03 -1.06555642e-01 -1.10049555e-02
 -4.95038929e-02 -3.66551834e-03 -6.12701328e-02  6.43745657e-02
 -1.64886305e-02 -3.37425755e-02 -1.60326228e-02 -4.83417186e-02
 -3.75661848e-02 -2.85396977e-02  5.94673810e-02 -2.85018249e-02
 -1.39811977e-02  3.72188286e-02]",50,
525,50,1,5,0.7117479854240674,,,"[-1.64187276e-01 -4.64023285e-02 -1.00583552e-01 -4.45787631e-02
  8.14687042e-02 -5.32982913e-02  6.55152066e-02 -8.49156640e-02
  2.83065014e-04  6.31001294e-02 -1.45770886e-02 -3.24394785e-02
  2.07202325e-02  2.61684864e-02 -2.66398655e-02 -2.00272630e-02
  9.44193033e-02  2.04573963e-02  5.09248669e-02 -4.25340522e-02
 -1.14542466e-01 -8.82729862e-02 -2.72617823e-02 -1.65965142e-02
  8.35926151e-04 -1.57858780e-02 -5.62975976e-02 -7.35027178e-03
 -2.61038560e-02 -6.14495157e-03  5.27718642e-02 -6.25123085e-02
 -2.59960211e-03  2.47771161e-02 -9.25910106e-02 -1.83642304e-03
 -3.07283319e-02 -2.02141180e-02 -6.32536051e-02  5.17912490e-02
 -1.88341440e-02 -3.41532759e-02 -2.24283920e-02 -5.70389096e-02
 -2.01956909e-02 -4.84908971e-02  3.78803282e-02  6.05997746e-05
 -2.49096627e-02  3.73628608e-02]",50,
575,50,1,5,0.7316616252242,,,"[-0.17343117 -0.04865942 -0.11102249 -0.03450777  0.08152178 -0.08565517
  0.05116751 -0.07439182 -0.00243006  0.06514283 -0.01080671 -0.04876781
  0.01878863  0.04422371 -0.00445431  0.00288563  0.09322758  0.01105459
  0.04305461 -0.01246591 -0.09222081 -0.07829951 -0.02961077 -0.02143084
  0.01329254 -0.02703878 -0.04524302 -0.01719697 -0.04702931  0.00048235
  0.03712469 -0.0764542  -0.00603724  0.02797356 -0.10422347 -0.02984599
 -0.01185348 -0.01796501 -0.08453728  0.02895364 -0.03368508 -0.03450023
 -0.00709445 -0.05505239 -0.0153428  -0.05707477  0.02439398  0.00352303
 -0.0339825   0.03669446]",50,
625,50,1,5,0.7252119481021947,,,"[-0.1785711  -0.03974794 -0.09109619 -0.02603955  0.06323057 -0.07764092
  0.05473565 -0.07006567 -0.01347498  0.04867426 -0.0053541  -0.04342185
  0.01132093  0.04648513 -0.01745667  0.01625983  0.0877804   0.02153097
  0.0394532  -0.00729636 -0.09222951 -0.0768448  -0.02691395 -0.0155424
  0.01335896 -0.0231983  -0.04794359 -0.02376145 -0.03481763 -0.00068053
  0.03461721 -0.07519069 -0.00789412  0.02941183 -0.10236257 -0.02273453
 -0.01100758 -0.02483511 -0.07909395  0.0168003  -0.03008835 -0.03969926
  0.00119994 -0.05126486 -0.02007713 -0.06517427  0.02289075  0.01301593
 -0.0415532   0.02208692]",50,
675,50,1,5,0.70955938980611,,,"[-0.16979297 -0.01945842 -0.07869532 -0.01345339  0.0533672  -0.06593112
  0.04894555 -0.07080571 -0.00129886  0.03505687  0.00076142 -0.03193806
  0.01519971  0.03605178 -0.01570882  0.02451947  0.09819343  0.00874869
  0.0417233  -0.02284455 -0.10255921 -0.06941424 -0.03315747 -0.02220383
  0.01672639 -0.02397457 -0.0488995  -0.03720282 -0.02536066 -0.00349676
  0.03413564 -0.09428284  0.0147181   0.01172848 -0.09325109 -0.00811129
 -0.00703966 -0.02670402 -0.05955533  0.01943193 -0.02709425 -0.02857771
 -0.010251   -0.04919801 -0.0123124  -0.06555749  0.01089224  0.00139868
 -0.02905415  0.00657052]",50,
725,50,1,5,0.7170627754506705,,,"[-1.64369444e-01 -2.16042602e-02 -8.26788722e-02 -4.29257931e-03
  5.24759873e-02 -7.36812560e-02  4.68356294e-02 -8.41057488e-02
 -1.03368920e-02  3.77542636e-02 -3.31046682e-03 -3.13415406e-02
 -1.58713527e-04  2.04361879e-02 -1.61973366e-02  4.25414009e-02
  9.19467915e-02  1.29166666e-03  3.15712917e-02 -6.88215904e-03
 -9.82565570e-02 -6.52664178e-02 -2.65392888e-02 -1.76637735e-02
  2.70345863e-02 -2.82082446e-02 -3.44661026e-02 -3.14611431e-02
 -2.40040493e-02 -5.17844814e-03  4.11255946e-02 -9.08010217e-02
  6.78310558e-03  7.68733712e-03 -9.36265323e-02 -1.84208141e-02
 -6.85978327e-03 -3.08733611e-02 -5.85184416e-02  1.64723273e-02
 -3.29752863e-02 -7.19090523e-03 -1.39784375e-02 -5.64481055e-02
  1.80222357e-03 -6.83398788e-02  1.18114919e-04 -1.88237646e-02
 -1.45900205e-02  1.60113742e-02]",50,
775,50,1,5,0.7206319194435826,,,"[-0.15761921 -0.02071976 -0.07337046  0.01065827  0.07110511 -0.05422815
  0.05966558 -0.07971878 -0.02725889  0.04672448  0.0066346  -0.01596371
  0.00393173  0.01715727 -0.00483699  0.03514432  0.08610585 -0.00181505
  0.03120114 -0.00202281 -0.09267619 -0.06051839 -0.01987288 -0.01437609
  0.01359403 -0.02073489 -0.04168286 -0.02055414 -0.01023983 -0.00102416
  0.03387861 -0.1012407   0.00744749  0.01349219 -0.0873128  -0.02138345
 -0.01161791 -0.03534403 -0.06175828  0.02060909 -0.04053586 -0.00152758
 -0.01364677 -0.06356188 -0.00731788 -0.06653538 -0.00599412 -0.02806644
 -0.01937253  0.01977387]",50,
825,50,1,5,0.7116155174743187,,,"[-0.1647266  -0.03316069 -0.07177156 -0.00683475  0.06605666 -0.04368083
  0.07436883 -0.09118359 -0.02493534  0.05346796  0.00635596 -0.02782769
 -0.00676153  0.02582496 -0.00525288  0.04327438  0.08117485  0.00529613
  0.02611177  0.00696436 -0.06425699 -0.06244091 -0.00887895 -0.00175905
  0.02371417 -0.01275277 -0.03387332 -0.02164935  0.00297195  0.00574658
  0.01870717 -0.08834924  0.00677142  0.02395771 -0.08505015 -0.00660919
 -0.0033272  -0.03867041 -0.05364506  0.03693069 -0.02333412  0.00637929
 -0.01931825 -0.05371967 -0.01086879 -0.07347898 -0.00503534 -0.0126644
 -0.03537477  0.01712694]",50,
875,50,1,5,0.709250227390653,,,"[-0.17506394 -0.02647605 -0.08141889 -0.01560912  0.05342958 -0.05212528
  0.07210922 -0.09547556 -0.02154889  0.04917537  0.00898647 -0.0191485
 -0.01524218  0.03275356 -0.01500505  0.03583212  0.06870344  0.01322542
  0.01998834  0.01079063 -0.05414906 -0.04021381 -0.00104103 -0.00325195
  0.00505015 -0.01937288 -0.03815418 -0.03436805  0.0032514   0.00210776
  0.01090068 -0.08054992  0.00445332  0.01727554 -0.08072649 -0.00553515
 -0.01736859 -0.03928933 -0.05101149  0.02728454 -0.02937857  0.0152909
 -0.01263371 -0.06465884 -0.01135555 -0.06865677 -0.0160901  -0.01220555
 -0.02992538  0.01919673]",50,
925,50,1,5,0.7084615527876928,,,"[-0.17314409 -0.03035697 -0.09090736 -0.02519533  0.06937602 -0.04389469
  0.07224993 -0.08620834 -0.0160466   0.04727734  0.01204401 -0.02476379
 -0.00893713  0.01605195 -0.00813653  0.03998538  0.05480725  0.00327739
  0.01787397  0.00864117 -0.0534983  -0.03742221 -0.00196834 -0.01333107
  0.00239346 -0.02980509 -0.03232235 -0.03674738  0.00280304 -0.00263402
  0.01979139 -0.06700826  0.00485813  0.01195773 -0.07790757 -0.00251042
 -0.01983337 -0.04162363 -0.05966511  0.04083604 -0.04290894  0.0182832
 -0.01841757 -0.06672911 -0.02042988 -0.07110441 -0.0203866  -0.0151664
 -0.01516507  0.02594596]",50,
975,50,1,5,0.7056361122056478,,,"[-0.16797473 -0.03352316 -0.08780994 -0.01983631  0.06214684 -0.04542619
  0.05910245 -0.07334145 -0.01342165  0.04902469  0.018638   -0.02034305
 -0.01048259  0.00915798 -0.00713936  0.03895681  0.03746196  0.00575051
  0.02202217  0.02187259 -0.0452249  -0.03531509 -0.00256936 -0.00604191
 -0.00447087 -0.02463005 -0.02467104 -0.03502906 -0.00366091 -0.01327494
  0.02314432 -0.06525174 -0.00266441  0.01127719 -0.07745294 -0.00989933
 -0.02173537 -0.03776687 -0.0689621   0.03653324 -0.04595242  0.02459035
 -0.01558831 -0.06635317 -0.0105215  -0.0554896  -0.01680268 -0.01145936
 -0.00520273  0.02424456]",50,
1025,50,1,5,0.7159987336337099,,,"[-0.17963344 -0.04577293 -0.09934762 -0.02127946  0.0657113  -0.03879146
  0.04749917 -0.07129362 -0.02766299  0.04151209  0.0216426  -0.02142085
 -0.02240231  0.00774308 -0.00644155  0.04639418  0.04354659 -0.00062415
  0.02512017  0.02263654 -0.03712019 -0.02750992 -0.01820709 -0.01820459
 -0.00526456 -0.02938997 -0.00760326 -0.03542424 -0.00481155 -0.01354182
  0.02369451 -0.05477588 -0.01145279  0.02070754 -0.07962148 -0.01823747
 -0.0211339  -0.04708411 -0.06303016  0.02525593 -0.03057751  0.0313756
 -0.01258254 -0.07090777 -0.02391091 -0.05291741 -0.00448274 -0.01357786
 -0.00517605  0.01745123]",50,
