sample_size,n,k,repeat,mae,alphas,coef_path,coefficients,non_zero_coef,num_iter
5,10,1,1,0.758537681851788,,,"[-0.12410178  0.1103127   0.01378909 -0.48261805  0.         -0.19304722
  0.19304722 -0.38609444 -0.37230535  0.        ]",8,
15,10,1,1,1.7570781277829206,,,"[ 0.8142262  -0.77388166  1.43956659 -1.24884694 -0.24023341 -1.07646572
  1.49824956  1.59911091 -0.53364825  1.25434847]",10,
25,10,1,1,0.8795834731647437,,,"[ 0.50021809 -0.23151599 -0.33877132  0.09834387 -0.31265355 -0.77162841
  0.29250691  0.47142074 -0.28450423 -0.46797846]",10,
35,10,1,1,0.7917439523634914,,,"[ 0.21919691 -0.31441287 -0.11712783  0.00092887 -0.09635249 -0.36566575
  0.22596115  0.59806976 -0.34290033  0.04756237]",10,
45,10,1,1,0.7285816540198511,,,"[ 0.12946462 -0.05249736  0.0168938  -0.19021141 -0.19241403 -0.2460605
  0.39715459  0.22468289 -0.28965474  0.09559254]",10,
55,10,1,1,0.7187574801400263,,,"[ 0.06499294 -0.00255496  0.09798623 -0.12833735 -0.11059879 -0.04160468
  0.31858291  0.16623454 -0.21328894  0.15907771]",10,
65,10,1,1,0.6932688172911355,,,"[ 0.17597023 -0.04659639  0.06567348 -0.16753205 -0.0131321  -0.12730234
  0.15338865  0.10173375 -0.19043219  0.06680373]",10,
75,10,1,1,0.6906112021631049,,,"[ 0.12944204 -0.10645695  0.07541397 -0.28835705 -0.00841078 -0.10484452
  0.07904741  0.16616407 -0.10506696  0.04787331]",10,
85,10,1,1,0.6907075326678512,,,"[ 0.13012159 -0.17706387  0.09098306 -0.29109807 -0.08826086 -0.09926456
  0.1375081   0.1335277  -0.12611327  0.00307895]",10,
95,10,1,1,0.701243142781056,,,"[ 0.08156723 -0.06473721  0.09271903 -0.1755737  -0.15812625 -0.1537957
  0.22012296  0.17215068 -0.11445248  0.02835626]",10,
105,10,1,1,0.7004709332515148,,,"[ 0.08182583 -0.05992901  0.06422253 -0.15951982 -0.10346153 -0.16539795
  0.22932487  0.10391236 -0.09109745  0.01675542]",10,
115,10,1,1,0.7269864066850181,,,"[ 0.1889234   0.10582684  0.15195524  0.00325921 -0.05072073 -0.19952676
  0.25603001 -0.0588452   0.10458055  0.16137227]",10,
125,10,1,1,0.7353265317117882,,,"[ 0.20919402  0.07803761  0.13876665  0.02355014 -0.00636781 -0.12526018
  0.27462991 -0.02895229  0.16915243  0.22740951]",10,
135,10,1,1,0.7518197506924839,,,"[ 0.2959354   0.1908866   0.19026995  0.07556877 -0.02575762 -0.20514926
  0.22708962 -0.09715492  0.04790952  0.3184864 ]",10,
145,10,1,1,0.7516709258270561,,,"[ 0.28510309  0.18937864  0.18386407  0.0598673  -0.07324645 -0.17597841
  0.2848515   0.01033745  0.05889461  0.28707341]",10,
155,10,1,1,0.7457219741554598,,,"[ 0.29485242  0.21832366  0.19518726  0.05908955 -0.06100225 -0.1867199
  0.26040208  0.00450208  0.03242644  0.2742065 ]",10,
165,10,1,1,0.7569343155621897,,,"[ 0.30825884  0.27020297  0.20984207  0.11196957 -0.09254007 -0.15786555
  0.29319444 -0.01093252  0.01779123  0.29886599]",10,
175,10,1,1,0.7607500621340142,,,"[ 0.28191614  0.28286175  0.21194853  0.16664875 -0.1066638  -0.12477806
  0.30041332 -0.0207961   0.00261832  0.31701936]",10,
185,10,1,1,0.7625493512482666,,,"[ 0.38905786  0.24485851  0.15436072  0.11118755 -0.15005372 -0.122124
  0.19111598  0.01077321 -0.04643918  0.30585433]",10,
195,10,1,1,0.7606061182618282,,,"[ 0.40340478  0.25603744  0.1613255   0.16208158 -0.09802064 -0.12475174
  0.19851231  0.03565004 -0.00284264  0.27918468]",10,
205,10,1,1,0.7543281837125727,,,"[ 0.38839368  0.19580591  0.15338619  0.12093726 -0.14323536 -0.10205542
  0.1357527  -0.03150588 -0.0560395   0.26681317]",10,
5,10,1,2,0.7259954362751546,,,"[ 1.66533454e-16 -7.17032530e-02  6.93889390e-17  2.86813012e-01
  7.17032530e-02 -7.17032530e-02 -7.17032530e-02 -2.86813012e-01
 -1.43406506e-01  0.00000000e+00]",9,
15,10,1,2,1.2611322210340392,,,"[-0.69918822  0.51559769  1.30555169  1.91466044 -0.11890489  0.28190583
  0.25376672  1.15267397  0.30129436 -0.25205092]",10,
25,10,1,2,0.9315575723732666,,,"[ 0.75011704  0.04413658  0.07026479  0.45326814 -0.66366086  0.16250609
 -0.71035708  0.60893138  0.11180034  0.25153266]",10,
35,10,1,2,1.0020123432745782,,,"[ 0.73858146  0.15963702  0.04224503  0.47462976 -0.86220997  0.2453658
 -0.87985959  0.17145493  0.26786586  0.40003598]",10,
45,10,1,2,0.9003869093334111,,,"[ 0.85566283  0.13504589  0.09283417  0.23301821 -0.52975918  0.25223011
 -0.48452408  0.34296146  0.18977295  0.01472559]",10,
55,10,1,2,0.8660789460541202,,,"[ 0.68785202  0.22768866 -0.02288233  0.14246643 -0.57682493  0.08612886
 -0.39146535  0.09719439  0.02601787  0.2468407 ]",10,
65,10,1,2,0.8157630402295649,,,"[ 0.54713404  0.26674606  0.16934176  0.08154538 -0.38197532 -0.03480599
 -0.33435083  0.06931862 -0.1854076   0.25052545]",10,
75,10,1,2,0.7967306594736965,,,"[ 4.53968495e-01  2.44716968e-01  2.83856566e-01 -3.85534566e-04
 -3.96973715e-01  7.70078411e-02 -2.39064216e-01 -4.87584039e-03
 -3.60280173e-02  2.95433191e-01]",10,
85,10,1,2,0.7706133926235254,,,"[ 0.38730089  0.05607609  0.15585934 -0.01625251 -0.26705453  0.0777806
 -0.16015215  0.07392902  0.00764247  0.13193871]",10,
95,10,1,2,0.7519664941691815,,,"[ 0.35774668  0.06149112  0.08228101 -0.0269892  -0.14489007  0.09918378
 -0.11971719  0.03546681 -0.04641912  0.15643747]",10,
105,10,1,2,0.7543449177963788,,,"[ 0.39233232  0.04744709  0.10713856  0.06017728 -0.12385712  0.12025308
 -0.12309226  0.04521999 -0.07354052  0.18102671]",10,
115,10,1,2,0.8096692545620192,,,"[ 0.55721379  0.24873435  0.14859419  0.16253471 -0.33667862 -0.04072136
 -0.09355637 -0.11863621  0.12325427  0.2848036 ]",10,
125,10,1,2,0.8509411362677503,,,"[ 0.61529961  0.36725237  0.19790718  0.2464194  -0.40468617 -0.10205802
 -0.05188923 -0.23285453  0.05488921  0.38632284]",10,
135,10,1,2,0.8122566449117227,,,"[ 0.57081887  0.37236223  0.23702273  0.16056828 -0.27035261 -0.14639964
  0.03661681 -0.10589921  0.02460992  0.3473433 ]",10,
145,10,1,2,0.7963584156630372,,,"[ 0.54162224  0.33797029  0.19439652  0.14870975 -0.19946555 -0.1224814
  0.08734173 -0.05491471  0.00090649  0.31814436]",10,
155,10,1,2,0.7842456055424111,,,"[ 0.52738587  0.27495458  0.20776649  0.07119233 -0.19568089 -0.10989655
  0.10344128 -0.02609912 -0.00964675  0.3127698 ]",10,
165,10,1,2,0.7750016926064967,,,"[ 0.45649036  0.24810196  0.16924825  0.12543222 -0.1543791  -0.11757467
  0.10189698 -0.04015335  0.01911083  0.31153511]",10,
175,10,1,2,0.7752177238488133,,,"[ 0.45313758  0.23192489  0.16396172  0.15067555 -0.13877283 -0.05400886
  0.17449012 -0.04043495  0.09930276  0.30371294]",10,
185,10,1,2,0.7535477193314938,,,"[ 0.43912359  0.17835014  0.16093885  0.09772942 -0.1492212  -0.0841023
  0.16133289 -0.00120375  0.02917447  0.22377446]",10,
195,10,1,2,0.7556788294209604,,,"[ 0.39494546  0.19541333  0.16339167  0.14854092 -0.17430679 -0.11391551
  0.15389141  0.01621955 -0.04073405  0.23229746]",10,
205,10,1,2,0.7543281837125926,,,"[ 0.38839368  0.19580591  0.15338619  0.12093726 -0.14323536 -0.10205542
  0.1357527  -0.03150588 -0.0560395   0.26681317]",10,
5,10,1,3,0.8471227171774746,,,"[ 0.34144406 -1.43406506 -0.5804549  -0.5804549   0.          0.
 -0.27315525 -0.34144406 -0.03414441 -0.30729966]",8,
15,10,1,3,1.2157802772661455,,,"[ 0.96466881  0.04088457 -0.87513678 -1.19056899 -0.07193614 -0.11385576
  1.566293   -0.1058341  -0.22667647  0.48466327]",10,
25,10,1,3,0.8212442680291338,,,"[ 0.3355993   0.37596489  0.26408195 -0.33118121  0.49387663 -0.3577232
  0.48836904 -0.37670595  0.0127779   0.25149656]",10,
35,10,1,3,0.8239896764461929,,,"[ 0.65463645  0.59738423  0.18531305 -0.16555933 -0.20592216 -0.15932585
  0.01529348  0.10564583  0.01594935  0.28963776]",10,
45,10,1,3,0.8308618353572166,,,"[ 0.66291279  0.54365965 -0.07744045 -0.00237233 -0.05509707  0.04058601
  0.34537743  0.02378022  0.04208927  0.27256182]",10,
55,10,1,3,0.8169019672834463,,,"[ 0.68698864  0.43948043 -0.03614081 -0.14493579  0.02290633  0.01203212
  0.24034576 -0.00983344  0.10559535  0.22503583]",10,
65,10,1,3,0.7801884546418819,,,"[ 0.52812577  0.29195921 -0.05369854 -0.13826173  0.12161504  0.01061552
  0.21331043 -0.08878133  0.07989628  0.13710603]",10,
75,10,1,3,0.769288025855235,,,"[ 0.50369829  0.27854701 -0.0833003  -0.03035702 -0.09210436  0.07213684
  0.09499335  0.0268124   0.01579287  0.1326349 ]",10,
85,10,1,3,0.7977278914157034,,,"[ 0.62598137  0.35906586  0.0416651   0.20495918 -0.3297784  -0.08874624
  0.09490786 -0.04567855 -0.27094183  0.1258827 ]",10,
95,10,1,3,0.7958875939892585,,,"[ 0.67443424  0.35393139  0.05952348  0.21372055 -0.26338159 -0.0987447
  0.03346456 -0.09356145 -0.24670061  0.12984558]",10,
105,10,1,3,0.764075521823637,,,"[ 0.53518395  0.30206366  0.03458101  0.24883113 -0.16883171 -0.0448751
  0.10487    -0.09070026 -0.1312743   0.13520273]",10,
115,10,1,3,0.7705902072523042,,,"[ 0.51269022  0.33055451  0.05652626  0.25802522 -0.23375766 -0.09838805
  0.17957265 -0.10608321 -0.16257994  0.13364148]",10,
125,10,1,3,0.766214813286361,,,"[ 0.44219689  0.32359793  0.08849149  0.22861414 -0.26771029 -0.11488268
  0.17277486 -0.08334692 -0.17531841  0.18052237]",10,
135,10,1,3,0.7455897757841268,,,"[ 0.33741022  0.33246997  0.11382474  0.20721627 -0.16318107 -0.00615886
  0.14861725 -0.06340671 -0.12786109  0.15937056]",10,
145,10,1,3,0.7893884226959392,,,"[ 0.43868948  0.37127033  0.10834749  0.26862853 -0.26339568 -0.05040842
  0.23081657 -0.14123361 -0.03355859  0.19777852]",10,
155,10,1,3,0.7896908994614062,,,"[ 0.44243101  0.39301674  0.128608    0.20745022 -0.21335491  0.0497084
  0.18110785 -0.08634271 -0.02711788  0.24500684]",10,
165,10,1,3,0.7882643440527175,,,"[ 0.43795976  0.36318247  0.14666295  0.19856422 -0.23332487  0.01211181
  0.18892181 -0.1075003  -0.04321408  0.25453796]",10,
175,10,1,3,0.7939406288481041,,,"[ 0.4798303   0.34175311  0.14621538  0.17887518 -0.21868469 -0.04075444
  0.17078608 -0.10217497  0.00164526  0.27562376]",10,
185,10,1,3,0.7699147111583398,,,"[ 0.40749772  0.2865379   0.17595774  0.15908976 -0.16423575 -0.05889396
  0.16967976 -0.04951571 -0.01347562  0.25551607]",10,
195,10,1,3,0.7674396327209478,,,"[ 0.41056362  0.22368077  0.15874586  0.12603802 -0.14653818 -0.06541264
  0.17705694 -0.01399566 -0.04125578  0.30358825]",10,
205,10,1,3,0.7543281837125733,,,"[ 0.38839368  0.19580591  0.15338619  0.12093726 -0.14323536 -0.10205542
  0.1357527  -0.03150588 -0.0560395   0.26681317]",10,
5,10,1,4,2.7587826578456025,,,"[ 3.58516265e-01  3.58516265e-01  3.58516265e-01 -2.79221091e-14
 -7.17032530e-01  0.00000000e+00  3.58516265e-01 -4.30219518e+00
  7.17032530e-01  7.17032530e-01]",9,
15,10,1,4,3.8840640878787003,,,"[-2.65062008 -4.29559647  2.12725974  0.94196612 -2.14433391 -4.71840893
 -0.02095091 -3.27353848 -0.72635321  3.02790143]",10,
25,10,1,4,1.2194963853204803,,,"[ 0.41889935 -0.33666762  0.10353952  0.83561921 -0.47919695 -0.7014438
  0.18010278 -0.9759503   0.24770809  0.92901428]",10,
35,10,1,4,1.1915159315371358,,,"[ 0.4191688  -0.45814299  0.06836284  0.7071922  -0.62809632 -0.64298794
  0.03480701 -0.86791127  0.24618579  0.87126195]",10,
45,10,1,4,0.9573562465932087,,,"[ 0.45161566 -0.0507986   0.30730024  0.57789745 -0.37563905 -0.39933158
  0.14283998 -0.32010771  0.372147    0.64315536]",10,
55,10,1,4,0.9100887033402523,,,"[ 0.66169944  0.12783474  0.28716027  0.45715198 -0.43156336 -0.35803944
  0.34756919 -0.14054894  0.21092595  0.48619114]",10,
65,10,1,4,0.8216624376888888,,,"[ 0.49132608  0.28023156  0.25965895  0.18793481 -0.22012781 -0.26342124
  0.28642835 -0.11579213  0.12399656  0.43507095]",10,
75,10,1,4,0.8407622537507621,,,"[ 0.60327745  0.30018172  0.35657621  0.19805832 -0.32412955 -0.22927501
  0.33949761 -0.12894212  0.17155872  0.36665359]",10,
85,10,1,4,0.8123564139891829,,,"[ 0.49436913  0.26639639  0.39730866  0.17171023 -0.30579422 -0.18292748
  0.43560597 -0.11612667  0.1654998   0.29314397]",10,
95,10,1,4,0.8030261354099401,,,"[ 0.41524979  0.10010628  0.27449496  0.21786069 -0.3154371  -0.18835127
  0.4217862  -0.08353175  0.10302975  0.32747212]",10,
105,10,1,4,0.7839290090263745,,,"[ 0.41666352  0.01641918  0.17806586  0.21369526 -0.28601804 -0.14061671
  0.36812207 -0.0926131   0.15748271  0.26907375]",10,
115,10,1,4,0.7746674759302823,,,"[ 0.36605584 -0.00043841  0.1827207   0.16167838 -0.31352015 -0.11301025
  0.32172364 -0.06050448  0.17408477  0.26449264]",10,
125,10,1,4,0.7735011295568125,,,"[ 0.29225348 -0.05704735  0.12886134  0.23267345 -0.24846033 -0.16438612
  0.23467851 -0.08422011  0.13486253  0.2886372 ]",10,
135,10,1,4,0.7750204055963184,,,"[ 0.25267335 -0.07041952  0.13327361  0.19611736 -0.26828047 -0.18454494
  0.19508257 -0.05820321  0.14772731  0.30953561]",10,
145,10,1,4,0.740220287887837,,,"[ 0.23548488  0.02664222  0.12220056  0.08545214 -0.16568843 -0.10610739
  0.2169904  -0.04944718  0.05209619  0.22923769]",10,
155,10,1,4,0.7365087351624646,,,"[ 0.27287851  0.034422    0.06769816  0.07916135 -0.1330397  -0.12147936
  0.19021184 -0.01233527  0.10813349  0.2050295 ]",10,
165,10,1,4,0.7316386091877434,,,"[ 0.26768071  0.04379543  0.03991157  0.08205804 -0.08514571 -0.06474448
  0.21444862 -0.09088727  0.10670177  0.18440134]",10,
175,10,1,4,0.7406670584974978,,,"[ 0.29801011  0.08831599  0.05144524  0.10081708 -0.12733458 -0.0685258
  0.16974772 -0.07349962  0.13623284  0.20929842]",10,
185,10,1,4,0.7369316793122107,,,"[ 0.33480046  0.12775727  0.08553221  0.05870649 -0.13713037 -0.1259038
  0.08699271 -0.05041137  0.06865076  0.19316433]",10,
195,10,1,4,0.7389153983492531,,,"[ 0.34899915  0.12721985  0.13498351  0.05131269 -0.123962   -0.1036453
  0.12396712 -0.05893819  0.00047421  0.23589629]",10,
205,10,1,4,0.7543281837125733,,,"[ 0.38839368  0.19580591  0.15338619  0.12093726 -0.14323536 -0.10205542
  0.1357527  -0.03150588 -0.0560395   0.26681317]",10,
5,10,1,5,1.1803644485356914,,,"[ 0.20141363  0.88621998  0.7653718   1.08763361 -0.7653718  -0.56395817
 -0.72508907  0.88621998 -0.72508907  0.7653718 ]",10,
15,10,1,5,4.7905616996436455,,,"[-1.39778943 -2.75317878  5.8521538   0.36087183 -3.50742916  3.1215884
 -2.49453827  1.78598576 -0.91348625 -6.4466972 ]",10,
25,10,1,5,0.9270092669473433,,,"[ 0.02399521 -0.37464104  0.31282808  0.7604512  -0.1929554  -0.979803
 -0.28909721  0.04344302  0.05391662 -0.42951951]",10,
35,10,1,5,0.8242349315105122,,,"[ 0.10542387 -0.3366536   0.23666336  0.48057833 -0.27022126 -0.62994458
 -0.34426843  0.25772675 -0.06712707 -0.39853195]",10,
45,10,1,5,0.7864924592931755,,,"[ 0.21322774  0.07937276  0.11960106  0.39446242 -0.15175885 -0.5748685
 -0.18393547  0.12132091  0.04666378  0.13533158]",10,
55,10,1,5,0.8771915970595034,,,"[ 0.56494273  0.29988896  0.10025496  0.45304884 -0.15979471 -0.64973639
 -0.03908727 -0.16553909 -0.18053617  0.40167467]",10,
65,10,1,5,0.8133695501211002,,,"[ 0.57516373  0.12775006  0.21294857  0.20134378 -0.11325345 -0.68068319
  0.04785025 -0.07435035 -0.30965678  0.21293383]",10,
75,10,1,5,0.7933324483177813,,,"[ 0.59715595  0.08800281  0.19555424  0.05526332 -0.09090105 -0.55549091
  0.1160548  -0.14090452 -0.39561551  0.24252338]",10,
85,10,1,5,0.759282983538701,,,"[ 0.52954326  0.0964148   0.22520772  0.00376775 -0.10429239 -0.46830058
  0.13068291 -0.04492853 -0.35211037  0.18675577]",10,
95,10,1,5,0.7377889810866185,,,"[ 0.54971274  0.14869974  0.21802852 -0.05778665 -0.20725009 -0.31086896
  0.13955273  0.0683783  -0.19883952  0.13446385]",10,
105,10,1,5,0.746637126859095,,,"[ 0.57930538  0.24605648  0.19831712 -0.00325372 -0.18319198 -0.26950145
  0.14696173  0.02621081 -0.19653471  0.15510923]",10,
115,10,1,5,0.7507705071670159,,,"[ 0.57325085  0.29783053  0.31267608  0.02733969 -0.12332846 -0.24109248
  0.1602858   0.05972397 -0.12118849  0.16493291]",10,
125,10,1,5,0.7508940420247285,,,"[ 0.53133362  0.30884712  0.32621163 -0.00577106 -0.18222182 -0.27639849
  0.1015671   0.02954057 -0.1188638   0.14020185]",10,
135,10,1,5,0.7489555941694698,,,"[ 0.49374781  0.22337333  0.21250788 -0.01935858 -0.15224648 -0.24936822
  0.05997417  0.04402388 -0.08821622  0.21359456]",10,
145,10,1,5,0.7346187274642813,,,"[ 0.43187703  0.12509583  0.15468357 -0.03208144 -0.13007607 -0.22626926
  0.08758397  0.10630717 -0.06501826  0.16335332]",10,
155,10,1,5,0.7306870337873653,,,"[ 0.43026511  0.11161071  0.10901809 -0.06861853 -0.12661138 -0.18461227
  0.04882682  0.10063113 -0.06908131  0.15881638]",10,
165,10,1,5,0.7211212626862555,,,"[ 0.35719649  0.0886334   0.0320417  -0.01791037 -0.14262711 -0.15061417
  0.07637412  0.03886691 -0.06215918  0.14528032]",10,
175,10,1,5,0.7250620359620945,,,"[ 0.33917119  0.10394762  0.01566707 -0.00073359 -0.15658598 -0.13235714
  0.12317068  0.026981   -0.10167452  0.18256713]",10,
185,10,1,5,0.7635625271707989,,,"[ 0.43888859  0.20110435  0.10111487  0.11373597 -0.1692095  -0.16783276
  0.14820607 -0.0481452  -0.00664077  0.27425228]",10,
195,10,1,5,0.7540734591953014,,,"[ 0.40043708  0.17109098  0.10604669  0.07916574 -0.15518586 -0.13817279
  0.11932078 -0.01666444 -0.01379004  0.25905766]",10,
205,10,1,5,0.754328183712554,,,"[ 0.38839368  0.19580591  0.15338619  0.12093726 -0.14323536 -0.10205542
  0.1357527  -0.03150588 -0.0560395   0.26681317]",10,
