sample_size,n,k,repeat,mae,alphas,coef_path,coefficients,non_zero_coef,num_iter
5,10,2,1,0.8550330156012689,,,"[ 0.1127506  -0.1134575  -0.17000952 -0.23363055  0.         -0.05725892
  0.12017305 -0.17743197 -0.17813887  0.05725892 -0.1134575  -0.05725892
 -0.12087995  0.         -0.05725892  0.12017305 -0.06468138 -0.17813887
  0.17000952  0.         -0.1134575   0.          0.         -0.1134575
  0.         -0.1134575  -0.1134575  -0.1127506   0.         -0.05725892
 -0.05725892 -0.17000952 -0.05725892 -0.1127506   0.          0.
 -0.1134575  -0.12017305 -0.12087995 -0.23363055  0.          0.
  0.          0.          0.         -0.05725892 -0.05725892 -0.05725892
  0.         -0.05725892 -0.17071642  0.17743197 -0.06468138 -0.12017305
 -0.12087995]",40,
25,10,2,1,0.912053664326549,,,"[ 0.28555172 -0.1605844  -0.0325669  -0.22027213 -0.11958363  0.02946041
  0.01053879 -0.06756306 -0.06302692  0.31473976 -0.32708927 -0.1808669
 -0.55844053 -0.01052874 -0.0926668   0.55755624  0.03495438 -0.10693596
  0.46880087  0.0212332   0.01914837 -0.05596347 -0.18918826 -0.13768266
  0.0638474   0.19656283 -0.16902321  0.13120711  0.00414031 -0.16860376
  0.02080285 -0.19123197 -0.04640709 -0.07662544 -0.0436454   0.06629089
 -0.21918613  0.15322795  0.1795062  -0.08171977 -0.11743403 -0.03520721
  0.35435457  0.51312335  0.20901199 -0.03772     0.11840242  0.02525679
  0.10092639 -0.11913512 -0.10638912  0.36965816 -0.01366206 -0.0734476
 -0.39596489]",55,
45,10,2,1,1.8372244543417104,,,"[-0.0928651  -0.77792539  0.00917312 -0.74296782  0.05141097 -1.77611657
 -0.98216076  1.04270969 -1.31021362  0.14452679  0.35003528  2.0084041
  0.57426585 -0.26187975 -0.8944944   1.72505536 -1.35959449 -1.59928853
  1.17136474  2.81473222 -0.70491514  0.40854226 -0.00409178  0.34737849
 -0.14771676 -1.31109617  1.64607677  1.15408978 -3.0221176   0.24019598
 -0.26303476 -0.84055315  0.47908715 -0.52205647 -0.70699881  0.1651851
 -0.9870304   0.62862032  1.99519941 -1.321063   -0.78816665  0.42504693
  0.32821342  1.58763453  0.17599951  2.09778243  1.15743795 -0.46538678
  0.57282855 -0.47410427  1.03046271 -0.3205263  -0.23819894 -0.05818213
  0.65998397]",55,
65,10,2,1,2.304665714382761,,,"[ 2.38332738 -5.87087679 -0.79270324  0.87802726  1.46807845  0.22802268
 -1.58914353  2.40033093 -2.16444339  1.16069373  0.38679397  1.99946333
 -1.60751673  0.89309028 -1.94348816  0.26800816 -2.05195794 -1.81396846
  1.78776147  3.67363118 -0.54361259  0.84114298  1.31980857  0.96075667
  0.73340789  1.57150306  1.3503147   1.95664124 -1.2143151  -1.86998
  0.43493554 -1.36295839 -0.04097291 -0.21974127  0.40070807  0.84869133
 -0.63435515 -2.29509706  2.06984913  0.39997628 -2.76367043 -0.39088137
  0.31259699 -2.37266739  0.56853028  0.63008881  1.13692711  1.00332855
 -0.47026988  1.37655103  1.48367872 -1.04790986 -0.08630041 -1.91585632
  0.77502424]",55,
85,10,2,1,1.4543607434575079,,,"[-0.47730941 -2.12528741 -1.79381079 -1.54393341  0.10698322 -0.25605671
 -1.50398719  0.02488964 -2.21965879 -1.16154985  0.7387628   1.65793725
 -0.07417829  0.42556712 -0.98207425  0.67806922 -0.24409879 -0.88526435
  1.30565704  2.24841914  0.90036966  0.68719276 -0.5552261   0.0080708
 -0.28499874  0.41112848  0.86558364  1.30634411 -1.38479973 -0.72071947
 -0.09563047 -0.30683757  0.77653288  0.53799563 -0.07861775  0.78787888
 -0.61418251 -0.09938721  1.70851965  0.58054175 -0.87778157 -0.79683907
  0.17298883  0.50664882  0.11610838  1.18982064  0.46114167  0.28701234
 -0.47244485  0.96128482  1.17337429  0.54959467 -0.55078126 -0.21267407
  0.67657055]",55,
105,10,2,1,1.184521215524213,,,"[-0.54302555 -1.28230895 -1.06166851 -0.60557094  0.29482819  0.23048043
 -0.54702409 -0.00392424 -1.58200597 -0.50080698  0.89858975  1.07999467
  0.23576234 -0.03612855 -0.3656859   0.81233077 -0.57737498  0.05810047
  0.72443429  1.82130286  0.97780455  0.0261245  -0.84788593 -0.38570859
 -0.30570637  0.39313217  0.70055878  0.9396814  -1.02921474 -0.46184483
 -0.11789644 -0.24120123  0.29658514  0.35634456  0.18971813  0.54054232
 -0.61554775 -0.08380816  0.70167479 -0.050513   -0.74996816  0.12286443
 -0.01208611  0.28410771 -0.33601739  0.26250205  0.72632421 -0.05826716
 -0.26857715  0.43537925  0.29289789  0.19478554  0.1200452  -0.15341531
  0.85395041]",55,
125,10,2,1,1.0832062396207578,,,"[-0.1015474  -1.05930028 -0.36281118 -0.74769374  0.23801806 -0.34190423
 -0.02393324  0.45796085 -1.27833166  0.637085    0.82667558  0.70069467
  0.44599003 -0.11664551 -0.35777414  0.44722872 -0.72549797 -0.04995427
  0.50530469  1.3607978   1.14495512  0.07566642 -0.30003779 -0.663473
 -0.0419275   0.0583329   0.56672545  0.10605078 -0.5110594  -0.01462132
 -0.30838908 -0.60756187  0.04738264  0.36829447  0.06708941  0.25329691
 -0.23847226 -0.17260536  1.2415484  -0.17402721 -0.7490859   0.33210735
  0.13873095  0.27020774 -0.97738195  0.47048614  0.58301524  0.16723662
 -0.01072916  0.11638411  0.37877084 -0.19144483  0.02111786 -0.09485744
  0.15990123]",55,
145,10,2,1,0.9753814084596235,,,"[-0.27575427 -0.95503742 -0.86909163 -0.7109271  -0.23231261  0.20840647
  0.0920506   0.18700342 -0.9615637   0.1541294   0.60328926  0.73479552
  0.4692022  -0.18376517 -0.15882769  0.17867839 -0.44227231  0.14474583
  0.56459404  1.26703364  0.93685629  0.24540887 -0.39566304 -0.48543622
 -0.29908184  0.2429188   0.45719334  0.49057973  0.19602046 -0.3852177
 -0.25584457 -0.35719551 -0.18550647  0.41146851  0.01765291  0.31031519
 -0.3088446  -0.3856958   0.89899297  0.03889394 -0.59255692  0.24992224
  0.19617047  0.09631959 -0.50108758  0.39038838  0.64420738 -0.01395849
 -0.54876005 -0.18837428  0.30103954  0.11599947  0.23336347  0.00728041
 -0.00213953]",55,
165,10,2,1,0.9079052291984482,,,"[-0.33310159 -0.84248754 -0.6987526  -0.95971112 -0.21170109 -0.21480623
  0.22238508  0.12665176 -0.82766926  0.08280091  0.50137668  0.48311499
  0.41759751 -0.14762428 -0.12383245  0.08545629 -0.09942936  0.22490545
  0.59049003  1.10225902  0.96330902  0.09112878 -0.32258117 -0.4967941
 -0.16376172  0.17801543  0.4037178   0.70791513 -0.02466778 -0.08556248
 -0.17896833 -0.45294341 -0.16347291  0.19980356  0.09647457  0.16595406
 -0.06799747 -0.39373431  0.74527892  0.18862403 -0.29924447 -0.05877187
  0.31465779  0.25501365 -0.45632312  0.2723174   0.5349111  -0.04936082
 -0.19501345 -0.09010157  0.29209985 -0.09386128  0.15553236 -0.05180595
 -0.01097936]",55,
185,10,2,1,0.8930814821759009,,,"[-0.28105494 -0.69756153 -0.72390792 -0.93275311 -0.02028038 -0.19561239
  0.22465942  0.11434716 -0.65083831  0.03765739  0.38589777  0.21436838
  0.83708037 -0.42379077 -0.28549183  0.27134619 -0.08045165  0.10173513
  0.52141523  0.98280219  0.95258238  0.06296799 -0.22234793 -0.52630887
 -0.26062888  0.23149553  0.3592808   0.6173671   0.08416949  0.11116744
 -0.15383685 -0.4168672   0.11734548  0.11033525  0.01058346 -0.2429432
  0.1079666  -0.29479419  0.39465314  0.30064369 -0.18321139 -0.04728791
  0.17282186  0.34876628 -0.47700393  0.07895704  0.65977298  0.1207266
 -0.12225238 -0.02494845  0.05568684 -0.02216088  0.04687396  0.08993735
  0.01249327]",55,
205,10,2,1,0.8938804313760442,,,"[-0.11131745 -0.71751926 -0.86588238 -0.84642456  0.20139215 -0.11021098
  0.22084413  0.13464541 -0.52923651 -0.12599966  0.41836686  0.34720274
  0.76058144 -0.5195671  -0.32451459  0.08933108 -0.22035421  0.09344055
  0.58053074  0.90045979  0.84787838  0.10107713 -0.23105492 -0.40152135
 -0.11598913  0.11032342  0.26707555  0.59555849  0.18111773  0.08117752
 -0.01032587 -0.13922422 -0.04874537  0.00871563 -0.08024114 -0.11021859
  0.1265823  -0.38330869  0.37033781  0.36445797 -0.18406079 -0.22365934
 -0.04302803  0.38411827 -0.46358976  0.03472606  0.58720212  0.13397999
 -0.1038348  -0.1512854   0.09455391  0.12863705  0.04019662  0.20132477
  0.01664681]",55,
225,10,2,1,0.8998979092320093,,,"[ 3.63632294e-01 -6.01232484e-01 -9.97413543e-01 -6.73890496e-01
  2.91383141e-01  5.98456320e-02  1.80545444e-01  4.71713271e-02
 -3.63581837e-01 -2.91091087e-01  2.82382801e-01  1.98431041e-01
  6.26573063e-01 -6.49765581e-01 -2.17568493e-01  5.17494483e-02
 -4.02065431e-01 -1.90469423e-02  4.78522207e-01  1.02878901e+00
  7.70598080e-01  2.86820598e-02 -3.00950347e-01 -4.32011459e-01
 -9.14414804e-02  4.86436100e-03  3.37435461e-01  6.37663993e-01
  2.86721048e-01 -5.18194965e-03 -3.85300345e-02 -8.53997737e-02
  5.00697955e-02  2.30892177e-04 -2.70906742e-01 -1.88644085e-02
  1.19646687e-02 -4.65814550e-01  3.16055637e-01  4.88641016e-01
 -2.09684805e-01 -1.76309653e-01  3.91264051e-02  2.60628026e-01
 -3.91110464e-01 -7.89428908e-03  5.14316474e-01  3.28034282e-02
 -1.08913596e-01 -9.92037038e-02  1.79665889e-01  1.67245446e-01
  1.23563779e-01  2.88103132e-01 -2.88008757e-02]",55,
245,10,2,1,0.9077551361143879,,,"[ 0.13203977 -0.69675806 -1.24580183 -0.58287191  0.06555862  0.21929105
  0.2249917   0.01227137 -0.46189794 -0.32296329  0.23415408  0.15765719
  0.50247167 -0.45947442 -0.14975968  0.09674041 -0.31435006  0.16964431
  0.50846537  1.14791576  0.59419808  0.15561238 -0.30179639 -0.41475917
 -0.09112193  0.08997742  0.40456904  0.69341262  0.28080463  0.00362098
  0.01317586  0.05892018  0.13656262  0.08106446 -0.1540334   0.11876645
 -0.07945968 -0.44755246  0.43209796  0.41035113 -0.31391961 -0.04784214
  0.0968201   0.1405759  -0.29140935 -0.13354066  0.52597997 -0.05057559
 -0.24067597 -0.24541461  0.17655772  0.11073326  0.10008772  0.20079867
  0.01965136]",55,
265,10,2,1,0.895504991651813,,,"[ 0.30588809 -0.59574535 -1.02816032 -0.47368501  0.11533237  0.33117797
  0.40808352  0.15492809 -0.34330304 -0.18982396  0.10721937 -0.01159475
  0.41279961 -0.28192391  0.07370927 -0.04834048 -0.47092203  0.26798029
  0.43766014  1.17231723  0.74184751 -0.00675249 -0.40755572 -0.37143346
  0.00779326  0.00740116  0.33878537  0.75543461  0.12480735 -0.13411451
  0.00600122  0.14202688 -0.0056256   0.04760049 -0.30550183  0.04552169
 -0.09530669 -0.43569415  0.37438021  0.27535779 -0.11761096 -0.09784392
  0.02107447  0.16412178 -0.16088884 -0.28221801  0.40509758 -0.00714998
 -0.19754743 -0.23478572  0.11220849  0.02486378  0.07448883  0.07985775
  0.03152891]",55,
285,10,2,1,0.9016595889623403,,,"[ 0.13554945 -0.6068758  -1.07917184 -0.39830924  0.13550082  0.51165658
  0.38896371  0.01469813 -0.38168552 -0.0829103   0.21402226  0.10145546
  0.38395375 -0.30354449  0.13956272  0.0382954  -0.40031397  0.43478994
  0.26857275  1.24010219  0.68075249  0.08495961 -0.47805826 -0.42752003
 -0.0208612   0.03853882  0.30012257  0.71046715  0.20161715 -0.30755166
  0.00848333  0.18373223 -0.01782974  0.07418337 -0.34975141  0.02433479
 -0.03910947 -0.26102693  0.34042375  0.18407405 -0.0624951  -0.20079989
 -0.03284896  0.30147271 -0.27206659 -0.32353028  0.2872135  -0.20739788
 -0.10872837 -0.07497181  0.05925163  0.04045846  0.07349483  0.13895192
  0.01805318]",55,
305,10,2,1,0.8944779258581838,,,"[ 0.14841797 -0.53362086 -0.89949161 -0.47339739  0.08014717  0.62851037
  0.40163275 -0.01809614 -0.42137548 -0.01135229  0.15130853 -0.00796487
  0.48058219 -0.26174081  0.11084562 -0.0209789  -0.31900327  0.43610245
  0.22961961  1.2403531   0.71117324  0.03967352 -0.45645909 -0.4248897
 -0.08711573  0.09655507  0.27695505  0.69107786  0.23615176 -0.39254311
  0.01686128  0.09612545 -0.05946312  0.05594053 -0.34388439 -0.03130434
 -0.08497171 -0.19006926  0.37031509  0.14224487  0.00911675 -0.17707777
 -0.05661097  0.31097049 -0.20644072 -0.38115434  0.29831123 -0.2346617
 -0.20229719 -0.06706625  0.13567417  0.05571353  0.06976052  0.12451088
 -0.00380815]",55,
325,10,2,1,0.8874004808099659,,,"[ 0.11015668 -0.55700864 -0.86347665 -0.56514731  0.16653336  0.57459698
  0.35313047  0.01013926 -0.34271747  0.04749707  0.09994857 -0.0342025
  0.53976461 -0.16729508 -0.01993258  0.03481685 -0.314627    0.46158839
  0.26989124  1.21128616  0.70442538 -0.0459096  -0.41531025 -0.35136642
 -0.02758667  0.10004898  0.19046798  0.69976288  0.16161821 -0.27218949
  0.03283027  0.07867965 -0.10962968 -0.00132234 -0.33841012 -0.03955211
 -0.10324488 -0.11263375  0.33518758  0.13951838 -0.0061327  -0.13742185
 -0.09480718  0.19742655 -0.22475022 -0.41840412  0.31367431 -0.10983536
 -0.17169318 -0.10561163  0.1780264   0.10588925 -0.0246299   0.09123844
 -0.05590721]",55,
345,10,2,1,0.8899940754146985,,,"[-4.65951960e-03 -6.63797032e-01 -9.67006141e-01 -5.88908861e-01
  4.98696681e-02  5.55851672e-01  3.10071810e-01 -1.56796039e-01
 -4.66310021e-01 -1.46326371e-01  1.34587322e-01 -1.06468409e-02
  4.79989397e-01 -1.11439667e-01 -2.86723623e-02  1.91811100e-02
 -2.22351159e-01  4.61047859e-01  3.27943930e-01  1.22643540e+00
  7.36635805e-01  2.47823455e-02 -4.85150797e-01 -2.74617323e-01
 -5.02073534e-02  1.40866190e-01  2.39901104e-01  7.46609180e-01
  1.64976271e-01 -2.13064322e-01  3.55083399e-02  1.01332260e-01
 -8.24564374e-02  6.29003323e-03 -3.69341476e-01 -4.12166240e-02
 -9.19517786e-02 -9.35354437e-02  3.75787188e-01  1.45626952e-01
  4.38736154e-02 -2.13042607e-01  4.27480297e-04  2.16282208e-01
 -1.60802448e-01 -3.94903278e-01  2.39289574e-01 -5.98921986e-02
 -1.34770052e-01 -2.71649889e-02  1.55029581e-01  1.22336845e-01
  2.32219277e-02  1.68306214e-01 -1.83054671e-02]",55,
365,10,2,1,0.866157046002026,,,"[-0.07892411 -0.5806659  -0.82176213 -0.59067749  0.12048619  0.49014517
  0.20681889 -0.17058379 -0.41511848 -0.22245645  0.09638911 -0.0443734
  0.46864611 -0.14201084 -0.02465596  0.03945386 -0.11721756  0.36583006
  0.41349507  1.16158843  0.71797933 -0.05859562 -0.42409218 -0.18930357
 -0.07464181  0.19543819  0.20202967  0.7180624   0.04835424 -0.19342547
  0.06555019  0.06624795  0.04247568 -0.04750607 -0.2705868  -0.03018555
 -0.12869477 -0.09889383  0.27428377  0.17832705  0.07030381 -0.17924739
 -0.03826358  0.15696201 -0.09639249 -0.35890342  0.21327941 -0.06506065
 -0.13375508  0.00664979  0.05844526  0.16341823  0.03367879  0.15802825
 -0.03272189]",55,
385,10,2,1,0.8494978839142726,,,"[-0.05665741 -0.56777797 -0.74925955 -0.66366198  0.14190153  0.50350202
  0.25198435 -0.011946   -0.45321831 -0.07263759  0.1369551  -0.02377294
  0.43144436 -0.11943277 -0.11573126  0.08297888 -0.18497851  0.3802337
  0.34860916  1.20671457  0.81062263 -0.12695402 -0.45567308 -0.17836611
 -0.13779421  0.27740355  0.09331625  0.79258196 -0.06812297 -0.22382771
  0.02678243  0.0037766   0.1100554  -0.08355046 -0.26518411 -0.07126799
 -0.02395618 -0.13693579  0.32060477  0.05754417  0.17419669 -0.22586328
 -0.02756853  0.11479898 -0.01036943 -0.35023646  0.26421542 -0.09579838
 -0.1340551  -0.07518178  0.10210237  0.08393643 -0.03925793  0.17536608
 -0.11558752]",55,
405,10,2,1,0.8468988736941236,,,"[-1.50665869e-01 -6.39393817e-01 -7.75310214e-01 -7.72042269e-01
  1.27879833e-01  5.26537606e-01  1.19252692e-01 -9.55318218e-02
 -4.08062129e-01  9.31749808e-02  2.41765557e-01  6.85723516e-02
  5.44238697e-01 -1.01892016e-01 -1.18918836e-01  1.23441241e-01
 -1.38060421e-01  3.22576939e-01  2.61124170e-01  1.19552964e+00
  8.94816912e-01 -7.20805900e-02 -4.38177226e-01 -9.11824169e-02
 -1.53397015e-01  2.59405999e-01  7.06343528e-03  8.28023033e-01
 -1.79052800e-04 -2.97983932e-01  1.79677356e-02  5.10412768e-02
  1.02478024e-01 -8.08238307e-02 -1.95650899e-01 -5.42589470e-02
  5.91210128e-02 -1.46021790e-01  2.90127658e-01 -2.21904767e-02
  1.87750019e-01 -2.38748945e-01 -1.16221441e-02  6.10796445e-02
 -5.56341956e-02 -3.08419467e-01  2.81540175e-01 -1.16647604e-01
 -1.98836434e-01  9.88667686e-03  7.66748037e-02  6.98663926e-02
 -4.56180031e-03  1.64054532e-01 -5.06674634e-02]",55,
5,10,2,2,0.7272495743284219,,,"[-0.01795437 -0.0221555  -0.02192252 -0.00420113 -0.00139036 -0.04407802
 -0.00420113 -0.0053585  -0.04407802  0.00115738 -0.01795437 -0.02331288
  0.         -0.01795437 -0.02331288  0.         -0.02331288 -0.02331288
  0.0053585  -0.04407802 -0.00420113 -0.00139036 -0.04407802 -0.00420113
 -0.027514   -0.04407802  0.00115738 -0.02076514 -0.02331288 -0.04407802
 -0.02076514 -0.02192252 -0.04407802 -0.02076514  0.01656402 -0.02076514
 -0.00420113 -0.00420113 -0.02076514 -0.00420113 -0.02331288  0.01656402
 -0.00674886 -0.02331288  0.02192252 -0.02076514 -0.04407802 -0.04407802
 -0.02076514 -0.00420113 -0.02076514 -0.00420113 -0.04407802 -0.00420113
 -0.02076514]",53,
25,10,2,2,0.8542134328928558,,,"[ 0.26665049 -0.14959117 -0.10874817 -0.45321115  0.3559712   0.25320525
 -0.15272111 -0.05153351  0.05950199 -0.08350569 -0.5146893  -0.3128369
 -0.19944394 -0.32074626  0.34399241  0.29065314 -0.53678407  0.38686397
  0.17171507  0.34909584  0.22391857  0.07014502 -0.34511341  0.02021163
  0.52382867 -0.51886956 -0.10348057 -0.08769815 -0.17872392 -0.0989539
  0.03327802 -0.21860208 -0.16162412 -0.18662989 -0.03492    -0.0396278
 -0.31102641 -0.20506088  0.32511739 -0.13285742  0.05421386  0.05233968
 -0.17724727 -0.11954229 -0.07135253  0.1989914   0.06020238 -0.22492932
 -0.21382414  0.36700012  0.04636119 -0.01997552  0.21894788 -0.04581541
  0.13782275]",55,
45,10,2,2,1.3728866763981182,,,"[ 2.18896811  0.16450993 -0.53665437 -0.77554906 -0.39538938  0.30750218
 -0.08649755 -1.22185468  0.54539391 -0.29990497 -0.96234367 -1.60459721
  0.1209022  -0.49782179  0.35090119 -0.89900702 -0.3854408   0.13901139
 -0.52901565  1.56287864 -0.13942205 -0.20677441  0.20953157 -0.23899218
 -0.49325355 -0.08435693 -0.98089544 -0.14353084 -0.62199907  0.20911507
 -0.08077729  1.00804787 -0.75920072  0.08609816  1.04993946 -1.0652753
 -0.79040841  0.03598986  1.68462708  0.06481866 -0.78296839  0.66812246
  1.01738845 -1.20252078  0.76820608 -1.17826303 -0.25350852  0.03052744
  0.51985966  1.35484391  0.2468586   0.30906095  0.8074148  -0.55439927
 -0.93182787]",55,
65,10,2,2,2.8207407386244525,,,"[-1.22497443 -0.80007592 -1.86097798 -1.70866652  1.87578864  1.07879126
 -2.49569043 -3.23717716 -1.64059209 -0.61627738 -0.48103407 -0.50795415
  0.23504169  0.02147198  0.92606754  1.64201946  2.382727    3.35070823
 -3.28132268 -0.469764    0.43689355  0.87540033  1.39990245  0.30500471
 -0.08112842 -0.04304386  0.12146128  2.62347338 -1.10627729 -0.26959281
 -1.57497931  2.83719369  0.67161643 -0.0264219  -2.37960108  0.84052314
  1.41439227  1.17754823  1.28730154 -1.77054492 -1.3995874  -0.41827213
 -1.04334842 -1.45590241  0.93895032 -1.34765012 -0.04346458 -2.75549348
  0.06355406  0.36209932 -3.27359613  4.64543057 -0.28842535  0.18643172
  2.20387726]",55,
85,10,2,2,1.8194574756353108,,,"[-1.39712874e+00 -9.04727332e-01 -8.53120557e-01 -1.87889602e+00
  7.81428287e-05  7.03664695e-01 -8.61197479e-01 -1.36232534e+00
 -1.40246022e+00 -6.75669606e-01  2.68733238e-01  5.07877947e-01
  1.15443719e+00 -3.53193190e-01  1.17918614e+00  7.24586079e-01
  1.27744334e-01  5.97494814e-01 -2.66240534e-01 -2.75208031e-01
  1.17904073e+00  9.93641335e-01  7.29518280e-02 -2.15919464e-01
 -3.00596648e-01  3.26361977e-02  5.78601067e-01  6.83364503e-01
  3.21590219e-03  4.24663114e-01 -4.63398153e-01  4.63793296e-01
  9.57878260e-02  1.52568677e-01  2.71005938e-01  3.62556708e-01
  1.29059813e-01  9.45748149e-01  2.22099927e+00 -1.80490889e+00
  3.59710670e-01 -8.17403892e-01 -4.20273966e-01  2.98658052e-01
 -2.69438735e-01 -1.76478887e+00 -5.01710733e-01 -6.14638574e-01
 -9.42550871e-02  1.06758115e+00 -9.47338858e-01  2.27543393e+00
 -4.87359686e-01  5.66103586e-01  1.36919763e+00]",55,
105,10,2,2,1.2204256313689195,,,"[-1.1207415  -0.62698679 -1.35971283 -1.48913945 -0.30388682  0.23115507
 -0.58758875 -0.85571936 -0.49527658 -0.19804164  0.09867087  0.27081287
  0.89431389 -0.39171701  0.73592385  0.59127006 -0.36980404  0.60681545
  0.03520756  0.91638912  0.74949207 -0.07549877 -0.77091315  0.02914187
  0.02163108 -0.33268126  0.67372468  0.74912202  0.66216415  0.12566469
  0.1325296   0.15219976 -0.07284793 -0.04002256  0.15716686 -0.18120078
 -0.02307439  0.13264011  1.09584977 -0.25924999 -0.54961399  0.07533661
 -0.04064355  0.43213597 -0.62517392 -1.22754245  0.62163734 -0.03220702
  0.24912152  0.48974485 -0.43174966  1.03557649 -0.04900078  0.35688015
 -0.06685237]",55,
125,10,2,2,1.0804146331269135,,,"[-1.13208391 -0.68009837 -0.7580656  -0.88259656  0.31583135  0.75003541
 -0.25821871 -0.55463093 -0.30112595  0.63035589  0.46014255  0.53075304
  0.77149801 -0.76666849  0.01166255  0.90147709 -0.22783969  0.2049897
  0.37742644  1.38632694  0.72169124 -0.20901093 -0.85891366  0.29207157
 -0.05284501 -0.07966487  0.17140412  0.57908195  0.38164609 -0.21167685
  0.0993254  -0.15116244  0.06898633 -0.6369017  -0.13148863 -0.39405626
  0.02937784  0.21281237  0.87237986 -0.40256884 -0.11962379  0.04641355
 -0.37565367  0.54992378 -0.59848526 -0.99588869  0.53516876 -0.1012679
  0.29103936  0.08633192 -0.02808054  0.29821099 -0.08783353  0.49674675
 -0.44635043]",55,
145,10,2,2,1.0296796807440427,,,"[-0.72969508 -0.31980485 -0.74351078 -0.8247148   0.49298391  0.79997563
 -0.02700138 -0.42173803 -0.46269932  0.6537151   0.46617586  0.47288606
  0.68585465 -0.66459757  0.1009156   0.68647428 -0.37091772  0.47953991
 -0.00863906  1.08393513  0.61305711 -0.33693968 -0.76175093  0.10181675
 -0.02724467 -0.29743546  0.21444004  0.61744097  0.10188731 -0.37223137
  0.07804925  0.01350463  0.08312465 -0.36809969 -0.1226889  -0.21748946
 -0.26803038  0.07956525  0.72683417 -0.11637758 -0.08483901  0.05870843
 -0.25154701  0.27964862 -0.65320638 -0.84109408  0.55490912 -0.15095162
 -0.08287989 -0.13820399  0.02089227  0.48241545  0.15531727  0.46268124
 -0.49533182]",55,
165,10,2,2,0.9870994825783947,,,"[-0.93641945 -0.49248587 -1.00194119 -0.95072033  0.18681441  0.43239764
 -0.15433977 -0.86175666 -0.40854421  0.80552307  0.62713782  0.70297179
  0.83256155 -0.50167804  0.10631221  0.5728855  -0.20822984  0.38023359
 -0.01983061  1.35626489  0.6624589  -0.18085745 -0.71543645  0.15645348
  0.03058673 -0.14867889 -0.12453317  0.72512976  0.30597135 -0.33304338
  0.11654926  0.17356907 -0.14228134 -0.46367723 -0.00989758 -0.13712213
 -0.20259651  0.19779497  0.58439855 -0.14984511  0.14544745 -0.12285765
 -0.1502453   0.24574707 -0.51274558 -0.67819892  0.48674972 -0.09891074
  0.16090005  0.08321769  0.06515863  0.37981234  0.4046844   0.41667527
 -0.56420263]",55,
185,10,2,2,0.947856611386278,,,"[-0.83897312 -0.75425813 -0.76139387 -0.66327983  0.62427656  0.32738302
  0.08420749 -0.31620523 -0.14092783  0.24564098  0.71071967  0.49074763
  0.82687395 -0.61954748  0.21124327  0.56913555 -0.4168386   0.15626782
  0.4917428   1.55597824  0.83332842 -0.2260185  -0.68310599  0.0478376
 -0.17367336  0.05510616  0.09804629  0.61710238  0.09090785 -0.1369104
  0.09310487 -0.17500726 -0.21928728 -0.24573362 -0.29037577 -0.32413963
 -0.30939461  0.22960552  0.4546624  -0.02662712  0.04657852 -0.26559444
 -0.08513957  0.14344774 -0.39474993 -0.57211552  0.48467164 -0.0943195
  0.07008578 -0.04840201  0.27432564  0.31755756  0.17735998  0.2729096
 -0.54551648]",55,
205,10,2,2,0.9192257434127572,,,"[-0.52775319 -0.65664344 -0.8133399  -0.86384516  0.41846207  0.08692653
  0.25301633 -0.08511416 -0.03602904  0.04975709  0.74547348  0.42831062
  0.8185214  -0.64271206  0.12182582  0.42851037 -0.39227249  0.05281385
  0.35236798  1.49774029  0.91720114 -0.17136751 -0.68075598 -0.17572673
 -0.28531169 -0.05614016  0.13074314  0.70724129  0.1358361  -0.0946144
 -0.01855404 -0.22774177 -0.32133857 -0.05701851 -0.2946837  -0.18032021
 -0.39176058 -0.0329914   0.5768054   0.15500376  0.11000061 -0.12227032
 -0.00581576  0.16682812 -0.44375588 -0.36724108  0.61680603 -0.16196066
  0.08197872  0.08135471  0.20051311  0.29341649  0.15764423  0.1539726
 -0.501268  ]",55,
225,10,2,2,0.9156427976945349,,,"[-0.4789768  -0.73270662 -0.87363499 -0.95677264  0.35108953  0.1201345
  0.41581308  0.00880653 -0.09981082 -0.03276876  0.77685182  0.40772334
  0.81352602 -0.58540031  0.10641829  0.35368063 -0.46474732  0.05850442
  0.33865056  1.49341401  0.97493091 -0.051343   -0.61355773 -0.29368628
 -0.35449691  0.01555958  0.19067651  0.81746587  0.16705119 -0.0533097
 -0.07851025 -0.34981333 -0.2345639   0.01107663 -0.26628533 -0.15837045
 -0.43006555 -0.02437301  0.57277341  0.16595175  0.14153031 -0.21790275
 -0.0022955   0.20083251 -0.37698101 -0.4528827   0.5792512  -0.0670059
  0.01921185  0.18306027  0.13484396  0.25405202  0.05562508  0.18256134
 -0.44526287]",55,
245,10,2,2,0.875401914913835,,,"[-0.50206323 -0.65521792 -0.8273768  -0.85699253  0.24472766  0.22428993
  0.49434789  0.05825642 -0.1827359   0.03626322  0.59863509  0.28358119
  0.66518513 -0.40664034  0.08714746  0.35709713 -0.21389816  0.18947353
  0.20629018  1.37558112  0.9294203   0.06125408 -0.49208251 -0.32349413
 -0.45153875  0.17428439  0.08587617  0.9675211   0.08237315 -0.1252864
 -0.02630212 -0.40612976 -0.09884424  0.08734916 -0.2713754  -0.09428119
 -0.42190429 -0.04958277  0.38234714  0.11780055  0.16394227 -0.23190001
 -0.00369357  0.29926134 -0.20722137 -0.51380377  0.49738778  0.05038316
 -0.10843776  0.10478919  0.00320719  0.1788383  -0.00914433  0.2228786
 -0.44617376]",55,
265,10,2,2,0.8706816008806078,,,"[-0.47270109 -0.57318369 -0.77282798 -0.92006853  0.32070394  0.32090485
  0.54001582  0.09634921 -0.15107228 -0.10829978  0.56506767  0.23924415
  0.67452644 -0.38364988  0.09904269  0.31781702 -0.22821766  0.18150887
  0.29654118  1.35701184  0.98352289  0.01494017 -0.56954125 -0.41321714
 -0.40475927  0.1537236   0.09344288  0.97601192  0.08055749 -0.21081923
 -0.11562035 -0.35747689 -0.11291358  0.12156462 -0.34001807 -0.08602431
 -0.29251736 -0.05841609  0.42619702  0.03754859  0.15557658 -0.27793879
 -0.01158353  0.29840764 -0.19387541 -0.499673    0.41116767 -0.06369693
 -0.01278263  0.05056225 -0.07332954  0.25407736  0.05837854  0.17895315
 -0.35496278]",55,
285,10,2,2,0.8653370587869478,,,"[-0.26324076 -0.60836624 -0.76879079 -0.87992504  0.26737704  0.24010178
  0.39423838  0.00568082 -0.20089967 -0.06567085  0.50631906  0.14244507
  0.67704834 -0.45183459 -0.04133088  0.18025405 -0.1874103   0.16998458
  0.2817658   1.39712874  0.98690916 -0.03103399 -0.52647295 -0.34292785
 -0.31866032  0.09220674  0.09668273  0.96113508 -0.00437602 -0.25794364
 -0.11897696 -0.15240867 -0.10735244  0.07018178 -0.38234111 -0.04650252
 -0.25332913 -0.16619703  0.34291441  0.03142422  0.22271312 -0.1277467
 -0.07004945  0.46470126 -0.14387209 -0.39920503  0.45470135  0.09941969
 -0.01081607  0.1282649   0.03377965  0.26667653 -0.06240489  0.05763874
 -0.34827641]",55,
305,10,2,2,0.842523592963492,,,"[-0.27754014 -0.75881086 -0.83119906 -0.91887352  0.29425028  0.26276774
  0.21735696 -0.20454495  0.02842873  0.07935475  0.53767278  0.14031973
  0.64389913 -0.41851597 -0.05101547  0.1790313  -0.01178061  0.21066917
  0.21899847  1.39094117  1.01073084 -0.03544313 -0.46611823 -0.15061367
 -0.14729904  0.01074573 -0.04703203  0.90827153  0.03729812 -0.23738715
  0.08527868 -0.02775986 -0.19770492 -0.07895408 -0.279834   -0.01335506
 -0.03006389 -0.11254909  0.30791729 -0.1119522   0.2165243  -0.14444117
 -0.10745142  0.26097288 -0.11488517 -0.27946706  0.44061939 -0.01887129
 -0.12272811  0.08753925 -0.18863236  0.1533957  -0.17216209  0.19701388
 -0.07890004]",55,
325,10,2,2,0.857295422706261,,,"[-0.19622396 -0.59675858 -0.69911884 -0.87140321  0.28450661  0.32275204
  0.20132104 -0.06829121 -0.07178232  0.00499511  0.42627329  0.08865988
  0.57412973 -0.35824554 -0.07397078  0.22585578 -0.03425938  0.22584883
  0.25847089  1.34327902  0.98637839 -0.07182891 -0.48386659 -0.11076054
 -0.27267564  0.01448242 -0.03548948  0.93369723 -0.01206445 -0.23651504
  0.07554413 -0.13173129 -0.15147798 -0.09510989 -0.25822827 -0.01660318
 -0.02434205 -0.12663909  0.28996251 -0.10370671  0.20227623 -0.19867342
 -0.08106378  0.2470998  -0.07397356 -0.36598347  0.38717256  0.00223649
 -0.14380778  0.13553818 -0.18786559  0.17577853 -0.1817711   0.24502567
  0.0226543 ]",55,
345,10,2,2,0.8432859807832978,,,"[-0.18969759 -0.5991833  -0.63750433 -0.92002351  0.32027283  0.40129781
  0.14757953  0.01765451 -0.16742664  0.09363374  0.37530808  0.0274172
  0.69746295 -0.27402183 -0.1105433   0.16490542 -0.11009106  0.24555635
  0.2774965   1.27876986  1.0066479  -0.16340628 -0.41408112 -0.09868876
 -0.24728716  0.07988327 -0.02833046  0.9178868  -0.02526163 -0.26172814
 -0.008078   -0.12568723 -0.05413807 -0.10243132 -0.32231609 -0.02135703
  0.04857988 -0.12257271  0.24415428 -0.10519176  0.15003299 -0.16028868
 -0.06521931  0.19785697 -0.06916611 -0.37332843  0.35783882  0.01616308
 -0.18318081  0.10777994 -0.05989837  0.1950008  -0.13558804  0.164736
 -0.04093639]",55,
365,10,2,2,0.8414203907445085,,,"[-0.16519876 -0.60280531 -0.66462496 -0.88424225  0.31166723  0.39978161
  0.13717087  0.04030379 -0.21559959  0.12555424  0.36606141  0.03639346
  0.66912631 -0.23143171 -0.08416347  0.10867777 -0.14426808  0.27461522
  0.24693143  1.27036329  1.04940775 -0.14917264 -0.42030234 -0.14039097
 -0.23196138  0.17278191 -0.10489144  0.92658108 -0.02032727 -0.259368
 -0.03749742 -0.09648672 -0.00304176 -0.102324   -0.31668251 -0.02930496
  0.07148684 -0.14828732  0.27849117 -0.18513143  0.1712825  -0.15386391
 -0.07845298  0.09069003 -0.01850241 -0.35955344  0.34401089 -0.03213095
 -0.14528735  0.14863662 -0.04638365  0.20706556 -0.10779997  0.13312872
 -0.01998556]",55,
385,10,2,2,0.8434793954220265,,,"[-0.14776623 -0.57064239 -0.67113701 -0.86828667  0.24905972  0.48155298
  0.18207422  0.02693708 -0.36355527  0.07802429  0.22279134  0.01525556
  0.5902424  -0.15405815 -0.12483008  0.11116248 -0.11630366  0.33611074
  0.28658628  1.26500331  0.95660398 -0.13230021 -0.42020834 -0.1385283
 -0.23540382  0.25903369 -0.04753328  0.93818559 -0.07927763 -0.28302578
 -0.02568442 -0.01591067  0.06613324 -0.0755185  -0.16990541 -0.04646719
  0.05420437 -0.14858843  0.29722951 -0.13637049  0.16095275 -0.18069991
 -0.00937409  0.00847816 -0.02970498 -0.35788376  0.27399477 -0.04043178
 -0.14851359  0.0629083   0.02380341  0.10346513 -0.10615532  0.1324097
  0.01414823]",55,
405,10,2,2,0.8468988736941253,,,"[-1.50665869e-01 -6.39393817e-01 -7.75310214e-01 -7.72042269e-01
  1.27879833e-01  5.26537606e-01  1.19252692e-01 -9.55318218e-02
 -4.08062129e-01  9.31749808e-02  2.41765557e-01  6.85723516e-02
  5.44238697e-01 -1.01892016e-01 -1.18918836e-01  1.23441241e-01
 -1.38060421e-01  3.22576939e-01  2.61124170e-01  1.19552964e+00
  8.94816912e-01 -7.20805900e-02 -4.38177226e-01 -9.11824169e-02
 -1.53397015e-01  2.59405999e-01  7.06343528e-03  8.28023033e-01
 -1.79052800e-04 -2.97983932e-01  1.79677356e-02  5.10412768e-02
  1.02478024e-01 -8.08238307e-02 -1.95650899e-01 -5.42589470e-02
  5.91210128e-02 -1.46021790e-01  2.90127658e-01 -2.21904767e-02
  1.87750019e-01 -2.38748945e-01 -1.16221441e-02  6.10796445e-02
 -5.56341956e-02 -3.08419467e-01  2.81540175e-01 -1.16647604e-01
 -1.98836434e-01  9.88667686e-03  7.66748037e-02  6.98663926e-02
 -4.56180031e-03  1.64054532e-01 -5.06674634e-02]",55,
5,10,2,3,0.7577198864997712,,,"[ 0.02543528 -0.03492304  0.02543528  0.06035831 -0.02543528  0.02260913
  0.00282614  0.02543528 -0.01776432 -0.06035831 -0.03492304  0.02543528
  0.06035831  0.          0.02260913  0.00282614  0.02543528  0.00767096
 -0.03492304 -0.03492304  0.          0.         -0.03774918  0.00282614
 -0.03492304  0.00767096 -0.03492304  0.06035831  0.          0.02260913
  0.00282614  0.02543528  0.00767096 -0.03492304  0.          0.06035831
  0.          0.06035831  0.          0.          0.          0.
  0.         -0.02543528 -0.02543528  0.          0.02260913  0.00484481
 -0.03774918  0.00282614  0.00282614  0.00282614  0.00767096 -0.03492304
 -0.01776432]",43,
25,10,2,3,1.020589146917316,,,"[-0.00472931 -0.12249145 -0.15472462  0.02455171  0.15267062  0.17168609
 -0.01744799  0.25589233 -0.08620765  0.0150966   0.16254278  0.14059345
  0.76212722 -0.14532276 -0.46064486 -0.17275962 -0.01631472  0.1536949
  0.2645983   0.02416486  0.25306847  0.56585563 -0.28018588 -0.3263793
  0.16382705  0.00676313  0.13551287 -0.22650493  0.08448143  0.10588328
  0.03048992 -0.15428748  0.12130965 -0.04902811 -0.46705812 -0.53822084
 -0.52425334  0.95168506  0.41909713  0.24787587  0.61785802  0.19028565
  0.40496005  0.19047831 -0.16522552  0.61294394 -0.34189581 -0.16541233
 -0.18269263 -0.10973702 -0.54031819 -0.01710992  0.2786006   0.12526128
 -0.30874831]",55,
45,10,2,3,1.163970952031179,,,"[-0.30256416  0.21704172 -0.61559269  0.22154936 -0.17638492  1.132322
  1.33262292  0.25552562 -0.70283987 -0.05081189  0.17323085  0.90603354
  0.5444713  -0.5272936  -1.32050191  0.00283604  0.17182331  0.44913733
 -0.6183312   0.05092978 -0.19310977  0.62654215  0.20876645 -0.74096448
 -1.05565134  0.01424693  0.98125906 -0.15236962 -0.01992583 -0.27124799
 -0.66610275  0.23043307 -0.23976044  0.31505419 -0.90973113 -1.06984046
 -0.59165843  0.48543886  0.13741656  1.2633596   0.74092289 -0.06539859
  0.25271055  0.13394032  0.04244461  0.63928404  0.03000108 -0.13644665
 -0.92129932  0.08107141 -0.63912231 -0.64874718  0.33356216  0.01202862
  0.28210055]",55,
65,10,2,3,1.4642953944646495,,,"[-2.49143109  1.25807336 -2.37392682 -2.39330437  0.6484094   1.16893216
  0.73746721  1.48253246 -4.8755964   0.76565062 -0.81300237  1.50740372
  2.22782243 -0.73956664  0.08886359  0.03069352 -0.31968582  0.99104846
  0.57148442  0.34477729 -1.08151829 -0.45190856  0.25923649 -0.65546864
 -0.11558915  1.0444645  -0.49244586  1.61451277  0.23838383 -0.6327348
 -0.59634618 -0.50866966  1.56647878 -0.2678722  -1.43506929 -0.86824173
  0.26312865 -0.20366062  2.27082903  0.52916807  0.78977301  0.56465877
 -0.05935224  0.33606006 -0.52153721 -0.38083623 -0.49680704 -0.65053346
 -0.08477896  0.56177379 -0.22656154 -0.3046245   0.67540398 -1.28715741
  1.20076504]",55,
85,10,2,3,1.3433891307134325,,,"[-0.36664092  0.83997736 -0.77780241 -0.66273223 -0.09413522  0.83900707
  0.7966787  -0.22041703 -2.23405979  0.33129011 -0.58260228  0.66141723
  0.93525932 -0.65714682 -1.25454766 -0.67835205  0.2208764   1.02409342
  0.96756678  0.3907241  -0.97974235  0.84882101  0.36284751 -0.58770809
 -0.49877029  0.49865641 -0.60718393 -0.23286286  0.64033404 -0.52128905
 -0.24438721 -0.6414687  -0.71652107  0.94058147 -0.62561836 -0.47716885
 -0.11767403  0.67886421  1.71867761  0.31581775  0.16122129  0.13468738
 -0.41841648 -0.41341103  0.19757847  0.11765906  0.94138367  0.17032165
 -1.46801866  0.2449947  -0.20371917 -0.35922055  0.65408042 -0.59864311
  0.92056953]",55,
105,10,2,3,0.9895272139691759,,,"[-0.30580662  0.07471869 -1.12312665 -0.45812777 -0.48995152  0.34713688
  0.25660001  0.01094834 -1.68386623  1.25917681  0.17942086  0.7764191
  0.64811189 -0.08641335 -0.45379413  0.01948484 -0.36165188  0.86933226
  0.03569038  0.84149833 -0.186311    0.48430249 -0.34353092 -0.27994717
 -0.33459729  0.75721434 -0.53700096  0.14683347  1.01234256 -0.03508345
  0.03562978 -0.52204219 -0.15791945 -0.1603863  -0.38508718 -0.09426068
  0.25209327  0.31941465  1.14619376 -0.2791339   0.01865708 -0.22099158
  0.08563637  0.01031897 -0.12235444  0.12618459  0.64030822 -0.11940501
 -0.65235965 -0.08092535 -0.3098217  -0.33143904  0.30021629 -0.09958948
  0.35542419]",55,
125,10,2,3,0.9374576730597738,,,"[-5.29228893e-01  3.04451730e-01 -1.39840845e+00 -4.18893357e-01
 -2.62013159e-01  3.04392194e-01 -4.41196495e-01 -1.49183257e-03
 -1.64211566e+00  1.24951778e+00  8.12745421e-02  6.55753439e-01
  6.36860308e-01 -9.45443862e-02 -2.90623043e-01  2.48663420e-01
 -3.63404787e-01  9.62307189e-01  1.70182692e-03  4.92437709e-01
 -3.04547095e-01  1.14231098e-01 -1.41201924e-01  8.14091510e-03
 -2.83739402e-01  6.83521732e-01 -6.53698220e-01  6.01977873e-01
  5.81570738e-01  2.36597423e-01  1.56271600e-01 -1.57145944e-02
  1.99831085e-01 -4.52205484e-01 -1.70324906e-01 -4.96767233e-01
  3.92743549e-01  2.13420943e-01  1.04699159e+00 -3.63017418e-01
  1.58546164e-01 -1.42035131e-01  3.17181507e-01  2.90328176e-02
 -3.59494117e-01  1.49416857e-01  2.41891943e-01 -2.25008478e-01
 -3.90676269e-01 -1.37932117e-01 -1.88351485e-01  1.72727175e-02
  5.87627227e-02 -2.21581876e-02  2.78660855e-01]",55,
145,10,2,3,0.9756501673652827,,,"[-0.16195651  0.28646229 -1.13419044 -0.16016592 -0.14207274 -0.04009023
 -0.22481953  0.13632474 -1.44411449  1.24931812 -0.00950561  0.40157723
  0.36223878 -0.31374928 -0.0531503   0.43186042 -0.48305532  0.97931143
  0.02621344  0.61390654 -0.17486918  0.36454396 -0.25910324 -0.06022788
 -0.38072733  0.65039596 -0.80076803  0.5083876   0.67080353  0.21329033
  0.04175384 -0.09380322 -0.03997507 -0.48395703 -0.28975809 -0.25220629
  0.23423816  0.07119959  1.07289541 -0.27308942  0.06044601 -0.24944643
  0.4351776  -0.02284486 -0.60255176  0.34106005  0.35252359 -0.23126837
 -0.20879624 -0.21498065 -0.25858145  0.05942614  0.10843435  0.05074452
  0.37331299]",55,
165,10,2,3,0.8937602699075353,,,"[ 0.0036013  -0.10157181 -1.24901394 -0.33401944  0.12492791  0.1077323
 -0.47503768  0.16034757 -0.91328253  0.91084259 -0.01899508  0.69957421
  0.13982108 -0.24749209 -0.00493379  0.4820739  -0.51459599  0.56101229
  0.08532723  0.71273124  0.25661058  0.06796223 -0.09623348 -0.02265574
 -0.14223732  0.4418116  -0.60524369  0.91303274  0.18945345 -0.08799393
 -0.08834846  0.01426028 -0.24553708  0.1147738  -0.18309217 -0.4462766
  0.47539756 -0.17339921  0.49007142 -0.04446847  0.19922469 -0.38732011
  0.45336433  0.40666268 -0.6088818   0.27966269  0.22373307  0.06829308
 -0.43885358 -0.10277729 -0.10643913  0.26303242  0.08981896 -0.24764211
 -0.1921622 ]",55,
185,10,2,3,0.8821180747304805,,,"[-0.13950654 -0.24389515 -1.25286869 -0.42478032 -0.13252727  0.31262566
 -0.34973606  0.0326609  -0.83728312  0.99066799  0.09652008  0.44140479
  0.24229783 -0.17769648  0.08396151  0.57262837 -0.40163949  0.5280543
 -0.12312021  0.88970414  0.5154623   0.0370957  -0.34272846  0.05893957
 -0.1734736   0.46684317 -0.55678531  0.88801093  0.02788023 -0.07703408
  0.24352864  0.04481079  0.04426686  0.03104661 -0.27105814 -0.52545181
  0.41398134 -0.09278522  0.62560432 -0.25087611  0.50763934 -0.20077558
  0.34820916  0.33516337 -0.45472628 -0.17885707  0.28004494 -0.16393209
 -0.31354724 -0.09557839 -0.13515184  0.06939867  0.0386575  -0.12042511
 -0.19703094]",55,
205,10,2,3,0.8686877107235591,,,"[-0.26346079 -0.33053263 -1.42869199 -0.35766999 -0.09628138  0.42348096
 -0.42263278 -0.02965965 -0.80501878  0.87039529  0.12108855  0.45894884
  0.20904504 -0.13429211 -0.00346326  0.57015176 -0.30093538  0.71344893
 -0.24276969  0.9428539   0.50857271  0.00370474 -0.31643732  0.04918506
 -0.18184564  0.30127752 -0.27303373  0.91255621 -0.0225702  -0.06976164
  0.12772969  0.10161178  0.12584817  0.07294898 -0.22737966 -0.39835218
  0.49397236 -0.15247421  0.5523326  -0.40769904  0.43940903 -0.20012301
  0.2909907   0.33322724 -0.39280636 -0.20451098  0.28627428 -0.28146441
 -0.23884656 -0.16316312 -0.0627665   0.0765364  -0.00862969 -0.04630729
 -0.20459402]",55,
225,10,2,3,0.852864885926665,,,"[-0.28005832 -0.16965085 -1.09592664 -0.40645477 -0.00356149  0.46471831
 -0.29830681  0.00668656 -0.85841383  0.88035972  0.02980084  0.36304216
  0.30306491 -0.07628161 -0.04033868  0.47745558 -0.26464329  0.62463609
 -0.15700583  0.92111398  0.47035514 -0.03922609 -0.32892833  0.01672744
 -0.20353306  0.3783571  -0.34261847  0.7661425  -0.01814022 -0.22067807
  0.1620807   0.0918462   0.17627537 -0.04533258 -0.24618346 -0.4467696
  0.42357877 -0.17326477  0.59418695 -0.28623836  0.42468291 -0.20967752
  0.20145356  0.13109586 -0.28128822 -0.25838859  0.35638889 -0.16237062
 -0.22737851 -0.04797893 -0.09295612  0.01858891  0.01179851 -0.24141894
 -0.16417113]",55,
245,10,2,3,0.8211581166746612,,,"[-3.36372066e-01 -2.94703006e-01 -7.25958878e-01 -5.07857551e-01
 -1.64439501e-02  3.06991714e-01 -2.51622054e-01 -7.66195238e-02
 -7.26741551e-01  7.54270009e-01  1.60500171e-01  2.82340349e-01
  2.93700732e-01 -3.16617572e-02  2.34624783e-02  3.70367701e-01
 -2.00554350e-01  4.66599677e-01 -1.47711406e-01  8.78002893e-01
  5.04075604e-01  8.17609249e-03 -3.85690248e-01  6.88148279e-02
 -2.29098405e-01  4.43867125e-01 -3.17328737e-01  5.53715058e-01
 -5.80660250e-04 -3.56792379e-01  1.95416600e-01 -2.07793893e-02
  3.33645385e-01 -2.97194532e-01 -1.94887541e-01 -2.52714628e-01
  3.95505804e-01 -2.83133555e-02  5.35707542e-01 -2.74890766e-01
  3.79008996e-01 -2.03892813e-01  8.10058275e-02  9.25087090e-02
 -2.39507279e-01 -1.62630689e-01  3.93272097e-01 -1.77610072e-01
 -1.29858310e-01 -5.61971935e-02 -1.33604002e-01  4.36768470e-02
 -8.35497219e-02 -2.05440798e-02 -1.74534507e-01]",55,
265,10,2,3,0.806465575176357,,,"[-0.24544422 -0.32144966 -0.63441184 -0.42096924 -0.19331343  0.12806493
 -0.07421109 -0.05431995 -0.62443978  0.69046458  0.12831211  0.2133665
  0.25268872 -0.04214912  0.07613135  0.35983482 -0.20839136  0.45101991
 -0.12010065  0.88491895  0.40739406  0.10352412 -0.32591597  0.0494211
 -0.2430228   0.44599467 -0.26435159  0.45969114  0.14073426 -0.37027386
  0.10498811 -0.07625076  0.26150928 -0.29409621 -0.14608947 -0.10156428
  0.25800866 -0.05105386  0.52613416 -0.25026672  0.19897094 -0.14078441
  0.1161677   0.16383392 -0.26960198 -0.02558703  0.45799327 -0.11550836
 -0.09650492 -0.16112361 -0.23403032  0.01706649 -0.05503738  0.05136711
 -0.21767736]",55,
285,10,2,3,0.8136896403427579,,,"[-0.16494444 -0.2827901  -0.55441614 -0.41937336 -0.10208634  0.28082331
 -0.00360497  0.08112465 -0.52894687  0.49647125  0.10845082  0.19721337
  0.30165829 -0.08539319 -0.04325499  0.25687804 -0.21796941  0.45190996
  0.0294832   0.87691257  0.46296755  0.06718832 -0.32842521 -0.00690528
 -0.26164022  0.39658515 -0.23955764  0.54306618  0.08139405 -0.36503342
  0.08993853 -0.0686723   0.09760187 -0.30473141 -0.0921927  -0.11558625
  0.19524742 -0.12306418  0.54492228 -0.30863117  0.2033658  -0.22157221
  0.02802104  0.15670867 -0.21170186 -0.04785855  0.30485078 -0.21744064
 -0.04009629 -0.0931592  -0.20436356  0.11323146 -0.00403419  0.09293566
 -0.19538902]",55,
305,10,2,3,0.8122834765995202,,,"[-0.20542033 -0.32240707 -0.56823096 -0.5578995  -0.21689468  0.12375277
  0.17792651  0.01996311 -0.4075753   0.35693947  0.13407694  0.16351866
  0.34479989 -0.02218712 -0.03235675  0.22580223 -0.16604036  0.40443264
  0.11002832  0.86885421  0.52377226  0.06066341 -0.2668124  -0.06617275
 -0.27544253  0.32323344 -0.16999223  0.60138189  0.08622356 -0.28351497
  0.01270545 -0.06572688  0.08908325 -0.27302433 -0.10969479  0.0369511
  0.13856979 -0.02724488  0.42105359 -0.23456691  0.2369697  -0.26496798
  0.13585679  0.1366012  -0.06526281 -0.05121378  0.3232681  -0.20643273
 -0.10867887 -0.17758672 -0.21726027  0.09926504  0.01438415  0.1277951
 -0.14142714]",55,
325,10,2,3,0.8193815094358808,,,"[-0.22062685 -0.4360689  -0.61410657 -0.52359456 -0.09657425  0.16480807
  0.31133385  0.04687474 -0.39715611  0.3444759   0.23437408  0.18143845
  0.4583345   0.11546152 -0.14163225  0.12327186 -0.24550054  0.31578337
  0.15007269  0.9666524   0.63810854  0.13226132 -0.29752675 -0.1738034
 -0.31065261  0.28511351 -0.11931835  0.65297932  0.16293765 -0.17870807
 -0.08837145 -0.13062993  0.08446043 -0.20010828 -0.00167871  0.00339215
 -0.02772236 -0.0663704   0.30668021 -0.31941904  0.17995705 -0.43721435
 -0.04876752 -0.02137575 -0.05122304 -0.08715675  0.31440898 -0.17131077
 -0.04895492 -0.02781261 -0.02309719  0.04160946  0.10880857  0.09435049
 -0.14671072]",55,
345,10,2,3,0.8195444016953161,,,"[-0.12035699 -0.48713198 -0.65855271 -0.52876677 -0.13989355  0.26122748
  0.32155645  0.11876571 -0.32041392  0.33178694  0.18934151  0.14161364
  0.40029356  0.12579698 -0.12582144  0.07284663 -0.22042666  0.28734983
  0.12207984  1.03470427  0.67238358  0.18582411 -0.32053247 -0.15533645
 -0.32533796  0.26711044 -0.10618653  0.68047777  0.18635771 -0.16291097
 -0.06127697 -0.16473391  0.02894475 -0.16749039  0.04078378 -0.04301354
 -0.00174801 -0.12751907  0.31196364 -0.29177752  0.18008625 -0.40108759
 -0.07337201 -0.13109171 -0.02303371 -0.18549525  0.27483612 -0.11455674
 -0.17206874 -0.03182499 -0.02291959  0.10710521  0.11613429  0.11339596
 -0.14680372]",55,
365,10,2,3,0.8180362119178466,,,"[-5.02888938e-04 -4.94975804e-01 -6.83374390e-01 -4.73067279e-01
 -6.49854737e-02  4.17315719e-01  3.11798548e-01  1.23704013e-01
 -2.17275439e-01  3.80357148e-01  2.23744640e-01  1.33055309e-01
  3.72238468e-01  6.93544664e-02 -1.24550864e-01 -6.85364794e-03
 -2.63369576e-01  2.07726041e-01  1.21675736e-01  1.09162044e+00
  7.22942678e-01  1.00233250e-01 -3.98467975e-01 -1.56606245e-01
 -2.51678309e-01  2.34366389e-01 -6.00158492e-02  7.13019038e-01
  1.40789354e-01 -2.59578719e-01 -4.49282799e-02 -5.65186733e-02
  3.49100582e-02 -1.71964233e-01  1.78088763e-02 -5.72006833e-02
 -6.09729555e-02 -1.64652431e-01  2.49167377e-01 -2.56947128e-01
  1.77203316e-01 -3.26861254e-01 -9.74825980e-02 -6.64657180e-02
 -6.20453515e-02 -1.19190428e-01  2.26201439e-01 -1.12566133e-01
 -2.12724614e-01 -4.84786896e-02 -6.49814318e-03  8.25987933e-02
  1.84726471e-02  1.48700593e-01 -2.13493691e-01]",55,
385,10,2,3,0.830923759378366,,,"[-0.10726725 -0.6328074  -0.78566975 -0.79672255 -0.00491033  0.31123023
  0.31430398 -0.08765425 -0.3527607   0.16306099  0.19079905  0.07132643
  0.42678862  0.01851903 -0.05925948  0.06941062 -0.11386054  0.29850154
  0.11997113  1.19808416  0.86391286  0.0105665  -0.36672593 -0.17044341
 -0.18361086  0.20239074 -0.01488711  0.83160991  0.0816049  -0.26317064
 -0.0971466   0.02851779  0.08502876 -0.12016408 -0.05925761  0.04429561
 -0.00436348 -0.083848    0.26236842 -0.10517038  0.16707985 -0.28799177
 -0.10278008  0.06107036 -0.04993157 -0.20783293  0.28557851 -0.05130414
 -0.13307088 -0.04592624 -0.01757331  0.0627116   0.04455118  0.2382155
 -0.07833591]",55,
405,10,2,3,0.8468988736941253,,,"[-1.50665869e-01 -6.39393817e-01 -7.75310214e-01 -7.72042269e-01
  1.27879833e-01  5.26537606e-01  1.19252692e-01 -9.55318218e-02
 -4.08062129e-01  9.31749808e-02  2.41765557e-01  6.85723516e-02
  5.44238697e-01 -1.01892016e-01 -1.18918836e-01  1.23441241e-01
 -1.38060421e-01  3.22576939e-01  2.61124170e-01  1.19552964e+00
  8.94816912e-01 -7.20805900e-02 -4.38177226e-01 -9.11824169e-02
 -1.53397015e-01  2.59405999e-01  7.06343528e-03  8.28023033e-01
 -1.79052800e-04 -2.97983932e-01  1.79677356e-02  5.10412768e-02
  1.02478024e-01 -8.08238307e-02 -1.95650899e-01 -5.42589470e-02
  5.91210128e-02 -1.46021790e-01  2.90127658e-01 -2.21904767e-02
  1.87750019e-01 -2.38748945e-01 -1.16221441e-02  6.10796445e-02
 -5.56341956e-02 -3.08419467e-01  2.81540175e-01 -1.16647604e-01
 -1.98836434e-01  9.88667686e-03  7.66748037e-02  6.98663926e-02
 -4.56180031e-03  1.64054532e-01 -5.06674634e-02]",55,
5,10,2,4,0.9371641821607732,,,"[ 0.05230247  0.21181229 -0.08930773  0.15950983  0.          0.
 -0.09546469  0.0252626   0.0461455   0.1416102   0.21181229  0.05230247
  0.21181229  0.05230247  0.         -0.04316223 -0.06404513 -0.04316223
  0.05230247  0.21181229  0.21181229  0.21181229  0.          0.1163476
  0.09546469  0.1163476   0.21181229  0.0702021  -0.08930773  0.
 -0.18477242 -0.06404513 -0.04316223  0.05230247  0.15950983  0.
  0.06404513  0.18477242  0.20565533  0.30112002  0.         -0.09546469
  0.0252626   0.0461455   0.1416102   0.          0.          0.
  0.         -0.0702021   0.0461455   0.0461455  -0.0702021   0.0252626
  0.0461455 ]",44,
25,10,2,4,1.1460906799354813,,,"[ 0.38349175 -0.54598311  0.0096953  -0.54256486  0.01475463 -0.64413824
 -0.16218025 -0.18627056  0.38575175 -0.4210623   0.00511037  0.45236857
 -0.55929985 -0.18354077  0.95799762 -0.25782151  0.32988677 -0.35641297
  0.10319697  0.97488818  1.69940828  0.22808153 -0.98101751 -0.17515043
  0.43980952  0.11273906  0.28491839  1.13773735 -0.40798409 -0.52376306
 -1.52109208  0.16127211 -0.23536181 -0.13107222 -0.14550636  0.30581575
  1.37248883 -0.95111885 -0.07794279  0.12533513  0.24139228 -0.48768414
  0.38213415  0.46730409 -0.32382247  0.62069327 -0.94679777 -0.09273862
  0.33286486 -0.27406755  0.19711034  0.50571974  0.81124383 -0.19806913
  0.21017616]",55,
45,10,2,4,1.5356393630068783,,,"[-2.18237046 -0.19864659 -1.03102151 -1.7603658  -0.25045479 -0.81739675
  1.30784174  0.50289628 -0.18767085 -1.61928501  0.43831997  1.42009954
  0.19846763 -0.14777444  1.08371699 -0.06622968  0.85079407  1.36005868
 -0.23472662  1.67725358  0.9692216   1.62348591 -0.93328267 -1.83011296
  0.39329883 -0.13194324  0.05421144  1.83701941 -0.42100838 -0.09231282
 -1.15441864 -0.37412725 -0.31319135 -0.50118693 -0.36746817 -0.22887533
  0.9885273  -0.83090055 -0.84638552  1.45555483 -0.43757435 -0.76793616
  1.34970037  1.78981354 -1.14995909  1.57615925 -1.17602981  0.6276156
  0.81739675 -0.44401234 -0.47261298  0.66670636 -0.19405907 -0.45218277
  1.09703273]",55,
65,10,2,4,1.3782763532045783,,,"[ 0.23362984  0.87793963 -1.38840299 -0.67631733 -0.36887323 -0.18362661
  0.90473093  1.07500751 -1.15282129 -0.90550074 -0.16983942  0.75545095
 -0.51077349 -0.12965758  0.16751096 -0.39837545 -0.4337951  -0.39726932
  1.58961303  1.09479616  0.18540184 -0.42078081 -0.48904747 -1.66958746
 -0.13406734  0.46217419  0.47269537  1.69445408  0.01596653 -0.199647
 -1.3119867   0.1530994   0.0428349   0.22595224 -0.52746719  1.30715907
  1.22159887 -1.28548202  0.99866969  0.46010027 -0.33802868 -0.20436822
  0.67700338  0.71374286  0.14847333 -0.58745964  0.13334462 -1.51190967
  0.56110798 -0.72832573  0.55419492  0.04275807  0.57747276 -0.46584808
 -0.39769329]",55,
85,10,2,4,1.1461301301049331,,,"[ 0.67106431 -0.77643432 -1.37421156 -0.93236959  0.44962574  0.62063326
  1.26315788  1.15563307  0.65167431 -1.30684774  0.07362097 -0.44462831
  0.35204921 -0.72862116  0.53181447 -0.59529445 -0.97344465 -0.40592629
  1.27985907  2.06851484  1.5993116  -0.15831778 -0.46313545 -0.92021662
 -0.85978927 -0.59049311  1.15078712  1.47544506  0.1922576  -0.77724671
 -0.70315527 -0.01231549 -0.31134207  0.5847199  -0.92822727  0.36274437
 -0.05038916 -1.2132359   0.01038164  0.959884    0.40932812 -0.15846285
  0.23596083  0.58648351 -0.45846593 -0.81588982 -0.18305813 -0.25873216
 -0.20652248 -0.01741418  0.41262896 -0.13757579  0.78561877 -0.21701485
 -0.91828175]",55,
105,10,2,4,1.0609137367401558,,,"[ 0.26194878 -0.18527925 -1.03280976 -0.87228838  0.65682555 -0.08293315
  1.29776755  0.91676045  0.02788503 -0.93558061 -0.35156138  0.1465122
  0.07997709 -0.40764359  0.38843378 -0.54691788 -0.27757471  0.16338805
  1.05032543  1.92898983  1.00850814  0.05137101 -0.12301644 -1.22177365
 -0.68255422 -0.21944657  0.47721846  1.54769119 -0.00994167 -0.39877852
 -0.83671068 -0.43319963 -0.62716252  0.12261849 -0.70186254  1.10902742
 -0.17256613 -1.00039843  0.39937356  0.70855108 -0.23244196 -0.23612376
 -0.11720539 -0.3290115  -0.03295912 -1.03894882  0.07659144 -0.82678645
  0.54737838  0.23524224  0.63215857 -0.01089184  0.56476406 -0.44424053
 -0.34342961]",55,
125,10,2,4,0.9340940504598358,,,"[ 0.39454635 -0.28704286 -0.65528044 -0.77372269  0.63721474  0.24769117
  1.20719756  0.58154463  0.03001879 -0.4846178   0.05320714 -0.1507314
  0.10310418 -0.35040971  0.3132324  -0.39512399 -0.50149239  0.11320425
  0.91800805  1.28700359  1.04589175  0.04308457 -0.06565141 -0.89049498
 -0.53736989 -0.05172779  0.26604786  1.07719578  0.15838026 -0.4595184
 -0.77283417 -0.40882945 -0.27944688  0.38261308 -0.54562835  0.66604753
  0.05910867 -0.9225975   0.37827539  0.67580382 -0.05174994 -0.51301634
  0.19517264 -0.31565694 -0.17226724 -0.71042386  0.05643334 -0.53131855
 -0.04847965  0.15493645  0.42441816 -0.17724091  0.58374419 -0.26544851
 -0.45418371]",55,
145,10,2,4,0.8799880926996321,,,"[ 0.18345274 -0.78178449 -1.39158707 -1.04699464  0.30977871  0.25298842
  0.54006039  0.11597338 -0.00930423 -0.94922514 -0.18038034  0.10078813
  0.11843679 -0.38960852  0.29614978 -0.26314237 -0.30770552  0.29933986
  0.84084467  1.25131414  0.78331079  0.46603106 -0.22030129 -0.37089936
 -0.19993239  0.09639318  0.33972095  1.11781118  0.25811237 -0.38352441
 -0.23315469 -0.30410128 -0.04529476  0.69790856 -0.55807648  0.04037316
  0.31881146 -0.40273356  0.51089966  0.65083671  0.26662711 -0.23065831
  0.45322448 -0.33966334 -0.21866958 -0.59458231  0.05000112 -0.38441224
 -0.07550517  0.22837287 -0.01674393  0.19852483  0.33059658 -0.22590167
 -0.03964806]",55,
165,10,2,4,0.8965719936085418,,,"[ 0.18255333 -0.98891887 -1.26787298 -1.04040817  0.19282122  0.09414854
  0.81971076  0.37953354 -0.42011032 -0.48155888  0.00201727  0.15087479
 -0.02329422 -0.13606899  0.06861911 -0.1683561  -0.31473232  0.45318241
  0.60863054  1.30723664  0.97451418  0.31153172 -0.01084691 -0.49841948
 -0.30339208  0.26876957  0.17313535  1.10997491  0.06451292 -0.28265429
 -0.34059352 -0.47360478  0.30345419  0.77935304 -0.54543716  0.11732664
  0.15334713 -0.34562662  0.62957058  0.57766878  0.45337771 -0.19402133
  0.27156851 -0.21762927 -0.30737118 -0.63758638  0.36914498 -0.40549287
 -0.13707764 -0.10074665 -0.02556722  0.09935563  0.24793309 -0.20150939
 -0.03593839]",55,
185,10,2,4,0.8868395456335554,,,"[ 0.33410919 -0.72450082 -1.12240241 -0.8588848   0.04065501 -0.04878369
  0.67758543  0.32682356 -0.39625271 -0.16993172 -0.15158223  0.14265042
 -0.11130008 -0.19032845  0.11990423 -0.05044386 -0.15104833  0.45052274
  0.36679486  1.51154794  0.93801086  0.11108269 -0.06793761 -0.38322977
 -0.3864416   0.42946119  0.06227357  1.04596501  0.24683867 -0.33439001
 -0.37392519 -0.48904839  0.29056304  0.49477797 -0.27051427  0.07275649
  0.27249753 -0.20410716  0.52942174  0.19716669  0.34857272 -0.25253619
  0.12618857 -0.19824008  0.06799281 -0.61834773  0.40653367 -0.31218883
  0.05567422 -0.07935141  0.2566764  -0.06896485 -0.04630278 -0.04455601
 -0.11011357]",55,
205,10,2,4,0.8827522218981585,,,"[ 0.23654481 -0.56759132 -1.20908424 -1.08233302  0.0029466  -0.05323055
  0.43249376  0.17197512 -0.28381586 -0.03081605 -0.18085088  0.04330206
  0.07937619 -0.31101227  0.1518653   0.2020914   0.01553677  0.38094438
  0.24416454  1.47603315  1.00379634  0.10416319 -0.18595323 -0.28600492
 -0.37208554  0.33904422 -0.00898019  1.20065343  0.24329411 -0.20761329
 -0.26308991 -0.34900401  0.31000938  0.29999471 -0.18231884  0.11041043
  0.40515423 -0.14546404  0.48236139  0.10869337  0.37900555 -0.11365065
  0.17591674 -0.11449941 -0.07140137 -0.53111338  0.45333229 -0.22594375
 -0.08300118 -0.18780776  0.03816557 -0.05587285 -0.27679001  0.13724724
  0.02666736]",55,
225,10,2,4,0.8774750157246456,,,"[ 1.36921747e-01 -6.48698221e-01 -1.00309901e+00 -1.20953765e+00
 -9.98986246e-02  2.53592592e-01  5.61644086e-01  7.05719199e-02
 -3.22773624e-01  9.58558667e-04 -7.80139563e-02 -1.23325477e-02
  2.80020343e-01 -1.15418556e-01 -3.92561092e-02  2.42563506e-01
 -5.37525597e-02  3.95468256e-01  2.03602200e-01  1.36684184e+00
  1.19193436e+00  7.42543065e-02 -2.87363840e-01 -3.97917202e-01
 -2.50163683e-01  3.63276311e-01  1.09756175e-01  1.14375612e+00
  1.13527213e-01 -1.61816735e-01 -3.45292041e-01 -1.66172331e-01
  2.58341858e-01  2.73658809e-01 -1.28164364e-01  1.24318171e-02
  3.66805819e-01 -2.23500697e-01  4.31792089e-01  1.80175776e-01
  3.41591372e-01 -1.71980480e-01  1.03192556e-01  3.05853566e-02
 -8.86519059e-02 -4.98254679e-01  5.02853504e-01 -3.00246607e-01
 -2.77769320e-01 -1.16577791e-01 -4.71125829e-02 -5.42701010e-02
 -1.38325960e-01  1.30876543e-01 -1.29828372e-03]",55,
245,10,2,4,0.9020639065973836,,,"[ 0.15469816 -0.45618413 -0.80326744 -1.19810711  0.11869612  0.34859048
  0.56384648  0.18428228 -0.16888462  0.09855597  0.05257623 -0.02828772
  0.49071991 -0.16033355 -0.00991539  0.20466836 -0.19031681  0.3234523
  0.20708014  1.33535449  1.35016788 -0.06885901 -0.39488578 -0.45334468
 -0.39315884  0.18666975  0.11461849  1.13035224  0.0368082  -0.30891232
 -0.26241715 -0.0196252   0.15136155  0.17002848 -0.19190247  0.01152864
  0.23738278 -0.34755204  0.26954893  0.33153178  0.25674049 -0.23986139
  0.09332762  0.05975626 -0.18664608 -0.59331601  0.45794306 -0.25793832
 -0.16723208  0.11273993 -0.04336675  0.00289578 -0.01468458 -0.08087242
 -0.11203478]",55,
265,10,2,4,0.8967666091548773,,,"[ 0.24458335 -0.46442014 -0.89652755 -1.19869289  0.1107181   0.30169482
  0.68114692  0.14901629 -0.15118681  0.18684178 -0.06241234 -0.03459363
  0.45967103 -0.10517371  0.02181657  0.13466687 -0.14905213  0.30465562
  0.14032003  1.30564924  1.30721233 -0.01786665 -0.29647864 -0.46856807
 -0.41408856  0.29745573  0.03640801  1.26313003 -0.00394255 -0.28968416
 -0.18907314  0.01384501  0.13304244  0.18092062 -0.23693447  0.04540416
  0.13521101 -0.35944809  0.32706959  0.31821463  0.24592533 -0.26217519
  0.16506473 -0.00421701 -0.13971885 -0.6102696   0.40148606 -0.29542204
 -0.16149864  0.13754892 -0.06241799 -0.0364409  -0.03208857 -0.07796622
 -0.14261918]",55,
285,10,2,4,0.8927873226299926,,,"[ 0.01581794 -0.36199635 -0.7835787  -1.26509689  0.11151389  0.42848422
  0.5462738   0.03347829 -0.23021404  0.1964113  -0.03782106  0.05328054
  0.54538402 -0.08484051  0.01048081  0.2133805  -0.05405986  0.39440815
  0.10771126  1.32745427  1.17818594 -0.07237485 -0.37388423 -0.41623424
 -0.34553589  0.21301262 -0.05717908  1.17840338 -0.04857918 -0.2910506
 -0.23097831 -0.02708551  0.0275374   0.0952304  -0.18271336 -0.05717981
  0.19449153 -0.23386727  0.44001548  0.27563099  0.25496209 -0.21721661
  0.03881053  0.02222853 -0.08267579 -0.48317385  0.36014612 -0.3697155
 -0.19213454  0.11513127  0.04378107 -0.13719603 -0.08026692  0.07283982
 -0.0525668 ]",55,
305,10,2,4,0.8644237464579874,,,"[-0.15706091 -0.6962906  -0.99832221 -0.80862193  0.11662324  0.28048587
  0.41482897  0.03111932 -0.34939153  0.122171    0.12069531  0.16807065
  0.39246626 -0.09644071  0.05383189  0.26055598 -0.1589454   0.41280271
  0.17573     1.47280742  1.05014144 -0.01782911 -0.39178697 -0.28042473
 -0.24356792  0.19649208  0.06413701  1.05671921  0.01549059 -0.24315013
 -0.15668774 -0.04239607  0.07011961  0.07521488 -0.32176042 -0.01083744
 -0.0159175  -0.28455909  0.29568653  0.32803969  0.19464359 -0.23750064
  0.03369815  0.04453094 -0.09467112 -0.4159872   0.40786949 -0.29462199
 -0.14180115  0.10527608  0.06279415 -0.18738658  0.06500913 -0.06879802
 -0.04230879]",55,
325,10,2,4,0.850985622964007,,,"[-0.17733974 -0.68206806 -1.00069937 -0.71260078  0.24266931  0.29369972
  0.36508394 -0.06233621 -0.33854878  0.0804055   0.16478976  0.17644093
  0.38997656 -0.21931421  0.01161463  0.32289074 -0.16375635  0.40610214
  0.28436633  1.43768964  0.92128621 -0.01993796 -0.35125322 -0.26792123
 -0.11846527  0.20190185 -0.00602267  0.99514836  0.017005   -0.25558176
 -0.2869706   0.0379773   0.07976065  0.0807351  -0.27460397  0.01420782
  0.00212561 -0.30356149  0.34540674  0.25472408  0.12985379 -0.20002089
  0.01398705 -0.00406012 -0.11780084 -0.28880256  0.36893566 -0.31090317
 -0.12112062  0.07774173  0.11499523 -0.23610948  0.02506663  0.01060373
 -0.02379159]",55,
345,10,2,4,0.8634898501348692,,,"[-0.10975733 -0.71218942 -0.98306818 -0.7163322   0.06904583  0.39404434
  0.23219078 -0.05941417 -0.33515618  0.01468434  0.14286118  0.13392089
  0.32998158 -0.17516296 -0.03751893  0.33059775 -0.18305298  0.36423453
  0.26932395  1.42476692  0.9339138   0.00925752 -0.37749413 -0.2318012
 -0.12401088  0.20925249  0.05874047  0.99733772  0.03543075 -0.29454833
 -0.22735317  0.05889696  0.14375963  0.03462597 -0.22369539  0.01797531
 -0.01750081 -0.27658645  0.33742226  0.21511798  0.1695024  -0.14279038
 -0.00307375 -0.01789623 -0.07518236 -0.31903629  0.33779925 -0.32360686
 -0.17422725  0.07135908  0.1352565  -0.18259988 -0.08900378  0.1185332
  0.02706912]",55,
365,10,2,4,0.8569943464490586,,,"[-0.23367156 -0.70920104 -0.89089588 -0.81474064  0.05617529  0.42745185
  0.27452227 -0.15637521 -0.4013636   0.03225597  0.22959155  0.18156323
  0.46524267 -0.14144024 -0.12648646  0.25714728 -0.15979309  0.43704993
  0.32751688  1.27231956  0.89685044  0.00906348 -0.34573822 -0.25165948
 -0.04532513  0.18699169 -0.01368565  0.89001681  0.03266033 -0.30007903
 -0.15031269  0.07670066  0.102215   -0.03326253 -0.19658888  0.02219655
  0.03696005 -0.17519133  0.29959393  0.16455151  0.15506387 -0.20815753
  0.03245431 -0.03372661 -0.05052756 -0.34268467  0.3202446  -0.25815449
 -0.15147236 -0.01359394  0.21274824 -0.09224605 -0.02649801  0.13386428
 -0.05488366]",55,
385,10,2,4,0.8489049098356554,,,"[-0.28150038 -0.74958946 -0.83170913 -0.8422102   0.04107313  0.50076229
  0.30260481 -0.1396201  -0.42981071  0.02730477  0.31568445  0.15720366
  0.54938438 -0.14033248 -0.12250888  0.14726576 -0.1371645   0.35096743
  0.36295126  1.21217964  0.89685029  0.03405223 -0.38525955 -0.20899486
 -0.11265964  0.27298787 -0.00906303  0.80719444  0.03761263 -0.30299989
 -0.08162477  0.0701724   0.12146967 -0.07750682 -0.15816607  0.01640441
  0.0320008  -0.1466387   0.34124252  0.03071272  0.13862273 -0.24151135
  0.01778495  0.02776216 -0.04762874 -0.31354415  0.29640458 -0.20208505
 -0.22281301 -0.04785093  0.11807769  0.01781656 -0.02876632  0.1799108
 -0.03457529]",55,
405,10,2,4,0.8468988736941242,,,"[-1.50665869e-01 -6.39393817e-01 -7.75310214e-01 -7.72042269e-01
  1.27879833e-01  5.26537606e-01  1.19252692e-01 -9.55318218e-02
 -4.08062129e-01  9.31749808e-02  2.41765557e-01  6.85723516e-02
  5.44238697e-01 -1.01892016e-01 -1.18918836e-01  1.23441241e-01
 -1.38060421e-01  3.22576939e-01  2.61124170e-01  1.19552964e+00
  8.94816912e-01 -7.20805900e-02 -4.38177226e-01 -9.11824169e-02
 -1.53397015e-01  2.59405999e-01  7.06343528e-03  8.28023033e-01
 -1.79052800e-04 -2.97983932e-01  1.79677356e-02  5.10412768e-02
  1.02478024e-01 -8.08238307e-02 -1.95650899e-01 -5.42589470e-02
  5.91210128e-02 -1.46021790e-01  2.90127658e-01 -2.21904767e-02
  1.87750019e-01 -2.38748945e-01 -1.16221441e-02  6.10796445e-02
 -5.56341956e-02 -3.08419467e-01  2.81540175e-01 -1.16647604e-01
 -1.98836434e-01  9.88667686e-03  7.66748037e-02  6.98663926e-02
 -4.56180031e-03  1.64054532e-01 -5.06674634e-02]",55,
5,10,2,5,1.187430606020432,,,"[-0.0675703   0.14438314  0.02548037  0.11569238  0.16986351  0.09305067
 -0.00321039  0.14117275 -0.00321039 -0.00321039  0.14117275 -0.0675703
  0.14117275  0.14117275  0.         -0.0675703   0.14117275 -0.0675703
 -0.0675703   0.16986351  0.11569238  0.16986351  0.02869076  0.14117275
  0.14117275  0.14117275  0.14117275  0.14117275  0.16986351  0.09305067
 -0.00321039  0.14117275 -0.00321039 -0.00321039  0.14117275  0.
  0.14117275  0.14117275  0.14117275  0.14117275  0.02869076  0.14117275
  0.14117275  0.14117275  0.14117275  0.0643599   0.          0.0643599
  0.0643599   0.14117275 -0.00321039 -0.00321039  0.14117275  0.14117275
 -0.00321039]",52,
25,10,2,5,1.253608103891816,,,"[ 3.66951092e-01 -4.23967125e-01 -1.01766982e-01 -8.58624037e-01
  7.99057093e-01  6.77886206e-01  2.49682402e-01  9.81267734e-05
  3.04340147e-01 -1.90295437e-01  2.59554678e-01 -4.19830708e-01
  2.31606384e+00 -8.05335356e-02 -2.88109341e-01 -7.46434864e-01
  6.59975691e-02  1.94471784e-01 -2.85656734e-01  4.68284990e-02
  1.98613133e+00  5.66374161e-01  4.15835723e-02  1.83001360e-02
 -2.25581987e-01  3.45890953e-01  1.73385529e-01 -6.99035156e-01
 -1.40569344e-01 -1.72622249e-01  2.85918652e-01 -1.78695297e-01
  2.30333541e-01  1.61664532e-01 -2.84411350e-01  1.23594134e-01
  6.24152734e-01  4.41120266e-01  2.00693311e-01 -1.07813515e-01
  1.27768870e-01 -3.59203694e-01  2.30945641e-01 -1.20103124e-03
 -4.81329549e-01 -4.30548593e-01  3.65992259e-02  3.69739475e-02
 -2.85156213e-01  4.24556782e-02 -1.15377821e-01  1.80045107e-01
 -1.61736813e-01  1.87848058e-01 -1.27537067e-01]",55,
45,10,2,5,1.4527310129661766,,,"[-0.04487166  0.32504231  0.40326781 -1.26916271  1.11689849  1.6751267
 -0.2206328  -0.77030696  0.4556494  -0.35440302  0.04698898 -1.59371319
  2.47080048  0.77379395  0.47506425  0.00393956  0.06708714  0.24075741
 -0.04800413  1.07202361  1.8313947  -0.47346679 -1.49275068  0.47241233
 -0.3798038   0.23586304 -0.40978437 -0.84855427 -0.02505924 -0.69593637
 -0.77476047  0.0896456   0.22882813  0.81413216 -0.02997806  0.68365192
  1.26647409 -0.28330452  0.8442729  -1.39371446 -0.30083901 -0.78709219
 -0.03768278 -1.48974468 -0.04491946 -1.39114298  0.56487845 -0.58049549
  0.26758867  1.3874192   0.23173695  0.75932023  0.28399715  0.26065551
  0.06899539]",55,
65,10,2,5,1.739198155829111,,,"[-0.57046888 -1.05677628  1.00576783 -1.66078336  0.89948292  1.06372673
  1.93435756 -1.29536256 -0.40206281 -0.49078819  0.53291249 -0.82375068
  2.15548671  0.19868577  0.34110663  0.04689881  0.10811395  1.33335727
 -0.3172725   0.75540576  2.51212144 -0.35688907 -1.39174719 -0.40474731
 -0.66789488  1.33960675 -0.0626552   0.03260883  0.86215627 -0.13293291
 -1.08050222 -0.68803669 -1.52191674  0.85142474 -1.11076169  0.08971914
  1.15793058  0.96760742  1.03038003 -1.75523593 -0.19705807 -2.25338085
 -0.21141678 -0.78078002  1.9192427  -1.65668182  1.06014579 -0.02971443
  0.66061283  2.18501182 -0.54095556 -0.41567315  0.42219377 -1.12789717
  0.99237821]",55,
85,10,2,5,1.2458987168552966,,,"[-1.322461   -1.02737339 -0.77380316 -1.57558539  0.86315722  1.56438277
 -0.3352366  -0.22414646 -0.72301411 -0.908582    1.16838773 -0.14921494
  1.67972057 -0.01263567  0.12669696  0.3990414  -0.19183154  0.28406631
  0.55140672  0.39592402  1.41932391 -0.05292953 -0.61038228  0.47092314
 -0.719172    0.41965502  0.45096424  1.03614198  0.04992895 -0.70530324
  0.34547384  0.00763607  0.61847719  0.61968354 -0.32789289 -0.03734863
 -0.00449365  0.01160339  0.28300828 -0.02181799  0.81266913 -0.88663577
 -0.36559077 -0.4996754  -0.45935017 -1.50860077  0.28572168 -0.53469233
  0.10047333  1.16917466 -0.12475482  0.09796612 -0.04141239  0.06421729
  0.7724571 ]",55,
105,10,2,5,1.1135462169151367,,,"[-1.02235504e+00 -4.78085411e-01 -1.04142588e-01 -1.44034865e+00
  1.45847733e+00  8.80912695e-01  4.50574286e-01 -4.62672067e-01
 -4.25222231e-01 -1.11366303e+00  8.87790250e-01 -1.17721401e-01
  1.28702717e+00  2.15399059e-01  1.16068595e-01  3.34406220e-02
  1.11109264e-01  4.83897199e-02  4.85208827e-01  6.50578200e-01
  1.30370163e+00 -8.09750680e-01 -6.46921036e-01 -2.56056251e-01
  4.02909716e-02  2.71254400e-01  7.22250077e-01  4.34084925e-01
 -7.94559356e-02 -2.98734114e-01 -7.63452047e-02 -1.60757410e-01
  2.38836015e-01  3.19479913e-01 -4.45363229e-01  7.88413347e-02
  1.20169999e-03  8.02454760e-02  8.89582625e-01  3.14510027e-01
  1.90588143e-01 -6.18296698e-01 -4.54123684e-01 -3.05839387e-01
 -7.10927485e-01 -8.14461053e-01  7.13200081e-01 -6.83257176e-01
 -3.38086823e-01  3.46433120e-01 -1.98984036e-01  3.51267755e-01
 -1.46685952e-01  6.56805880e-01  9.08932246e-01]",55,
125,10,2,5,1.0565398994725894,,,"[-0.40301074 -0.39388353 -0.48724839 -1.43172963  1.28387222  0.98559792
 -0.27754852 -0.30477079  0.1139404  -1.32706074  0.62862259 -0.18591093
  0.76850459  0.22048516  0.38711181 -0.17112247 -0.15650212  0.05826012
  0.11532404  0.59742349  1.27595837 -0.94616735 -0.73015743  0.02551967
  0.27681002  0.3814526   0.73420921  0.56998244  0.22819625 -0.3062404
  0.23086632 -0.19180748  0.03334976  0.57283839 -0.4190139  -0.05198026
  0.17870723 -0.00307292  0.65215506  0.4656822   0.19778194 -0.60626778
 -0.37088135 -0.94219333 -0.41627619 -0.65606833  0.55064912 -1.04530311
 -0.35964291  0.40215761  0.15526038  0.69926406  0.08114703  0.49583982
  0.57191351]",55,
145,10,2,5,0.9980501499982074,,,"[-0.07840118 -0.75979079 -0.85708043 -1.00472744  0.24885048  1.15292743
  0.5035908  -0.1689195  -0.22229234 -1.06275518  0.45741112 -0.27665823
  0.68506778  0.11896339  0.29093041 -0.28006194 -0.35632348  0.04310978
  0.29306629  1.09154012  0.99156567 -0.17879402 -0.75827568 -0.25778585
  0.05829105  0.47331924  0.70679221  0.63927786  0.3202593  -0.3643104
  0.2217838  -0.05073946  0.29973157  0.30231021 -0.28246093 -0.29097531
 -0.12435046 -0.09298856  0.50991863  0.52837599  0.33422632 -0.48157392
  0.05438136 -0.64160576 -0.38557832 -0.78970138  0.22783377 -0.84132029
 -0.32059899  0.22830073 -0.26295308  0.40263484  0.15638893  0.38814863
  0.69359896]",55,
165,10,2,5,0.9809729979881473,,,"[ 0.0240177  -0.61142687 -0.78798486 -1.0329767   0.12626706  1.2036208
  0.63477052  0.05326199 -0.44109387 -0.83098226  0.32328692 -0.10454623
  0.71715947  0.16381804  0.12277883 -0.10734451 -0.51790459  0.1835158
  0.08920744  1.33587398  0.97029291 -0.10724795 -0.85471317 -0.36139582
 -0.26367453  0.52498198  0.55860372  0.74508378  0.01255592 -0.43566462
  0.27817256 -0.03362587  0.28841704  0.06457866 -0.1558542  -0.28137158
 -0.09363751 -0.26200187  0.71394114  0.25113384  0.18183312 -0.31650134
  0.32064251 -0.6132971  -0.18391328 -0.86024057  0.19855686 -0.65487108
 -0.08126771  0.06420777 -0.17147555  0.09717571  0.05277783  0.57706582
  0.63093419]",55,
185,10,2,5,0.9637659789459997,,,"[ 0.07547502 -0.58065148 -0.58957569 -0.95727927  0.23771912  1.07463075
  0.48736032  0.24959047 -0.36833024 -0.64301414  0.31156605 -0.20362754
  0.83294192 -0.1139457   0.07319326  0.15031332 -0.52355961  0.09272383
  0.1790597   1.22698684  0.98299887 -0.03824804 -0.74086179 -0.37402608
 -0.36485489  0.57516028  0.368636    0.8117825  -0.15106599 -0.41202951
  0.13090121 -0.00902146  0.15011977  0.19694469 -0.18420491 -0.36160344
 -0.2412637  -0.15990472  0.58248814  0.15306521  0.25370381 -0.09416158
 -0.00324877 -0.45416498 -0.09792331 -0.87496431  0.01168561 -0.41246028
  0.00532329  0.19682454 -0.00591615 -0.09888784 -0.03180207  0.51267415
  0.53576895]",55,
205,10,2,5,0.9325256588183697,,,"[ 0.17527728 -0.4947211  -0.58605737 -0.87241462  0.12631818  0.96844906
  0.25591809 -0.0681224  -0.37712327 -0.60693621  0.28292671 -0.26242153
  0.89190945 -0.37720814 -0.07689177  0.06836307 -0.3733443   0.27975779
  0.44416694  1.15307089  0.93406141  0.03299746 -0.70046665 -0.25864918
 -0.21922685  0.3030931   0.20487084  0.65482304 -0.07291759 -0.33268167
  0.27402947  0.14313031 -0.01256204  0.08514989 -0.10574811 -0.38623594
 -0.15479929 -0.23639112  0.49400428  0.04094806  0.15738364 -0.13011466
  0.13671894 -0.18360917  0.09024228 -0.61904842  0.0433302  -0.36000429
  0.03143397  0.13122019  0.10807273 -0.12775759 -0.02540344  0.49125466
  0.33851086]",55,
225,10,2,5,0.9098136621726144,,,"[ 0.23223035 -0.47694606 -0.44580637 -0.87940135  0.14681445  0.85644661
  0.25123602 -0.14963092 -0.22754866 -0.5718078   0.31470332 -0.09708611
  0.69899625 -0.45157181 -0.11588407  0.06601444 -0.22133766  0.04807881
  0.47513916  1.33990997  0.89029477  0.04663472 -0.65369104 -0.26016625
 -0.21670422  0.10965522  0.15245051  0.74783427 -0.20057615 -0.53153615
  0.17596142  0.16223115 -0.06113508  0.06892412 -0.03016405 -0.2309825
 -0.06176176 -0.24091837  0.29960494  0.02711256  0.17556532 -0.18059587
 -0.004085    0.04884265  0.18140269 -0.53500449 -0.03682552 -0.14144032
  0.07476511  0.20782008  0.08848174 -0.11467765 -0.04642636  0.51381096
  0.20437036]",55,
245,10,2,5,0.9037277978894519,,,"[ 0.15768288 -0.55072497 -0.46113065 -1.11122763  0.17032202  0.60673515
  0.37796077 -0.1803999  -0.31684095 -0.56537486  0.30695666 -0.1120106
  0.75466198 -0.43503083  0.01300823  0.01622414 -0.25477607  0.07891425
  0.50022643  1.38839084  0.98933039  0.02539145 -0.52457637 -0.33420577
 -0.27270191  0.17418202  0.18334072  0.87130249 -0.18766707 -0.41624697
  0.05985591  0.09584437 -0.02959222  0.05312511 -0.14339381 -0.15925604
 -0.0719421  -0.16831223  0.39213507  0.12341877  0.07310401 -0.1318249
  0.03227271  0.05055573  0.16927583 -0.51392498  0.10169243 -0.09795307
  0.14029498  0.16825465  0.06637153 -0.20258333 -0.05185206  0.4998863
  0.15500123]",55,
265,10,2,5,0.8774510458557734,,,"[ 0.280475   -0.51658943 -0.45023568 -1.05926129  0.288999    0.63516788
  0.32649958 -0.17756245 -0.27367124 -0.38343128  0.20615712 -0.11159822
  0.65841235 -0.34385126 -0.03878661 -0.02159964 -0.22721813  0.07098739
  0.38726328  1.37445961  1.06931908 -0.11284731 -0.5101576  -0.26990595
 -0.19125699  0.14540352  0.1190563   0.91351539 -0.15451085 -0.4340988
  0.01324442  0.08515617 -0.05621499 -0.02282113 -0.25235973 -0.15084931
 -0.02242207 -0.19702872  0.34481004  0.14284599  0.0481932  -0.21034048
  0.06922077  0.09769408  0.13378618 -0.4392651   0.20979531 -0.11001236
  0.0307624   0.12581107  0.12130706 -0.12123484 -0.11445386  0.35660069
  0.12699998]",55,
285,10,2,5,0.8699458878225772,,,"[ 0.0923608  -0.63417159 -0.55166831 -0.98183457  0.25959207  0.56475636
  0.32969779 -0.26078234 -0.24665583 -0.26112152  0.3521964   0.02586086
  0.66104664 -0.24690481 -0.05545724  0.0509897  -0.23291285  0.12818985
  0.27633761  1.40569467  0.99200907 -0.07435157 -0.56680141 -0.20582327
 -0.15479372  0.19561616  0.05639486  0.83518156 -0.08247962 -0.49476275
  0.04112744  0.05647314 -0.06498679 -0.02901274 -0.2312288  -0.08326906
 -0.01059984 -0.04037213  0.3270808   0.08995439  0.15728943 -0.18749905
  0.1365443  -0.02188181  0.04496298 -0.4807197   0.29491958 -0.05849541
  0.0600403   0.17683955  0.00310991 -0.16666887 -0.09354902  0.27495171
  0.19470888]",55,
305,10,2,5,0.8635332952859142,,,"[-2.09749962e-02 -6.08253102e-01 -6.87250774e-01 -8.62861558e-01
  2.10665003e-01  5.65429418e-01  6.43194580e-02 -3.28672409e-01
 -3.09716008e-01 -8.39874991e-02  3.39709672e-01  1.14595364e-01
  6.40065533e-01 -1.19202632e-01 -1.41863633e-01  5.21477284e-02
 -1.67285042e-01  1.64039498e-01  2.06451732e-01  1.28955605e+00
  9.30257707e-01 -1.20968681e-01 -5.16014214e-01 -1.09694938e-01
 -1.57023128e-01  1.91644388e-01  1.02088058e-02  8.98984928e-01
 -8.51527253e-04 -3.88389373e-01  3.78692528e-02 -1.02926299e-02
  2.45289600e-02 -5.47554779e-02 -2.37828210e-01 -8.15769546e-02
  7.08227635e-02 -6.51687567e-02  2.04524792e-01 -3.61105894e-02
  2.20341910e-01 -3.36046025e-01  8.67720587e-02 -1.25401816e-02
  4.66009436e-02 -4.48654162e-01  3.53520960e-01 -1.23988857e-01
 -8.32411036e-02  1.53071471e-01  2.12810629e-01  2.79391199e-02
  3.71122200e-02  2.80076044e-01  2.70616921e-02]",55,
325,10,2,5,0.8555692140115161,,,"[-2.29625824e-02 -6.14595503e-01 -6.50659769e-01 -7.80971633e-01
  1.48868687e-01  5.53469512e-01 -6.55775601e-02 -3.10503486e-01
 -3.00417726e-01 -1.24658384e-01  2.69771450e-01  1.87189706e-02
  5.88994526e-01 -1.45481066e-01 -1.48267348e-01  1.31570686e-01
 -1.07253521e-01  2.15998489e-01  2.23975796e-01  1.26524725e+00
  8.79195708e-01 -9.34710112e-02 -5.31087090e-01 -4.74211034e-02
 -1.05558629e-01  2.36070861e-01  4.63060192e-02  8.25600277e-01
 -2.57975048e-02 -4.25469000e-01  1.00144215e-01  4.74986703e-02
  1.54997054e-02 -9.27759980e-03 -2.13890835e-01 -7.96043322e-02
  8.69357252e-02 -4.16937027e-02  2.13162500e-01 -3.29515026e-02
  1.85102717e-01 -2.81108903e-01  7.69480462e-02  5.82771332e-04
  1.08986376e-01 -3.44479008e-01  3.18876702e-01 -1.26401154e-01
 -9.56953958e-02  1.97932198e-02  2.09814507e-01  2.10942463e-02
 -1.61023151e-02  2.68081432e-01 -2.37548344e-02]",55,
345,10,2,5,0.8593569038118324,,,"[-1.39971902e-01 -6.23000051e-01 -7.26091223e-01 -7.76607790e-01
  9.81724932e-02  4.82907934e-01 -1.43128649e-01 -4.14923305e-01
 -3.27667655e-01 -8.77316310e-02  2.04766182e-01 -9.68576420e-04
  5.74995473e-01 -7.34829600e-02 -1.37850559e-01  1.73599926e-01
 -8.41730150e-02  3.18395434e-01  2.65673285e-01  1.24303065e+00
  8.79499245e-01 -1.06061391e-01 -4.98208514e-01 -9.37395448e-03
 -5.50311166e-02  1.85607319e-01  1.53734788e-02  8.89189044e-01
 -5.16329379e-02 -3.24089739e-01  1.21145653e-01  9.68512392e-02
 -3.80457809e-02 -5.14567249e-02 -1.96009832e-01 -1.12823779e-01
  3.21300014e-02 -2.22412092e-02  2.02497421e-01 -2.51482187e-02
  1.75934494e-01 -1.96079929e-01  1.32926208e-01 -6.15894023e-02
  7.41741606e-02 -3.51724757e-01  3.80771090e-01 -1.09745045e-01
 -1.24799671e-01 -2.83486330e-02  3.08037778e-01  5.16628910e-02
 -2.02141695e-02  2.85256052e-01 -3.51848721e-02]",55,
365,10,2,5,0.8458216469094963,,,"[-0.06776406 -0.64107422 -0.77155235 -0.78680537  0.11666294  0.49080022
 -0.07213654 -0.33424307 -0.30889799 -0.03932927  0.16814845  0.02692155
  0.55125913 -0.02131575 -0.16916359  0.10652286 -0.1183588   0.29541639
  0.21171565  1.21179109  0.79610007 -0.1453732  -0.42680387  0.07876404
 -0.08509895  0.20566409  0.06154508  0.83978659 -0.02268215 -0.26705112
  0.09925653  0.04226393  0.03711116 -0.01275392 -0.209118   -0.07076597
  0.12192101  0.01006961  0.19746157  0.00457124  0.13330456 -0.24528944
  0.12313324 -0.0844194   0.06342912 -0.34727644  0.38973441 -0.16742217
 -0.15872595 -0.07230475  0.26419086  0.04872001 -0.01300298  0.28201748
 -0.06980497]",55,
385,10,2,5,0.8443390317560329,,,"[-1.36349440e-02 -6.44689744e-01 -7.88892502e-01 -8.11432047e-01
  1.77093132e-01  5.57911368e-01 -4.88463638e-02 -2.42927385e-01
 -3.13369929e-01 -3.68175689e-02  1.80633385e-01 -1.54301028e-03
  5.23426258e-01 -1.16646098e-01 -2.27915668e-01  1.30517352e-01
 -1.17147196e-01  3.13753824e-01  1.87005421e-01  1.18788789e+00
  8.53504025e-01 -1.54817145e-01 -4.05502637e-01 -3.92792408e-04
 -8.83420687e-02  2.00728300e-01  8.37549918e-02  8.76162717e-01
 -7.27015493e-02 -2.73924089e-01  1.23275833e-01  8.80700651e-02
  4.55515077e-02 -1.23066611e-02 -1.85059879e-01 -6.29950209e-02
  1.34104142e-01 -6.11657858e-02  2.37564054e-01 -1.80712519e-02
  1.43653931e-01 -2.25339664e-01  4.80090981e-02 -2.85730313e-02
  3.81174679e-02 -3.47327153e-01  3.30955452e-01 -1.11418538e-01
 -2.23120037e-01 -5.27105805e-02  1.90112699e-01  7.27126944e-02
 -9.25581386e-02  2.63190803e-01 -3.24412884e-02]",55,
405,10,2,5,0.8468988736941253,,,"[-1.50665869e-01 -6.39393817e-01 -7.75310214e-01 -7.72042269e-01
  1.27879833e-01  5.26537606e-01  1.19252692e-01 -9.55318218e-02
 -4.08062129e-01  9.31749808e-02  2.41765557e-01  6.85723516e-02
  5.44238697e-01 -1.01892016e-01 -1.18918836e-01  1.23441241e-01
 -1.38060421e-01  3.22576939e-01  2.61124170e-01  1.19552964e+00
  8.94816912e-01 -7.20805900e-02 -4.38177226e-01 -9.11824169e-02
 -1.53397015e-01  2.59405999e-01  7.06343528e-03  8.28023033e-01
 -1.79052800e-04 -2.97983932e-01  1.79677356e-02  5.10412768e-02
  1.02478024e-01 -8.08238307e-02 -1.95650899e-01 -5.42589470e-02
  5.91210128e-02 -1.46021790e-01  2.90127658e-01 -2.21904767e-02
  1.87750019e-01 -2.38748945e-01 -1.16221441e-02  6.10796445e-02
 -5.56341956e-02 -3.08419467e-01  2.81540175e-01 -1.16647604e-01
 -1.98836434e-01  9.88667686e-03  7.66748037e-02  6.98663926e-02
 -4.56180031e-03  1.64054532e-01 -5.06674634e-02]",55,
