sample_size,n,k,repeat,mae,alphas,coef_path,coefficients,non_zero_coef,num_iter
25,50,2,1,0.7108076758021792,,,"[-0.00122265  0.00387334  0.00113069 ...  0.00249502 -0.00341947
  0.00388652]",1275,
125,50,2,1,0.8129123806976787,,,"[-0.02001154 -0.00550443 -0.01601615 ... -0.00069544 -0.0038528
 -0.01315142]",1275,
225,50,2,1,0.8525768213530796,,,"[-0.03941692 -0.01565325 -0.02656318 ... -0.00444767  0.00200678
 -0.01588581]",1275,
325,50,2,1,0.8331616306882875,,,"[-0.05639198 -0.02794218 -0.0432443  ...  0.01520105 -0.0005397
 -0.01770335]",1275,
425,50,2,1,0.8803293403489573,,,"[-0.07425127 -0.02181081 -0.05195905 ...  0.02329728  0.00204018
 -0.02118557]",1275,
525,50,2,1,0.9016205409444268,,,"[-0.07555524 -0.0223037  -0.07330689 ...  0.02257097  0.00720077
 -0.02845721]",1275,
625,50,2,1,0.9485883970534826,,,"[-0.08715719 -0.0372733  -0.07738325 ...  0.04541051  0.01698843
 -0.04531625]",1275,
725,50,2,1,0.9970334870170467,,,"[-0.08781035 -0.0321451  -0.08908905 ...  0.04095369  0.05251394
 -0.0361968 ]",1275,
825,50,2,1,1.0544236960492117,,,"[-0.10991014 -0.01984266 -0.09362416 ...  0.0245448   0.07038879
 -0.01994899]",1275,
925,50,2,1,1.2568540321934172,,,"[-0.1153312  -0.01996309 -0.08680498 ...  0.0139171   0.02230363
 -0.00535963]",1275,
1025,50,2,1,1.5826728939089088,,,"[-0.14450551 -0.01034268 -0.04135404 ...  0.0194317   0.00918962
  0.0413179 ]",1275,
1125,50,2,1,2.3287133570388123,,,"[-0.14971826  0.05567209 -0.0562229  ... -0.01574058  0.064764
 -0.0179892 ]",1275,
1225,50,2,1,3.708618641354812,,,"[-0.22475262 -0.04412122 -0.04766756 ... -0.07286011  0.00273209
 -0.09552183]",1275,
1325,50,2,1,3.5083341886394264,,,"[-0.14826376  0.15506528 -0.29835467 ... -0.13714986  0.06938064
 -0.15365217]",1275,
1425,50,2,1,2.130214906002219,,,"[-0.22346095 -0.01046367 -0.24777944 ... -0.0124681  -0.04224008
  0.04558906]",1275,
1525,50,2,1,1.6899095372340838,,,"[-0.25964883 -0.05222294 -0.12683637 ... -0.03979039 -0.00891072
 -0.02067863]",1275,
1625,50,2,1,1.5401984073981965,,,"[-0.21428214 -0.05442214 -0.09331409 ... -0.02515571 -0.01375756
 -0.06696233]",1275,
1725,50,2,1,1.381967489623014,,,"[-0.24012711 -0.05434937 -0.07487248 ... -0.00094548 -0.00343406
 -0.05462665]",1275,
1825,50,2,1,1.3079227192364573,,,"[-0.2218988  -0.07172964 -0.07606031 ...  0.00632384 -0.0098135
 -0.0633847 ]",1275,
1925,50,2,1,1.1634343530425917,,,"[-0.19950151 -0.07684602 -0.07893405 ...  0.01252775 -0.00320338
 -0.02930008]",1275,
2025,50,2,1,1.114321333340676,,,"[-0.2000114  -0.07750932 -0.07660293 ...  0.01345966 -0.02274105
 -0.04292229]",1275,
25,50,2,2,0.705413210022432,,,"[-0.00060014  0.0021109   0.00317647 ...  0.00218731  0.00196074
  0.00321077]",1275,
125,50,2,2,0.7271472724567798,,,"[-0.00190348 -0.00011727 -0.00752842 ... -0.00071312  0.01370852
  0.002655  ]",1275,
225,50,2,2,0.7787922366349546,,,"[-0.02346645  0.0017423  -0.00221222 ... -0.01004538  0.01280648
 -0.00715355]",1275,
325,50,2,2,0.8660079829561067,,,"[-0.04622366 -0.01465651 -0.01269861 ... -0.00789657  0.01254464
 -0.01720731]",1275,
425,50,2,2,0.9544875797820674,,,"[-0.06108416 -0.01714549 -0.02477582 ...  0.00096891  0.02664433
 -0.03935278]",1275,
525,50,2,2,0.9988703516826365,,,"[-0.07986055 -0.03343192 -0.02614658 ... -0.00229607  0.03501223
 -0.02960623]",1275,
625,50,2,2,1.0159142580012412,,,"[-0.0923522  -0.0292746   0.00687422 ...  0.00250904  0.03041376
 -0.01184814]",1275,
725,50,2,2,1.0808903815679087,,,"[-0.12003507  0.00234454  0.01450459 ... -0.00031529  0.05745133
 -0.01899206]",1275,
825,50,2,2,1.2200998772775846,,,"[-0.1573936  -0.02215955 -0.02718337 ... -0.01208156  0.01670063
  0.00991865]",1275,
925,50,2,2,1.3997861083514254,,,"[-0.12087953 -0.01534635 -0.05099754 ... -0.03035377  0.00284742
  0.02825319]",1275,
1025,50,2,2,1.5848488403036685,,,"[-0.16309596 -0.01450082 -0.06497392 ... -0.04773277  0.03958144
 -0.01074311]",1275,
1125,50,2,2,2.1485657585386595,,,"[-0.15994679 -0.01181437 -0.07255664 ... -0.04447085  0.06898961
  0.03294575]",1275,
1225,50,2,2,3.758567011332786,,,"[-0.19639662  0.10818839 -0.19765592 ... -0.0656511   0.19238944
  0.02810167]",1275,
1325,50,2,2,3.2827695885456767,,,"[-0.33156054  0.00195333 -0.21374024 ... -0.10147172  0.17964759
  0.23267081]",1275,
1425,50,2,2,2.177163262424637,,,"[-0.21748591 -0.00991054 -0.09331251 ... -0.03361175  0.1145651
 -0.05486936]",1275,
1525,50,2,2,1.8933744135340698,,,"[-0.26627202 -0.05384901 -0.08143722 ...  0.01564261  0.07302683
 -0.05653681]",1275,
1625,50,2,2,1.549843014576739,,,"[-0.25329377 -0.05209109 -0.07846827 ...  0.01112714  0.10289162
 -0.02912756]",1275,
1725,50,2,2,1.4401538478729419,,,"[-0.22373676 -0.06829072 -0.07078481 ... -0.01716665  0.05264023
 -0.05252068]",1275,
1825,50,2,2,1.2064133247808826,,,"[-0.22352159 -0.08558986 -0.07731633 ...  0.00552196  0.01679152
 -0.04433451]",1275,
1925,50,2,2,1.0986525187411273,,,"[-0.21776439 -0.07215837 -0.06972691 ...  0.01467519 -0.02063644
 -0.04487574]",1275,
2025,50,2,2,1.1143213333406765,,,"[-0.2000114  -0.07750932 -0.07660293 ...  0.01345966 -0.02274105
 -0.04292229]",1275,
25,50,2,3,0.7187548057481621,,,"[-0.00412512 -0.00478987 -0.00656961 ... -0.0031239   0.00258442
 -0.00747197]",1275,
125,50,2,3,0.7492423044081261,,,"[-0.00657313 -0.01211963 -0.01937849 ... -0.00281488 -0.00265229
 -0.01576861]",1275,
225,50,2,3,0.8154041806762774,,,"[-0.02612295 -0.00817922 -0.01226713 ... -0.00942784 -0.01100006
 -0.02883536]",1275,
325,50,2,3,0.8344623347771511,,,"[-0.0365238   0.00093973 -0.00255971 ... -0.00899751 -0.02399894
 -0.02516975]",1275,
425,50,2,3,0.8615076724686225,,,"[-0.05894375 -0.00969293  0.00684692 ... -0.00935276 -0.005855
 -0.03609837]",1275,
525,50,2,3,0.8819920913063442,,,"[-0.0725997  -0.00100186  0.01136038 ... -0.00185478 -0.0074359
 -0.05371713]",1275,
625,50,2,3,0.9926990444464514,,,"[-0.12322064 -0.02749694 -0.00946566 ... -0.01534969 -0.01897369
 -0.06140599]",1275,
725,50,2,3,1.0559741036775552,,,"[-0.13352619 -0.06136865 -0.04169419 ... -0.03181591 -0.05374104
 -0.03352242]",1275,
825,50,2,3,1.1540070897407633,,,"[-0.13699299 -0.07268627 -0.05399826 ... -0.0125841  -0.03791838
 -0.0357529 ]",1275,
925,50,2,3,1.281126241745756,,,"[-0.14200224 -0.09269751 -0.07185965 ... -0.02545672 -0.02897235
 -0.05541075]",1275,
1025,50,2,3,1.4372125221886165,,,"[-0.14617998 -0.09766478 -0.07272085 ... -0.05574494 -0.01168441
 -0.05161612]",1275,
1125,50,2,3,1.7719870419031394,,,"[-0.2028949  -0.12209746 -0.11065851 ... -0.04921384 -0.08737913
 -0.13095275]",1275,
1225,50,2,3,3.284517482718148,,,"[-0.31670568 -0.17135831 -0.10677657 ...  0.01041139 -0.15049637
 -0.16742552]",1275,
1325,50,2,3,4.0215956534264805,,,"[-0.06661585 -0.1736248  -0.09117329 ...  0.13700413 -0.2083062
 -0.09625015]",1275,
1425,50,2,3,2.340316995758213,,,"[-0.23573359 -0.05956568 -0.12072373 ...  0.09983184 -0.04444926
 -0.05118769]",1275,
1525,50,2,3,1.7053415226869317,,,"[-0.24864109 -0.00488665 -0.10669567 ... -0.02084658 -0.03381961
 -0.03344214]",1275,
1625,50,2,3,1.5033984250963306,,,"[-0.22274018 -0.0339553  -0.07656679 ... -0.03205514 -0.01447065
 -0.0480942 ]",1275,
1725,50,2,3,1.276047357631091,,,"[-0.22676667 -0.05336654 -0.07357772 ... -0.01984755 -0.01503343
 -0.04632132]",1275,
1825,50,2,3,1.1906396495304261,,,"[-0.23296423 -0.0777576  -0.07098461 ...  0.02084279 -0.01668859
 -0.03806377]",1275,
1925,50,2,3,1.1686642377247802,,,"[-0.21762694 -0.08470851 -0.07659275 ...  0.00869724 -0.00862415
 -0.03814526]",1275,
2025,50,2,3,1.1143213333406754,,,"[-0.2000114  -0.07750932 -0.07660293 ...  0.01345966 -0.02274105
 -0.04292229]",1275,
25,50,2,4,0.6904894852551524,,,"[-0.00251188  0.00247374 -0.0003185  ... -0.0018736  -0.00119637
  0.00177576]",1275,
125,50,2,4,0.7712523305026378,,,"[-0.02651697 -0.00515948  0.00762123 ...  0.00117737 -0.00853532
 -0.00602742]",1275,
225,50,2,4,0.8087143382908027,,,"[-5.29592951e-02 -1.28705148e-02  4.82977867e-03 ...  2.78979567e-02
 -9.89448129e-03 -4.58151975e-05]",1275,
325,50,2,4,0.8441813721045293,,,"[-0.0617727  -0.01905643  0.01429091 ...  0.03675569 -0.00806022
 -0.01354556]",1275,
425,50,2,4,0.9069093476971364,,,"[-0.0797163  -0.01763986  0.01689116 ...  0.04392507  0.00055124
 -0.00229152]",1275,
525,50,2,4,0.93848065306921,,,"[-0.0849279  -0.02242556  0.00436556 ...  0.036428   -0.01145145
 -0.01024083]",1275,
625,50,2,4,1.0001608761404208,,,"[-0.09051938 -0.01795067 -0.01133686 ...  0.02975857 -0.03045739
 -0.00765807]",1275,
725,50,2,4,1.033770454565373,,,"[-0.09509964 -0.00695849 -0.01991503 ...  0.0466312  -0.01290777
 -0.01362863]",1275,
825,50,2,4,1.1047878391675743,,,"[-0.0796252  -0.02988992 -0.03953588 ...  0.06543891 -0.045065
 -0.00723375]",1275,
925,50,2,4,1.3333306628460049,,,"[-0.08890836 -0.04902586 -0.05923972 ...  0.03544194 -0.0506261
 -0.00810345]",1275,
1025,50,2,4,1.4907542696864737,,,"[-0.11521781 -0.03169024 -0.08145343 ...  0.06176219 -0.02298578
  0.04315025]",1275,
1125,50,2,4,1.6986318274561405,,,"[-0.1643081  -0.08413243 -0.17010234 ...  0.03941546 -0.01310909
  0.03364552]",1275,
1225,50,2,4,2.5881127925010685,,,"[-0.31135479  0.04543546 -0.12316139 ...  0.0625978  -0.02889781
 -0.08785026]",1275,
1325,50,2,4,3.8127434471700132,,,"[-0.14526147 -0.07104374 -0.09800616 ...  0.06326154 -0.04959881
 -0.17756813]",1275,
1425,50,2,4,1.9662798268390247,,,"[-0.22719825 -0.1126142  -0.10324409 ...  0.0097864  -0.08882331
 -0.10414405]",1275,
1525,50,2,4,1.4941317574825865,,,"[-0.26274151 -0.07737291 -0.12523788 ... -0.00034115 -0.06127466
 -0.05208304]",1275,
1625,50,2,4,1.2722987323218484,,,"[-0.22313571 -0.04825768 -0.09817905 ... -0.02369654 -0.06919658
 -0.07330132]",1275,
1725,50,2,4,1.168167808287497,,,"[-0.20155866 -0.05577058 -0.09242009 ... -0.01388467 -0.03308341
 -0.0359325 ]",1275,
1825,50,2,4,1.2223627928854364,,,"[-0.2052068  -0.03799388 -0.07259253 ... -0.02700322 -0.03357398
 -0.03908444]",1275,
1925,50,2,4,1.136622154084841,,,"[-0.20555851 -0.06180165 -0.07045905 ...  0.00795995 -0.02829645
 -0.04036577]",1275,
2025,50,2,4,1.1143213333406772,,,"[-0.2000114  -0.07750932 -0.07660293 ...  0.01345966 -0.02274105
 -0.04292229]",1275,
25,50,2,5,0.6781494235647091,,,"[ 5.64892432e-03  1.79710361e-03 -7.57823950e-05 ... -8.40310289e-04
  2.17937510e-03 -3.73787177e-03]",1275,
125,50,2,5,0.7261723595570834,,,"[-0.01237957  0.0103038   0.00770487 ... -0.00376678  0.00886512
 -0.00099419]",1275,
225,50,2,5,0.7755320550074771,,,"[-0.01804763  0.01135084  0.01027247 ... -0.00211952  0.016432
 -0.00200399]",1275,
325,50,2,5,0.853402646750809,,,"[-0.04070551  0.0092923   0.00233653 ... -0.00907104 -0.00101726
 -0.01543859]",1275,
425,50,2,5,0.8777934705914544,,,"[-0.04628426  0.0054813   0.01115686 ... -0.01292943  0.01071721
 -0.01860013]",1275,
525,50,2,5,0.9056230771600587,,,"[-0.0677073  -0.02174027  0.0093024  ... -0.02552178  0.01692922
 -0.03156239]",1275,
625,50,2,5,0.994555525394116,,,"[-0.08543811 -0.0351419  -0.01864229 ... -0.02029242  0.01597929
 -0.0516487 ]",1275,
725,50,2,5,1.1319303919411328,,,"[-0.08772767 -0.04466262 -0.02943116 ... -0.0076436   0.01082079
 -0.03876003]",1275,
825,50,2,5,1.1997498337505061,,,"[-0.0963941  -0.05575084 -0.06258982 ... -0.01182423  0.02428705
 -0.06874759]",1275,
925,50,2,5,1.3797275956087407,,,"[-0.09651145 -0.07781035 -0.03147843 ... -0.03460953  0.03660619
 -0.04193029]",1275,
1025,50,2,5,1.6441089011666987,,,"[-0.13335977 -0.07985903 -0.02401985 ... -0.00395526  0.03827814
 -0.06827479]",1275,
1125,50,2,5,2.0850176972056134,,,"[-0.11656054 -0.0844947  -0.02127709 ... -0.06647788 -0.05616044
 -0.072511  ]",1275,
1225,50,2,5,3.078894321689708,,,"[-0.14857139 -0.1628705  -0.02088848 ... -0.02518895 -0.01317163
 -0.08803857]",1275,
1325,50,2,5,3.816653359212338,,,"[-0.22647309 -0.16838917  0.15076867 ...  0.25379057 -0.07985592
 -0.14088449]",1275,
1425,50,2,5,1.9465190363910494,,,"[-0.11908709 -0.07076501  0.02774344 ...  0.0769228  -0.07536319
 -0.08145098]",1275,
1525,50,2,5,1.546432609988812,,,"[-0.15722336 -0.084518   -0.02229858 ...  0.0242359  -0.04890909
 -0.04702126]",1275,
1625,50,2,5,1.460201167265543,,,"[-0.16415364 -0.1109988  -0.04577185 ...  0.00857917 -0.0815414
 -0.07559359]",1275,
1725,50,2,5,1.401887247712255,,,"[-0.18032001 -0.11007284 -0.08979326 ... -0.01352515 -0.0653668
 -0.04275715]",1275,
1825,50,2,5,1.26741943477169,,,"[-0.18192173 -0.11632302 -0.09174614 ... -0.00732093 -0.06566628
 -0.02993423]",1275,
1925,50,2,5,1.1679352124573024,,,"[-0.20518679 -0.11253543 -0.09922075 ... -0.01370015 -0.04238078
 -0.04258717]",1275,
2025,50,2,5,1.114321333340676,,,"[-0.2000114  -0.07750932 -0.07660293 ...  0.01345966 -0.02274105
 -0.04292229]",1275,
