sample_size,n,k,repeat,mae,alphas,coef_path,coefficients,non_zero_coef,num_iter
25,50,2,1,0.7747499580879952,,,"[ 0.0108789  -0.00227522 -0.00433124 ...  0.01665357  0.01093595
  0.00538201]",1275,
125,50,2,1,0.7824155072291978,,,"[-0.00736338 -0.01072398 -0.02050862 ...  0.0428836   0.0361502
  0.00113338]",1275,
225,50,2,1,0.8549791990401525,,,"[ 0.00167176 -0.01524582 -0.02215971 ...  0.06572124  0.05529484
 -0.00014971]",1275,
325,50,2,1,0.9117827160185845,,,"[-0.00418428 -0.01144634 -0.03425957 ...  0.09409475  0.0860401
 -0.01775374]",1275,
425,50,2,1,0.8695045375381971,,,"[ 0.02584985 -0.00492374 -0.04821186 ...  0.11292113  0.11284408
 -0.03903423]",1275,
525,50,2,1,0.9217338693046503,,,"[ 0.03720915 -0.00375012 -0.06003807 ...  0.03377038  0.09048797
 -0.00539834]",1275,
625,50,2,1,1.0397738956128881,,,"[ 0.06353857  0.02777941 -0.09413377 ...  0.07199759  0.04268348
 -0.08705346]",1275,
725,50,2,1,1.0742136518299747,,,"[ 0.0332077  -0.02069661 -0.13096381 ...  0.03021337  0.10676073
 -0.08177294]",1275,
825,50,2,1,1.14706965111332,,,"[-0.00740882 -0.00856316 -0.18348389 ...  0.09337847  0.17079796
 -0.15500929]",1275,
925,50,2,1,1.4113017616641286,,,"[ 0.01707402 -0.05400253 -0.28341492 ...  0.1895704   0.30709776
 -0.04251406]",1275,
1025,50,2,1,1.696647657970073,,,"[ 0.19309976 -0.16705558 -0.640815   ...  0.3294024   0.31354998
  0.03306161]",1275,
1125,50,2,1,1.8496775877737457,,,"[ 0.40388624 -0.76146766 -1.34931382 ...  0.33599274  0.09632012
  0.12710887]",1275,
1225,50,2,1,3.732275706377387,,,"[ 1.41865137 -0.94544343 -0.41212522 ...  0.34569064  0.25357847
  0.59114816]",1275,
1325,50,2,1,3.3965640899014975,,,"[ 0.35448295 -1.89840526 -1.74379478 ...  0.23104604  0.34335784
  0.60257242]",1275,
1425,50,2,1,2.2563314839275876,,,"[ 0.08023657 -0.82591683 -2.31355404 ...  0.46124046  0.43588474
  0.55318635]",1275,
1525,50,2,1,1.8045190796895714,,,"[-0.3598724  -0.87990316 -1.61347887 ...  0.35859636  0.33991251
  0.0071457 ]",1275,
1625,50,2,1,1.566495046950622,,,"[-0.74569028 -1.10361097 -1.09908721 ...  0.43149188  0.34829357
  0.06055186]",1275,
1725,50,2,1,1.318226811102798,,,"[-0.87583065 -0.60077254 -1.45801405 ...  0.14716425  0.18826729
  0.06051999]",1275,
1825,50,2,1,1.2037617645810996,,,"[-0.5022147  -0.52412108 -1.41629288 ...  0.15974276  0.26352883
  0.05211338]",1275,
1925,50,2,1,1.1541456491706925,,,"[-0.78405199 -0.92411097 -1.40053137 ...  0.07453098  0.23808362
 -0.03871925]",1275,
2025,50,2,1,1.090755582707452,,,"[-0.41754757 -1.1383933  -1.17972779 ...  0.03667043  0.13571091
 -0.03571661]",1275,
25,50,2,2,0.7337823373022161,,,"[-0.01124793  0.00058905 -0.00321089 ...  0.00365429 -0.01012918
 -0.00014974]",1273,
125,50,2,2,0.848568447634832,,,"[ 0.03749441  0.01164434 -0.00212706 ...  0.02918111 -0.00749167
 -0.0504566 ]",1275,
225,50,2,2,0.8492828929170037,,,"[ 0.04556506 -0.01530289 -0.03275765 ...  0.04178417  0.00389669
 -0.00788874]",1275,
325,50,2,2,0.8502696651436946,,,"[ 0.05339807 -0.02637836 -0.04544421 ...  0.04006916 -0.00352001
  0.02769191]",1275,
425,50,2,2,0.862096973873671,,,"[ 0.04001321 -0.04454064 -0.07108764 ...  0.00126836 -0.05560486
  0.04684282]",1275,
525,50,2,2,0.9329314416962609,,,"[ 0.02585478 -0.04597384 -0.09354612 ...  0.01233776 -0.08509066
  0.11650047]",1275,
625,50,2,2,1.003948115870428,,,"[ 0.06049193 -0.03732906 -0.11954668 ...  0.06663278 -0.10937845
  0.09659299]",1275,
725,50,2,2,1.0774063555334124,,,"[ 0.01902034 -0.15002512 -0.20625831 ... -0.05626058 -0.01593832
  0.15140625]",1275,
825,50,2,2,1.1587213429009973,,,"[-0.06305806 -0.11949964 -0.18806123 ...  0.11821505  0.0982022
  0.08131558]",1275,
925,50,2,2,1.246097934555686,,,"[-0.02302655 -0.12037611 -0.15636757 ...  0.07852347  0.06248642
  0.15492933]",1275,
1025,50,2,2,1.468681550913643,,,"[-0.16436992 -0.1591157  -0.35906513 ...  0.08371283 -0.16637229
  0.29638946]",1275,
1125,50,2,2,1.929813087915058,,,"[-0.1260714  -0.15327972 -0.5299689  ... -0.01173219  0.08212113
  0.08060731]",1275,
1225,50,2,2,3.722841692929446,,,"[-0.05487931  0.23547267 -0.38073488 ...  0.67029872  0.37062408
  0.71557476]",1275,
1325,50,2,2,3.27387422923442,,,"[-2.17750587 -0.40972891 -1.96678371 ...  0.31540469 -0.11692558
  0.02164201]",1275,
1425,50,2,2,2.323073149029255,,,"[-1.12868318 -0.5150503  -1.95025929 ...  0.30506828  0.06497089
  0.29450846]",1275,
1525,50,2,2,1.6595184674600454,,,"[-0.01100939 -0.51675618 -2.50813624 ...  0.27813059  0.47927896
  0.14710475]",1275,
1625,50,2,2,1.4996856878375404,,,"[-0.64945203 -0.59267726 -2.04235852 ...  0.13377466  0.39212803
  0.20354255]",1275,
1725,50,2,2,1.4482437050371573,,,"[-0.49760002 -1.23851588 -1.66358622 ...  0.1816735   0.36905895
  0.08013746]",1275,
1825,50,2,2,1.2693112712820875,,,"[-0.5657959  -1.07343308 -1.30738557 ...  0.09441046  0.2254288
 -0.01171691]",1275,
1925,50,2,2,1.2191951879000498,,,"[-0.37126722 -1.06545979 -1.12297181 ...  0.0496086   0.1860232
 -0.0558473 ]",1275,
2025,50,2,2,1.0907555827074487,,,"[-0.41754757 -1.1383933  -1.17972779 ...  0.03667043  0.13571091
 -0.03571661]",1275,
25,50,2,3,0.7588274481516941,,,"[ 0.01472533  0.00031821 -0.00463983 ... -0.00316998 -0.00583571
 -0.00207179]",1275,
125,50,2,3,0.827598234188186,,,"[ 0.01613844  0.00934733  0.01226458 ...  0.00524593 -0.02974798
 -0.05324314]",1275,
225,50,2,3,0.8303856255643695,,,"[-0.00866584  0.00411337 -0.00487357 ...  0.00021634 -0.07067349
 -0.0604771 ]",1275,
325,50,2,3,0.8259712819168067,,,"[-0.01739357 -0.00647422 -0.02441932 ... -0.0088655  -0.01974375
 -0.02757793]",1275,
425,50,2,3,0.8341818165064814,,,"[-0.00105226 -0.01021877 -0.03524032 ...  0.01375256  0.07905659
 -0.00041832]",1275,
525,50,2,3,0.8359938866891895,,,"[-0.00185907 -0.01795317 -0.05473452 ... -0.01408708  0.11560265
 -0.03680314]",1275,
625,50,2,3,0.8909417967993994,,,"[-0.01356756 -0.06021185 -0.08698406 ...  0.0196029   0.12990224
 -0.08067005]",1275,
725,50,2,3,1.0271703369888205,,,"[-0.00758729 -0.09250641 -0.12155942 ...  0.03604997  0.10080695
 -0.06806699]",1275,
825,50,2,3,1.1015138505864188,,,"[ 0.06148443 -0.13602713 -0.21860389 ...  0.09727376  0.0036553
 -0.07627177]",1275,
925,50,2,3,1.3295969173600843,,,"[-0.03450127 -0.24405362 -0.28973884 ...  0.23908585  0.23467755
 -0.0581449 ]",1275,
1025,50,2,3,1.6526057637796743,,,"[-0.30027428 -0.55247096 -0.40037414 ... -0.03964133  0.49729752
 -0.18841081]",1275,
1125,50,2,3,2.0744060578517978,,,"[-0.2067004  -0.70281464 -0.71295492 ... -0.13295412  0.65279704
 -0.38145358]",1275,
1225,50,2,3,3.2846627129072887,,,"[-0.49511851  2.34509139 -0.49927349 ... -0.44391996  0.78442277
 -0.61383526]",1275,
1325,50,2,3,3.1979719365929795,,,"[-0.67280559  0.40469931 -0.09441849 ... -0.25863088  0.49596986
  0.28483057]",1275,
1425,50,2,3,2.0751762526643813,,,"[-0.37140741 -0.65019385 -0.57896229 ... -0.18489168  0.14136029
  0.04287963]",1275,
1525,50,2,3,1.5686565958913412,,,"[-0.80058055 -1.00352648 -0.51442581 ...  0.0913238   0.36389444
 -0.01134728]",1275,
1625,50,2,3,1.5635631526589548,,,"[-0.21120242 -1.31867528 -1.03770402 ...  0.03904544  0.3798967
 -0.20880679]",1275,
1725,50,2,3,1.32761604152882,,,"[-0.46716814 -1.25541871 -0.77903054 ...  0.08257756  0.18477611
 -0.05280884]",1275,
1825,50,2,3,1.181381702162043,,,"[-0.55836956 -1.51894851 -0.99486521 ...  0.17251976  0.12588849
 -0.1374527 ]",1275,
1925,50,2,3,1.1203151802230575,,,"[-0.58876422 -1.25708603 -1.26544317 ...  0.0796046   0.12647148
 -0.11559103]",1275,
2025,50,2,3,1.0907555827074498,,,"[-0.41754757 -1.1383933  -1.17972779 ...  0.03667043  0.13571091
 -0.03571661]",1275,
25,50,2,4,0.7833611974770036,,,"[ 0.00886956  0.01105513 -0.00362119 ...  0.02289547  0.00171081
  0.01482409]",1273,
125,50,2,4,0.8100695807427257,,,"[ 0.01390611  0.0183283   0.00877782 ...  0.03413048 -0.0222981
 -0.00465531]",1275,
225,50,2,4,0.8101361347085668,,,"[ 0.02037307  0.02346753  0.00050595 ...  0.01874972 -0.04749488
 -0.00060564]",1275,
325,50,2,4,0.8093561218741678,,,"[ 0.0135662   0.00233091 -0.00557518 ... -0.02042054 -0.06178683
  0.01897844]",1275,
425,50,2,4,0.8792448105828947,,,"[-0.00386431 -0.02735945 -0.00936966 ...  0.0794224  -0.06733458
  0.03680533]",1275,
525,50,2,4,0.961604384145781,,,"[-0.01290552 -0.07563799 -0.04839623 ...  0.01909064 -0.03397854
  0.07072921]",1275,
625,50,2,4,1.0124382971778305,,,"[-0.08052245 -0.09530806 -0.07408872 ...  0.05040244  0.00450607
  0.05606395]",1275,
725,50,2,4,1.0790416819090598,,,"[-0.06094149 -0.14481507 -0.12783456 ... -0.02960755  0.04648085
  0.0963201 ]",1275,
825,50,2,4,1.1468517223704067,,,"[-0.15256689 -0.18328228 -0.25214779 ... -0.12920371  0.11589084
  0.05125537]",1275,
925,50,2,4,1.3012154918177754,,,"[-0.12721931 -0.23911901 -0.37998886 ...  0.04251922  0.09533738
  0.09868304]",1275,
1025,50,2,4,1.50004211601338,,,"[-0.11292937 -0.20598504 -0.33122725 ...  0.04742635 -0.09688726
  0.03412097]",1275,
1125,50,2,4,1.9287112905284556,,,"[-0.29445272 -0.47820202 -0.46624407 ...  0.17597782 -0.0451192
  0.17833407]",1275,
1225,50,2,4,3.1330262659495434,,,"[-0.87310534 -2.18206468 -2.14814663 ...  0.80586844  0.25589404
  0.48780818]",1275,
1325,50,2,4,3.033810423243292,,,"[ 0.01391176 -5.11223849 -2.63913936 ...  0.12443172 -0.24844802
  0.20942376]",1275,
1425,50,2,4,1.914528100864086,,,"[ 1.1216179  -3.72840668 -3.01238679 ...  0.24697404  0.05297443
 -0.0888445 ]",1275,
1525,50,2,4,1.637885615046194,,,"[ 0.76822642 -3.14233635 -2.38610419 ...  0.29419327 -0.03413551
  0.10966217]",1275,
1625,50,2,4,1.5127373527098678,,,"[ 0.19973309 -2.08983097 -1.93612115 ...  0.11748528  0.0523901
 -0.0314109 ]",1275,
1725,50,2,4,1.3156292726829986,,,"[-0.47590915 -1.63512438 -1.54996549 ...  0.16844658  0.14813342
 -0.11280308]",1275,
1825,50,2,4,1.233619230704643,,,"[-0.29340961 -1.73821684 -1.55434549 ...  0.09811641  0.0954082
 -0.06609263]",1275,
1925,50,2,4,1.1580607091141821,,,"[-0.43825597 -1.55961927 -1.51719715 ...  0.08564717  0.06231799
 -0.11903471]",1275,
2025,50,2,4,1.0907555827074396,,,"[-0.41754757 -1.1383933  -1.17972779 ...  0.03667043  0.13571091
 -0.03571661]",1275,
25,50,2,5,0.8199824969905194,,,"[ 0.00584535 -0.00542716 -0.00163556 ... -0.00258524  0.0061556
  0.0043087 ]",1272,
125,50,2,5,0.8090201240618086,,,"[ 0.02326611 -0.00318207 -0.00915708 ... -0.00944416 -0.00377504
  0.02878674]",1275,
225,50,2,5,0.8290334487485825,,,"[ 0.02990317 -0.00794098 -0.00584681 ... -0.0140153  -0.00282032
  0.04281727]",1275,
325,50,2,5,0.8109665435493832,,,"[ 0.04290392 -0.02184515  0.01331985 ... -0.00463797  0.0097468
  0.01697948]",1275,
425,50,2,5,0.8316157362979044,,,"[ 0.04066323 -0.02101836 -0.01587912 ...  0.04986078  0.02044228
  0.0066656 ]",1275,
525,50,2,5,0.8580824752553133,,,"[ 0.03363431 -0.03483733 -0.02724315 ...  0.05615533  0.00512714
 -0.01607286]",1275,
625,50,2,5,0.9066835629386912,,,"[ 0.01429358 -0.05699003 -0.04192846 ...  0.05949193 -0.02123919
  0.00331116]",1275,
725,50,2,5,0.9868236784640839,,,"[ 0.03873114 -0.13067816 -0.05900384 ...  0.04664331  0.05425464
  0.09136274]",1275,
825,50,2,5,1.0664308569783787,,,"[ 0.05894567 -0.16270056 -0.05457898 ...  0.14423586  0.00207567
  0.08909426]",1275,
925,50,2,5,1.1814952943197006,,,"[ 0.15546481 -0.25083339 -0.10314404 ...  0.22428088 -0.01557878
 -0.04983673]",1275,
1025,50,2,5,1.4682465335338708,,,"[ 0.23422074 -0.30866383 -0.28757139 ...  0.13167259  0.07154623
 -0.10829619]",1275,
1125,50,2,5,1.8320548466557796,,,"[ 0.1641843  -0.59056936  0.0705509  ...  0.05687686  0.03355705
 -0.04698308]",1275,
1225,50,2,5,2.976789878781541,,,"[-1.05079163 -0.20873136  0.75479217 ... -0.00229879  0.22236318
  0.39184148]",1275,
1325,50,2,5,3.5405701845022928,,,"[-0.39824968  1.50117063  0.5909795  ...  1.21671697  0.15542793
 -0.19390036]",1275,
1425,50,2,5,1.8918940811627374,,,"[ 0.32860338 -2.55514361 -0.0133982  ...  0.06636624  0.27003172
  0.3387285 ]",1275,
1525,50,2,5,1.6064826128424392,,,"[ 0.01562998 -2.1548053  -0.18136512 ...  0.08946435  0.61962602
  0.10987301]",1275,
1625,50,2,5,1.4373031205479652,,,"[-0.62073753 -1.53123414 -0.75267014 ...  0.0879826   0.37688808
  0.09239416]",1275,
1725,50,2,5,1.275130914118909,,,"[-0.56701976 -1.52948145 -0.89098682 ...  0.00602433  0.34498202
  0.12637633]",1275,
1825,50,2,5,1.142689906096437,,,"[-0.67780893 -1.09256399 -1.15575693 ...  0.0029066   0.33843379
  0.01596182]",1275,
1925,50,2,5,1.1200239277719044,,,"[-0.47768763 -1.01490949 -1.03004475 ...  0.02999673  0.23573503
  0.00185892]",1275,
2025,50,2,5,1.090755582707464,,,"[-0.41754757 -1.1383933  -1.17972779 ...  0.03667043  0.13571091
 -0.03571661]",1275,
