sample_size,n,k,repeat,mae,alphas,coef_path,coefficients,non_zero_coef,num_iter
50,100,2,1,0.9097856043026673,,,"[-0.0024597  -0.00145186  0.00362539 ...  0.00329414 -0.00649771
 -0.00197112]",5050,
300,100,2,1,0.8559932943428947,,,"[ 0.00208385  0.00437258  0.00130648 ...  0.0337787  -0.01385105
  0.00403174]",5050,
550,100,2,1,0.8877522112814966,,,"[ 0.00991575  0.00067197 -0.00179398 ...  0.03643676 -0.0090502
 -0.0014304 ]",5050,
800,100,2,1,0.8512986930763747,,,"[ 0.01103749 -0.00498351 -0.00491905 ...  0.02363028 -0.03054395
 -0.00954635]",5050,
1050,100,2,1,0.8844435219745265,,,"[ 0.00805558 -0.00449519 -0.00949073 ...  0.02648604 -0.04143902
 -0.01673886]",5050,
1300,100,2,1,0.8784862331045986,,,"[ 0.00303894 -0.00385615 -0.01346084 ...  0.03044453 -0.01883124
 -0.01336682]",5050,
1550,100,2,1,0.8854319440506287,,,"[ 0.00162529 -0.01470507 -0.02856096 ...  0.04299684 -0.03515668
 -0.04099617]",5050,
1800,100,2,1,0.9071965927735818,,,"[ 0.00382056 -0.01158918 -0.01968686 ...  0.04388405 -0.04187304
 -0.0377164 ]",5050,
2050,100,2,1,0.9134243097186578,,,"[ 0.00697445 -0.01764186 -0.02550514 ...  0.05547492 -0.06210334
 -0.03817922]",5050,
2300,100,2,1,0.9318522357962058,,,"[ 0.01169264 -0.02067457 -0.01738021 ...  0.06643357 -0.10383564
 -0.0566063 ]",5050,
2550,100,2,1,1.0159970740913327,,,"[ 0.0151109  -0.03108269 -0.01121233 ...  0.09436995 -0.11143524
 -0.07098511]",5050,
2800,100,2,1,1.0603376797181647,,,"[ 0.02270122 -0.05966801 -0.0194488  ...  0.13883115 -0.13447539
 -0.08776413]",5050,
3050,100,2,1,1.133417341358789,,,"[ 0.01828502 -0.08750639 -0.02599683 ...  0.10039665 -0.10821269
 -0.11326429]",5050,
3300,100,2,1,1.2871243712570009,,,"[ 0.02617961 -0.12619507 -0.06176722 ...  0.14606488 -0.09515859
 -0.13762799]",5050,
3550,100,2,1,1.3908589130188,,,"[ 0.04042898 -0.10854851 -0.07063469 ...  0.14551961 -0.08257814
 -0.11240901]",5050,
3800,100,2,1,1.50859417596107,,,"[ 0.0326034  -0.17890952 -0.09023919 ...  0.1860206  -0.07104284
 -0.09122339]",5050,
4050,100,2,1,1.6543507849379233,,,"[ 0.0803278  -0.21258109 -0.08300644 ...  0.22643253 -0.04218007
 -0.08722183]",5050,
4300,100,2,1,1.8366399274188308,,,"[ 0.18725003 -0.4693854  -0.08416556 ...  0.18352545 -0.05847696
 -0.17657935]",5050,
4550,100,2,1,2.2992399689805625,,,"[ 0.27381906 -0.43412614  0.08076375 ...  0.25801989 -0.02984618
 -0.20742058]",5050,
4800,100,2,1,3.539266129921683,,,"[-0.35586993 -0.55939649  1.35295777 ...  0.27832601  0.23771882
 -0.0899337 ]",5050,
5050,100,2,1,78.57772290221294,,,"[ 9.80326374 15.71198261 16.26529545 ... -4.87147369 -0.23944718
  0.42728449]",5050,
50,100,2,2,0.9711874674398683,,,"[ 0.00768758  0.00738578  0.00582885 ...  0.00553786 -0.0004755
  0.00195702]",5050,
300,100,2,2,0.8568192956845394,,,"[ 0.00985916  0.00544978  0.00775455 ... -0.00272191  0.00051609
  0.01287472]",5050,
550,100,2,2,0.8713829492477038,,,"[ 0.00735002  0.00178454  0.00321179 ... -0.0013869   0.00939007
 -0.00673085]",5050,
800,100,2,2,0.9190266638679503,,,"[ 0.00748372 -0.00090611 -0.00148987 ...  0.02128318  0.01965433
 -0.03757727]",5050,
1050,100,2,2,0.9630091161335121,,,"[ 0.01275075 -0.00507647 -0.01006462 ...  0.0232462   0.0025142
 -0.04209991]",5050,
1300,100,2,2,0.9832373440291979,,,"[ 0.00972951 -0.01005438 -0.01346469 ...  0.0423678   0.01531587
 -0.02185202]",5050,
1550,100,2,2,0.9722628605923939,,,"[ 0.01031186 -0.02025096 -0.01766353 ...  0.0393245   0.03328239
 -0.01003459]",5050,
1800,100,2,2,0.9799174498914277,,,"[ 0.00939897 -0.0245451  -0.02515332 ...  0.07843579  0.02219972
 -0.01278117]",5050,
2050,100,2,2,0.9711126504590379,,,"[ 0.01179468 -0.02580328 -0.03518365 ...  0.09973287 -0.01801643
  0.00042937]",5050,
2300,100,2,2,1.0103128457952073,,,"[-7.90223798e-05 -3.81225813e-02 -3.91931417e-02 ...  1.39483819e-01
  4.62103776e-06 -4.23858841e-02]",5050,
2550,100,2,2,1.0088786723599878,,,"[ 0.00766744 -0.0278547  -0.0228046  ...  0.16003528  0.00918795
 -0.04455301]",5050,
2800,100,2,2,1.067923523387219,,,"[ 0.00931686 -0.04116972 -0.01365971 ...  0.15888689  0.00508199
 -0.06767252]",5050,
3050,100,2,2,1.1157933166596081,,,"[ 0.00937253 -0.06064506 -0.01256377 ...  0.14913011  0.0487147
 -0.02856356]",5050,
3300,100,2,2,1.2171090315172017,,,"[-0.00910569 -0.0648696  -0.01645998 ...  0.13522627  0.04908243
 -0.09021555]",5050,
3550,100,2,2,1.2897319875896387,,,"[-0.05143954 -0.0848352  -0.02291109 ...  0.11533126  0.07321552
 -0.14143262]",5050,
3800,100,2,2,1.4715789253618703,,,"[-0.05262996 -0.09744991 -0.0909108  ...  0.1274062   0.04272688
 -0.20846213]",5050,
4050,100,2,2,1.7450453601930134,,,"[-0.08255335 -0.12488617 -0.03907827 ...  0.10086032  0.07867676
 -0.21462105]",5050,
4300,100,2,2,1.9399530671066827,,,"[ 0.083996   -0.1465184   0.11201191 ...  0.09857648  0.01883032
 -0.22431191]",5050,
4550,100,2,2,2.2850763875985054,,,"[ 0.38802888 -0.37087248  0.31276542 ...  0.12436276 -0.05270022
 -0.20217383]",5050,
4800,100,2,2,3.170902721759566,,,"[ 0.08797226 -0.61140953  0.96489592 ... -0.06495761 -0.06951789
 -0.00098966]",5050,
5050,100,2,2,78.57772290220879,,,"[ 9.80326374 15.71198261 16.26529545 ... -4.87147369 -0.23944718
  0.42728449]",5050,
50,100,2,3,0.9484521800022889,,,"[ 0.010702   -0.003505   -0.00013477 ... -0.00428196 -0.00104412
 -0.00126872]",5050,
300,100,2,3,1.0070503149323264,,,"[ 0.02633776  0.00605143  0.00371529 ...  0.00671979  0.00338234
 -0.02066895]",5050,
550,100,2,3,0.894413452000814,,,"[ 0.02532273  0.00077372  0.00318002 ...  0.01488616  0.0234663
 -0.00541285]",5050,
800,100,2,3,0.9089611938058988,,,"[ 0.02115367 -0.00751937 -0.00165996 ...  0.01267876  0.02850978
 -0.00362447]",5050,
1050,100,2,3,0.9151763038200983,,,"[ 0.02495435 -0.01112011 -0.00703125 ...  0.02818129  0.05064274
 -0.02219813]",5050,
1300,100,2,3,0.9251638264682055,,,"[ 0.02025768 -0.01876085 -0.01398824 ...  0.02970021  0.07329574
 -0.0362262 ]",5050,
1550,100,2,3,0.9283067673595877,,,"[ 0.02142868 -0.02597108 -0.01010042 ...  0.01822649  0.09444103
 -0.02325744]",5050,
1800,100,2,3,0.9307763422717937,,,"[ 0.03528489 -0.0243578  -0.01606893 ...  0.03617858  0.09284257
 -0.01726184]",5050,
2050,100,2,3,0.952500604231339,,,"[ 0.03853154 -0.02985794 -0.01221937 ...  0.06509802  0.10283709
 -0.01048744]",5050,
2300,100,2,3,1.00573952459216,,,"[ 0.03612265 -0.03672715 -0.03290142 ...  0.06004571  0.09643613
 -0.02008408]",5050,
2550,100,2,3,1.0523278187592233,,,"[ 0.03888274 -0.04987143 -0.02542093 ...  0.04330777  0.08619753
 -0.05993687]",5050,
2800,100,2,3,1.1299874698516528,,,"[ 0.04538363 -0.05978481 -0.02660476 ...  0.04268936  0.08506073
 -0.07037673]",5050,
3050,100,2,3,1.2036274803059819,,,"[ 0.04534674 -0.05665207 -0.03817304 ...  0.04366541  0.06354034
 -0.0847791 ]",5050,
3300,100,2,3,1.2872276241088394,,,"[ 0.03946836 -0.09598823 -0.0526888  ...  0.09887126  0.06163771
 -0.12836189]",5050,
3550,100,2,3,1.4128752985893431,,,"[ 0.02068691 -0.12640982 -0.06145856 ...  0.08636342  0.01882268
 -0.11073469]",5050,
3800,100,2,3,1.5223904930243202,,,"[ 0.0335232  -0.14671773 -0.0401291  ...  0.08331564  0.02794556
 -0.14272161]",5050,
4050,100,2,3,1.727659754864626,,,"[ 0.07567405 -0.22521668 -0.06292512 ...  0.16269587 -0.07959962
 -0.1030445 ]",5050,
4300,100,2,3,2.0006974631728633,,,"[ 0.08261311 -0.23670101  0.06815634 ...  0.13918145 -0.07520578
 -0.04471214]",5050,
4550,100,2,3,2.455588133811051,,,"[ 0.1311992  -0.53710065  0.60826282 ...  0.31779427 -0.09699185
 -0.02486333]",5050,
4800,100,2,3,3.80518038708625,,,"[-0.18631034 -0.58945199  1.61455978 ... -0.07880938  0.23716158
 -0.31670433]",5050,
5050,100,2,3,78.57772290222302,,,"[ 9.80326374 15.71198261 16.26529545 ... -4.87147369 -0.23944718
  0.42728449]",5050,
50,100,2,4,0.8859483728069114,,,"[ 0.00217964  0.00164898  0.00499352 ... -0.00163808  0.00084769
 -0.00171361]",5050,
300,100,2,4,0.9104643142688837,,,[0.00959246 0.00610699 0.01266503 ... 0.00575738 0.00933822 0.00596183],5050,
550,100,2,4,0.8021749597236715,,,"[ 0.01239053  0.00893617  0.00803847 ... -0.01253287  0.01985014
 -0.00856096]",5050,
800,100,2,4,0.8144517762162587,,,"[ 0.01354577  0.00356923  0.00583302 ... -0.04232236  0.02156698
  0.00145461]",5050,
1050,100,2,4,0.8273650204273798,,,"[ 0.00846342  0.00252031  0.00218531 ... -0.05138472  0.02204972
 -0.00807862]",5050,
1300,100,2,4,0.8314441425531117,,,"[ 0.0076735  -0.00040427 -0.00420331 ... -0.0367366   0.0209446
 -0.02223696]",5050,
1550,100,2,4,0.837012084807996,,,"[ 0.0139296  -0.00184787 -0.0111649  ... -0.02927124  0.04085047
 -0.04151247]",5050,
1800,100,2,4,0.8596633483518121,,,"[ 0.01686504 -0.00784596 -0.01739893 ... -0.01848776  0.00654009
 -0.03129983]",5050,
2050,100,2,4,0.9060084927368643,,,"[ 0.01720783 -0.01371452 -0.01793262 ... -0.03759894  0.0086052
 -0.01525603]",5050,
2300,100,2,4,0.9533943770919557,,,"[ 0.0215586  -0.01729694 -0.02044133 ... -0.0264772  -0.00399314
 -0.03249405]",5050,
2550,100,2,4,0.9753111799595473,,,"[ 0.0077268  -0.02476927 -0.02826156 ... -0.01811335 -0.05622601
 -0.0359042 ]",5050,
2800,100,2,4,1.0233801295435023,,,"[ 0.03150994 -0.02205832 -0.03769424 ... -0.03127983 -0.06273227
 -0.06849212]",5050,
3050,100,2,4,1.071838898150425,,,"[ 0.03210527 -0.01532919 -0.05144774 ...  0.01709812 -0.13603823
 -0.07977541]",5050,
3300,100,2,4,1.1946670218948237,,,"[ 0.03678046 -0.05857993 -0.05596061 ...  0.0231063  -0.12201208
 -0.06670639]",5050,
3550,100,2,4,1.2270709720565594,,,"[ 0.03974528 -0.07647937 -0.09602559 ...  0.04187978 -0.12565685
 -0.08259913]",5050,
3800,100,2,4,1.2946906357683383,,,"[ 0.07418199 -0.11268837 -0.11026314 ...  0.05291366 -0.16215594
 -0.00630828]",5050,
4050,100,2,4,1.5402350213430145,,,"[ 0.14704299 -0.18527231 -0.09456143 ...  0.09286251 -0.17561655
  0.01532426]",5050,
4300,100,2,4,1.7441363990546768,,,"[ 0.25208515 -0.30360547  0.00084906 ...  0.05674459 -0.10367174
 -0.11013278]",5050,
4550,100,2,4,2.24855629987366,,,"[ 0.39912067 -0.49229149  0.03791247 ...  0.14236193 -0.105595
 -0.17271373]",5050,
4800,100,2,4,3.3958546852003666,,,"[ 0.69048772 -0.93796782  0.30991171 ... -0.00885948 -0.09307579
 -0.01011981]",5050,
5050,100,2,4,78.57772290220336,,,"[ 9.80326374 15.71198261 16.26529545 ... -4.87147369 -0.23944718
  0.42728449]",5050,
50,100,2,5,0.8319240869083859,,,"[ 0.00645987  0.00545727  0.00467588 ...  0.00121514 -0.00191529
 -0.00096575]",5050,
300,100,2,5,0.8563896914334203,,,"[ 0.01477064  0.00621664 -0.00111503 ...  0.00495066  0.02306462
 -0.01124172]",5050,
550,100,2,5,0.8174769393455068,,,"[ 0.01698444 -0.00013101 -0.00590904 ...  0.01675952 -0.0090945
 -0.03156865]",5050,
800,100,2,5,0.7848438539800497,,,"[ 0.01777084  0.00051391 -0.00924789 ...  0.01273899 -0.00737086
 -0.02792632]",5050,
1050,100,2,5,0.791701039099238,,,"[ 0.01701785 -0.00311177 -0.01639159 ...  0.04537716  0.01601304
 -0.02436952]",5050,
1300,100,2,5,0.80879425139138,,,"[ 0.01619755 -0.00670785 -0.01602581 ...  0.02225097  0.03114638
  0.00982241]",5050,
1550,100,2,5,0.8225053709748801,,,"[ 0.01786195 -0.01506907 -0.01493224 ...  0.01394748  0.04707809
  0.02742072]",5050,
1800,100,2,5,0.9036450259689741,,,"[ 0.005414   -0.0224808  -0.0183186  ...  0.01938221  0.07874277
  0.00966359]",5050,
2050,100,2,5,0.9262056682195646,,,"[-0.00258816 -0.02897958 -0.01441249 ...  0.02863581  0.02064059
  0.02001687]",5050,
2300,100,2,5,1.0030282822141765,,,"[-0.0130004  -0.03430472 -0.01760758 ...  0.04951413  0.02909175
  0.0485769 ]",5050,
2550,100,2,5,1.0935121139474524,,,"[-0.00797247 -0.03414333 -0.0201061  ...  0.04154622  0.05851271
  0.04055026]",5050,
2800,100,2,5,1.1674382136395791,,,"[-0.01786822 -0.04441088 -0.02759696 ...  0.02393753  0.07393352
  0.05048803]",5050,
3050,100,2,5,1.248238101457484,,,"[-0.01650189 -0.05786383 -0.04746718 ...  0.04169882  0.03278886
  0.06264203]",5050,
3300,100,2,5,1.271516899330586,,,"[ 0.00102754 -0.04758495 -0.02499292 ...  0.08127637 -0.00148317
  0.05138102]",5050,
3550,100,2,5,1.3598563762341354,,,"[-0.03364243 -0.10553101  0.00970347 ...  0.12443851  0.00263967
 -0.01171403]",5050,
3800,100,2,5,1.4215098179383916,,,"[-0.06888192 -0.13354877  0.01132372 ...  0.11537666  0.01349412
 -0.02596154]",5050,
4050,100,2,5,1.5657527363528396,,,"[-0.09788236 -0.12964718 -0.04448264 ...  0.12608157  0.054288
 -0.01653697]",5050,
4300,100,2,5,2.030908824472088,,,"[-0.02325597 -0.19600091  0.06471282 ...  0.11289802  0.18436271
  0.0194353 ]",5050,
4550,100,2,5,2.447038638767822,,,"[ 0.26492798 -0.70360111  0.46081606 ... -0.01270649  0.19068879
  0.02011017]",5050,
4800,100,2,5,3.571841422849921,,,"[-0.11228694 -1.30242671  1.71412254 ...  0.19507146  0.29028808
 -0.35953354]",5050,
5050,100,2,5,78.57772290223002,,,"[ 9.80326374 15.71198261 16.26529545 ... -4.87147369 -0.23944718
  0.42728449]",5050,
