sample_size,n,k,repeat,mae,alphas,coef_path,coefficients,non_zero_coef,num_iter
25,50,1,1,0.875759905308085,,,"[-0.00528628 -0.2714651  -0.23975805 -0.46498968 -0.12605963  0.37599008
 -0.23441463  0.3212674  -0.02958036  0.00974426 -0.0994162  -0.4873542
  0.09930004 -0.23425859 -0.07088659 -0.05940506  0.13526444 -0.00510346
 -0.0836121   0.06606861 -0.439197   -0.36263621 -0.00181959 -0.03721598
 -0.04412816 -0.16884232  0.1074946   0.2039648  -0.01948397 -0.16513512
  0.22589786  0.14662103  0.24343817 -0.23873129 -0.45206071  0.54333424
  0.14713364  0.27376047 -0.31585211 -0.32481961 -0.09188718 -0.19116307
 -0.01571969  0.13607558  0.23648769 -0.4187336   0.05250717  0.07835631
  0.1244245   0.02889062]",50,
75,50,1,1,1.111840405352741,,,"[ 0.76518156 -0.13095665 -0.4003141   0.29224269 -0.36707976  0.52911959
 -0.27851187 -0.07300019 -0.34074309 -0.07641207  0.28080269  0.18312703
 -0.11916075 -0.22328065  0.11684623  0.1851433  -0.25241384 -0.23126357
 -0.70034976  0.18365165 -0.41644283 -0.41403839  0.0472652  -0.35111915
 -0.03542518  0.53096415 -0.04682271 -0.26165521  0.43616512  0.11176543
 -0.0545913   0.14498178 -0.43177456  0.11076551 -0.79778431 -0.08266881
  0.13700551  0.17421129  0.14136019 -0.48737796  0.31503123 -0.34177853
  0.09624072  0.52718276 -0.2766367  -0.1318444   0.13517368 -0.00606256
  0.13373562 -0.08933041]",50,
125,50,1,1,0.8454526271581603,,,"[ 0.42546266 -0.09266303 -0.2878209   0.11616457 -0.2813008   0.04672342
 -0.20561159 -0.12004015 -0.12012906 -0.02641558  0.10788888  0.05375496
 -0.14334418 -0.26243885  0.17448068 -0.1886478  -0.03608615  0.00690955
 -0.39428131  0.12334616 -0.33147048 -0.26183625  0.08418494 -0.22637174
  0.07970434  0.34850751 -0.24997398 -0.23734353  0.25385493 -0.13006886
  0.19188958  0.24806218 -0.14869807  0.13953443 -0.46596045 -0.14207277
  0.23329489  0.0120229   0.05179531 -0.09340957  0.30294885 -0.21958575
  0.12653381  0.24337548 -0.42802695 -0.19126838  0.29163425 -0.16320392
  0.08877188 -0.26705594]",50,
175,50,1,1,0.8065509123851967,,,"[ 0.339059   -0.03849987 -0.06209119  0.28328579 -0.04281065  0.10504313
 -0.09841564 -0.04219526  0.05856821  0.05167124  0.06299955  0.06237144
  0.10436447 -0.2174041   0.10190837 -0.08102555  0.15941109  0.11030886
 -0.28022091 -0.0467045  -0.26950027 -0.21355165  0.04533465 -0.1212674
  0.00375644  0.28370975 -0.13552257 -0.19445219  0.31797609 -0.10512528
  0.17381612  0.21600504 -0.19170633  0.08761258 -0.44667252 -0.03720389
  0.18599869 -0.01469572  0.03912238 -0.16486737  0.20272738 -0.25012483
  0.02745876  0.17370759 -0.24276087 -0.06916841  0.22069784 -0.14563231
  0.08889665 -0.15382546]",50,
225,50,1,1,0.7574400211629074,,,"[ 0.40856922  0.05373466 -0.04263387  0.30452724  0.0927255   0.09191643
 -0.0607856  -0.00740968  0.04644348 -0.00221285 -0.01713693 -0.09284795
  0.09935087 -0.23490781 -0.08783379 -0.05318306  0.10294317  0.14467717
 -0.15656253  0.07152259 -0.25234442 -0.21126242  0.07440602 -0.0923545
  0.05424072  0.20279977 -0.07312006 -0.08256147  0.21997175 -0.17940035
  0.12171151  0.21206535 -0.15737963  0.05876195 -0.37372565 -0.05974878
  0.25815807 -0.00864287  0.02623125 -0.09350748  0.20285694 -0.2936983
 -0.02220247  0.03049948 -0.24389698  0.00707213  0.15340263 -0.04830993
  0.06075717 -0.09252898]",50,
275,50,1,1,0.7785897477465267,,,"[ 4.02944729e-01  5.90166396e-02  6.39289404e-03  3.48220739e-01
  1.10994958e-01  1.61850679e-01 -5.01170463e-02 -3.51658171e-02
  1.38520596e-01 -8.81858659e-03 -7.80851836e-02 -4.98980628e-02
  1.29802112e-01 -2.31276270e-01 -8.94311205e-03  1.95044542e-02
  4.46996316e-02  1.71081750e-01 -1.04143331e-01  9.75748413e-02
 -1.78864316e-01 -2.25029820e-01  5.35806636e-02 -7.48822653e-02
  3.98785039e-02  9.26122488e-02 -1.10143008e-01 -9.90896533e-03
  1.00151499e-01 -2.50640829e-01 -9.98208221e-03  1.33469521e-01
 -1.70601977e-01  1.74238300e-01 -2.68675119e-01 -1.06945267e-01
  1.87247558e-01 -7.05758810e-02 -6.71609241e-03 -1.44922212e-02
  1.09348168e-01 -2.04048223e-01  2.15695120e-02 -2.81935470e-03
 -5.67844044e-02  1.55886894e-01  1.88897942e-01 -1.05695325e-01
  1.27676223e-01 -5.38831145e-05]",50,
325,50,1,1,0.783318455209423,,,"[ 0.38696924  0.11796944  0.07950964  0.40726598 -0.00675519  0.05024185
 -0.04194368  0.00480232  0.11584823  0.01279011 -0.02090862 -0.06367622
  0.1666523  -0.30646093 -0.0044297  -0.07884277  0.15309153  0.13156726
 -0.04956777  0.02970919 -0.16072711 -0.24419814  0.03246253 -0.08007662
  0.06242644  0.17556694 -0.06390672  0.03173999  0.04694851 -0.20849793
  0.06401731  0.18168627 -0.10432639  0.17674445 -0.21179486 -0.01718865
  0.20229845 -0.13263654 -0.09630624 -0.08626918  0.1405816  -0.19845552
  0.01750962  0.09772139 -0.0239202   0.09638829  0.19840499 -0.1112539
  0.09497879  0.05596292]",50,
375,50,1,1,0.7654252490035327,,,"[ 0.32465565  0.1330134   0.06005872  0.43570939 -0.00201633  0.03923159
 -0.03759707 -0.03343458  0.12994053 -0.03154317 -0.01327342 -0.06778259
  0.13036938 -0.26720544  0.03173376 -0.11226373  0.12235177  0.13559967
 -0.02255059  0.08272682 -0.16178146 -0.21224527  0.01066185 -0.10025098
  0.02136914  0.15098184 -0.07700321 -0.01303459  0.02015932 -0.17521138
 -0.01343467  0.18479677 -0.10692628  0.17082516 -0.11428253  0.00854153
  0.2171138  -0.1051655  -0.08489069 -0.09687537  0.05738738 -0.20288907
  0.00121757  0.09593993 -0.0542914   0.11758907  0.21554251 -0.13984898
  0.11607562  0.07894801]",50,
425,50,1,1,0.7596295840792391,,,"[ 3.16655055e-01  1.21702495e-01  2.71180566e-02  4.55886791e-01
  1.17763504e-02  4.23337575e-02 -2.90314647e-02 -2.14333129e-02
  8.75483890e-02 -3.07081783e-02 -4.93288936e-02 -4.83684506e-02
  1.00823451e-01 -2.42543646e-01  1.92200895e-02 -1.34813521e-01
  1.59647898e-01  9.05834135e-02 -1.71885569e-02  1.12278133e-01
 -1.63297644e-01 -2.24111706e-01 -4.04263900e-03 -7.93259994e-02
  2.16649361e-02  1.14687361e-01 -1.11690396e-01 -2.47635872e-02
  9.34190176e-03 -1.40551256e-01  3.67457897e-02  1.90781996e-01
 -1.26290820e-01  1.43323442e-01 -1.27184599e-01  4.51973025e-04
  2.07729144e-01 -8.92547153e-02 -1.01550919e-01 -8.12983913e-02
  6.18196191e-02 -1.67487263e-01  3.48353355e-02  8.42037283e-02
 -7.46769332e-02  1.51631191e-01  2.07523653e-01 -1.56830117e-01
  7.76554898e-02  1.08880820e-01]",50,
475,50,1,1,0.7814706333711023,,,"[ 0.37743873  0.12252754  0.05287554  0.50483986 -0.00555326  0.07462179
 -0.03416517  0.01436428  0.04238441 -0.10421969 -0.05161281 -0.07907764
  0.13082875 -0.23393194  0.05701674 -0.1394327   0.12524882  0.06706176
 -0.02946802  0.07880351 -0.16242443 -0.22747261 -0.00434284 -0.03225717
 -0.07013811  0.08601556 -0.10522031  0.04106068  0.05799656 -0.13555019
  0.09957547  0.16519094 -0.24049316  0.14528233 -0.09767217 -0.0301497
  0.16938017 -0.08770066 -0.02472533 -0.17369046  0.07484296 -0.20380709
  0.05643234  0.13417232  0.00504175  0.13315042  0.16618895 -0.10622345
  0.11333329  0.07353733]",50,
525,50,1,1,0.7348940663452953,,,"[ 3.36596209e-01  1.03614499e-01  5.57890405e-02  4.77844827e-01
  6.36972808e-03  4.36616950e-02 -4.57162283e-02  1.40217095e-02
  2.15598242e-02 -1.41854724e-01 -1.31564001e-01 -4.90350923e-03
  9.31149560e-02 -1.91585751e-01 -3.45138067e-02 -1.03060902e-01
  1.05738777e-01  4.45135296e-02 -1.25806417e-03  8.96945713e-02
 -1.42220402e-01 -1.68306778e-01 -1.73785294e-02 -8.44420246e-02
  2.11649651e-04  5.12267435e-02 -7.73181678e-02 -4.87817934e-03
  4.60602387e-02 -1.49514964e-01  1.22145667e-01  7.02113186e-02
 -2.20348348e-01  4.80250436e-02 -6.67129012e-02 -5.46417694e-02
  1.19684815e-01 -6.93175261e-02 -6.47389406e-02 -1.88360324e-01
  6.16282291e-02 -1.01297478e-01  4.92710787e-02  1.24479883e-01
 -1.33085059e-02  1.19663905e-01  1.20561430e-01 -5.67985617e-02
  1.05491357e-01 -1.20051918e-02]",50,
575,50,1,1,0.7291720565506217,,,"[ 0.33036351  0.13037895  0.06961255  0.45326974 -0.00116912 -0.00316334
 -0.03632787 -0.00375995  0.04695114 -0.1216251  -0.15291782 -0.0462141
  0.09307274 -0.1437916  -0.01948526 -0.12671966  0.09302107  0.08311392
 -0.00685126  0.09149027 -0.12221291 -0.17576709  0.00150823 -0.03519624
  0.02847066  0.01526688 -0.08088529 -0.01345313  0.03810757 -0.18378123
  0.10980064  0.10217524 -0.19108881  0.04814026 -0.04999071 -0.04548792
  0.09993836 -0.04010418 -0.07557613 -0.12123222  0.04422027 -0.11338755
  0.10320086  0.07796493  0.00204326  0.08495575  0.14735174 -0.09240715
  0.12547789 -0.01112792]",50,
625,50,1,1,0.7139872374216606,,,"[ 0.3391266   0.14380005  0.0790018   0.44575876 -0.01868587 -0.03279249
 -0.01374659  0.02118758  0.04504849 -0.13674084 -0.18444323 -0.04121288
  0.0766014  -0.10121621 -0.01053954 -0.12138521  0.08226982  0.07457271
 -0.03225087  0.11011853 -0.11938281 -0.12115724 -0.01062248 -0.02146596
  0.02240398  0.01172561 -0.08498599 -0.02204856  0.0204918  -0.20232123
  0.06234873  0.08681035 -0.19639463  0.01052818 -0.04387163 -0.0339354
  0.11838016 -0.05368856 -0.05448353 -0.11692746  0.02373961 -0.13896269
  0.0791696   0.02585636  0.0013481   0.06319332  0.14824037 -0.08308811
  0.13515507 -0.02956636]",50,
675,50,1,1,0.7029890966615392,,,"[ 0.3484202   0.13343282  0.06507534  0.4171898   0.02252111 -0.03159735
 -0.00454741  0.01969033  0.08525683 -0.11352287 -0.17703884 -0.04478689
  0.06624426 -0.09110993  0.00262847 -0.08278601  0.04991285  0.10464191
 -0.02908741  0.12969929 -0.12739198 -0.09058265 -0.01346363 -0.00099612
 -0.00546018 -0.02420411 -0.06048176 -0.05614038  0.05593835 -0.1978554
  0.06743865  0.06954937 -0.17222619 -0.01525304 -0.02496032 -0.05702362
  0.12786577 -0.05025783 -0.0607263  -0.08291851  0.00885663 -0.12717671
  0.04774087  0.009562    0.01440695  0.06157069  0.13376044 -0.09040578
  0.11702401 -0.0011679 ]",50,
725,50,1,1,0.6985000068721081,,,"[ 0.37809049  0.12725399  0.0525072   0.38452726 -0.00352109 -0.06678396
 -0.02158574  0.06866765  0.04718641 -0.08948902 -0.13848595 -0.04633933
  0.05811126 -0.10625827  0.0012613  -0.11019636  0.02686081  0.12710755
 -0.03716807  0.1358774  -0.13118377 -0.11127255  0.01418937 -0.00918481
  0.01114901  0.03700771 -0.06030063 -0.049292    0.08151876 -0.19357801
  0.08187443  0.0579626  -0.1410343   0.0237243   0.0113024  -0.0552377
  0.09812408 -0.0387027  -0.04413355 -0.06553103  0.03069147 -0.12586423
  0.05930224 -0.01920399 -0.00633182  0.0537666   0.14242155 -0.06912445
  0.12631984 -0.01417447]",50,
775,50,1,1,0.706920845286162,,,"[ 0.37969027  0.13345767  0.07145939  0.4087256  -0.01228534 -0.05935111
 -0.04941131  0.07955705  0.02804289 -0.09113042 -0.10901404 -0.03803086
  0.04826736 -0.08976355 -0.03841963 -0.11821197  0.03590446  0.14215541
 -0.04710215  0.14834469 -0.13206895 -0.11886784  0.01396644  0.00595266
  0.0296378   0.05029149 -0.06350301 -0.04325402  0.07379908 -0.20795986
  0.1017176   0.07650123 -0.09516252  0.01215953  0.05061149 -0.08169995
  0.13569489 -0.04710245 -0.03091555 -0.04871146  0.05201646 -0.1610724
  0.02459725 -0.0476433  -0.02819101  0.07127689  0.19111293 -0.02509446
  0.14836401 -0.03327118]",50,
825,50,1,1,0.7274760907663398,,,"[ 3.81501382e-01  1.20683802e-01  7.53662287e-02  4.19364047e-01
 -1.37544560e-02 -6.15457078e-02 -8.16775454e-02  1.05756814e-01
  1.54935160e-02 -1.00320705e-01 -9.43567462e-02 -2.68370780e-02
  1.04405968e-01 -8.33911744e-02  2.95669336e-04 -1.44011657e-01
  5.32171053e-02  1.19561533e-01 -5.33750737e-02  1.49761295e-01
 -1.28245042e-01 -1.36238339e-01  1.27785884e-02  2.68270863e-02
  5.49923476e-02  8.28967369e-02 -5.76441426e-02 -2.41592314e-02
  6.91636797e-02 -1.60948877e-01  8.74975129e-02  6.76071056e-02
 -6.65547094e-02 -1.09276988e-02  4.27921068e-02 -5.43389810e-02
  1.44301191e-01 -4.17479101e-02  2.03717664e-04 -6.79574048e-02
  6.30685043e-02 -1.29694733e-01  2.34981772e-02 -5.84585398e-02
 -4.91307289e-02  9.14945517e-02  2.29048758e-01 -2.24556441e-02
  1.81807270e-01 -5.18469936e-02]",50,
875,50,1,1,0.7287310614897535,,,"[ 0.40100756  0.13200961  0.08547885  0.41011012 -0.02073159 -0.04840782
 -0.08588473  0.07638521  0.04885943 -0.0953489  -0.07486445 -0.011127
  0.05378517 -0.07987599 -0.01440597 -0.10132257 -0.00398281  0.12221841
 -0.06166168  0.14130354 -0.11706329 -0.1270577  -0.02322715  0.06667989
  0.04947283  0.09062723 -0.05929484 -0.01406618  0.04900512 -0.12680424
  0.09537456  0.07100376 -0.04760067  0.00578298  0.04322494 -0.03086111
  0.13547475 -0.01797097  0.01749778 -0.12786195  0.06292576 -0.12243446
  0.03382979 -0.07027648 -0.05637837  0.06638345  0.22129315 -0.00711188
  0.19912243 -0.05207822]",50,
925,50,1,1,0.7286372308191875,,,"[ 3.94652864e-01  1.48429642e-01  9.54855643e-02  4.08475508e-01
  1.77379670e-02 -2.76508018e-02 -9.14330097e-02  8.14210651e-02
  3.29344045e-02 -9.67737231e-02 -9.51877749e-02  3.51740127e-03
  3.62862045e-02 -7.99798924e-02 -1.21848544e-02 -6.82485274e-02
 -4.72882457e-03  1.32412766e-01 -3.68188040e-02  1.42028977e-01
 -1.08905755e-01 -1.09822384e-01 -1.32824972e-02  8.70164667e-02
  4.80145384e-02  9.73378993e-02 -7.15827156e-02  2.77907087e-06
  3.19697301e-02 -8.80521988e-02  8.99109437e-02  5.21991389e-02
 -2.67556339e-02  8.11927310e-03  6.22497316e-02 -2.98378784e-02
  1.45230331e-01 -1.91773932e-02  4.09780398e-02 -1.18519385e-01
  7.42915172e-02 -1.25860344e-01  6.18620683e-02 -6.76362598e-02
 -4.96795701e-02  4.47017691e-02  1.99774346e-01 -3.53142890e-03
  1.85430921e-01 -7.35946261e-02]",50,
975,50,1,1,0.7330914995400866,,,"[ 3.92207598e-01  1.68024787e-01  1.14347013e-01  3.91365882e-01
  1.67392100e-02  1.27166611e-03 -1.28149916e-01  7.13239969e-02
  4.66696336e-02 -1.12187171e-01 -8.77943697e-02 -1.33176725e-03
  6.59215949e-02 -6.83701411e-02 -7.00001697e-04 -4.51312251e-02
  1.16043811e-02  1.23498115e-01 -2.61553727e-02  1.32595959e-01
 -7.81800748e-02 -1.23971658e-01 -3.42890112e-04  1.13049504e-01
  6.64083980e-02  5.93412998e-02 -1.01776825e-01 -2.26371731e-03
  2.09514508e-02 -9.70649967e-02  7.86231586e-02  2.01504172e-02
 -1.73976493e-02  1.33981494e-02  1.01612651e-01 -5.40144021e-02
  1.31040988e-01  4.37957637e-03  3.41759672e-02 -1.02223595e-01
  5.35286361e-02 -1.07657972e-01  5.06847423e-02 -5.68663083e-02
 -4.46959232e-02  2.99524899e-02  1.89632719e-01 -1.14403919e-02
  1.61405509e-01 -6.19352111e-02]",50,
1025,50,1,1,0.7356333095849295,,,"[ 0.38978916  0.18485825  0.1344491   0.43160522  0.01740092 -0.04187432
 -0.10549468  0.08992723  0.05349968 -0.14411619 -0.08554816 -0.01327123
  0.08708639 -0.07038901 -0.0078543  -0.08114203  0.01869363  0.14536576
 -0.04552181  0.12513632 -0.07209162 -0.09946129 -0.04509018  0.13233368
  0.06864734  0.05717642 -0.09221954  0.02252246  0.01832256 -0.09164164
  0.07954893  0.01536773 -0.0364859   0.01021915  0.09815674 -0.03460118
  0.12304925  0.01239678  0.03712118 -0.07323338  0.07847681 -0.09329343
  0.04562465 -0.0619673  -0.05753243  0.06090318  0.17551598  0.0098717
  0.16909987 -0.05285986]",50,
25,50,1,2,1.074026454936127,,,"[ 0.248219    0.41651677  0.39855933  0.4890924   0.18220929 -0.03482151
 -0.14761954  0.2767742  -0.58111074 -0.31888132 -0.23973085  0.18426943
  0.20879962 -0.72469651 -0.26575903 -0.23066642  0.44324824  0.19050729
  0.15246591 -0.34947907  0.45068393 -0.29705113 -0.13385557  0.16192615
 -0.08645007 -0.00500928  0.32307386  0.2072232   0.37003488  0.01439592
 -0.33775234 -0.04060044 -0.42407591  0.69460334 -0.18217184  0.10507843
  0.23923886 -0.15490597 -0.0196863  -0.25054939  0.58066256  0.38386396
 -0.20359007  0.01327305  0.03499849 -0.08626019  0.00637258 -0.19822315
  0.19315384 -0.05114713]",50,
75,50,1,2,1.38758305104086,,,"[ 0.26693962 -0.07371973 -0.7457225   0.36648873  0.64765723 -0.13666564
 -0.55596988 -0.55077164 -0.56253148 -0.12308822  0.24692401  0.16643254
 -0.12909068 -0.50460874  0.17677489 -0.02567867  0.02676738  0.44299397
  0.30807391 -0.34310419  0.53145966 -0.57537734 -0.21220737  0.55326466
 -0.52802983  0.05887146  0.77657751  0.07901673  0.28763786 -0.47212207
  0.18362439 -0.27315813 -0.01552199  0.55804674  0.36820642  0.5086163
  0.32022096 -0.40509338  0.5022133  -0.30272808  0.33525869  0.57228659
 -0.91448445  0.59616189  0.49687057  0.70300318 -0.57486458  0.24761504
  0.75780928 -0.06480195]",50,
125,50,1,2,0.9016725255935466,,,"[ 0.34731929  0.24781244 -0.04887136  0.24891941  0.38076088 -0.02793782
 -0.38310517 -0.0873114  -0.03148175 -0.14180266  0.22612357  0.03614144
  0.27358302 -0.4101433   0.11192363  0.06833053  0.2282221   0.16233249
  0.13213645 -0.06951756  0.26833964 -0.25678471 -0.1526287   0.21830975
 -0.05743134 -0.00575069  0.14706234 -0.051061   -0.07742982  0.05922658
 -0.007944    0.02454348  0.03139767  0.35856242  0.29132884  0.25809315
  0.07961951  0.20222372  0.00495229 -0.35933019  0.0407153   0.37797923
 -0.3975187   0.27135954  0.13640829  0.28208466  0.11635081 -0.06048462
  0.28549924 -0.14379427]",50,
175,50,1,2,0.8095233331300097,,,"[ 0.31483899  0.21898268  0.15915014  0.27372424  0.3111862   0.01711335
 -0.23794618  0.06791758 -0.12419797 -0.35731824  0.0143304   0.10544918
  0.13976744 -0.22630162  0.10346152 -0.00171553  0.14277466  0.10625452
  0.02224957  0.05398501  0.18010537 -0.24372511 -0.07832032  0.07449356
 -0.04807432 -0.10597078 -0.10112277  0.02997509 -0.05317081  0.06817096
  0.12194897 -0.04448448 -0.03605705  0.09212353  0.26609704  0.18530677
  0.13391173  0.24397141 -0.10839701 -0.16147852 -0.06172767  0.1609579
 -0.28818606  0.13319724 -0.06122523  0.35951361  0.19624989 -0.01049364
  0.35703666 -0.10598728]",50,
225,50,1,2,0.7869349516622964,,,"[ 0.34745724  0.20059384  0.04994982  0.36629748  0.34702558 -0.00682241
 -0.23395634  0.06088662 -0.03219479 -0.26024886 -0.01150023  0.08340129
  0.09279122 -0.10730855  0.09211063  0.0842094   0.06662201  0.13207622
  0.03749177  0.09753494  0.14565581 -0.16646439 -0.04022404  0.11805878
 -0.04692877 -0.06713941 -0.14816602 -0.01603222 -0.0063368   0.04405649
  0.11470078  0.01948852  0.04082845  0.13518921  0.22484783  0.18024264
  0.09201535  0.24844542 -0.13434028 -0.10402062 -0.10362725  0.16957085
 -0.35263673  0.21077084 -0.09246593  0.24493814  0.02313357 -0.08582763
  0.42287628  0.00525471]",50,
275,50,1,2,0.8089173729945793,,,"[ 0.41205309  0.15488792  0.01299826  0.42919578  0.29891601  0.01525034
 -0.32479055 -0.01354715 -0.00423151 -0.21938205 -0.04165364  0.03699354
 -0.01558122 -0.15339602  0.04075249  0.05949692  0.07444628  0.08238244
 -0.01165427  0.14086344  0.03354039 -0.22251422 -0.01172463  0.0143172
  0.16477261  0.01398389 -0.14040872  0.06415505  0.166556    0.03819182
  0.18777126  0.12602592  0.04303058  0.04294973  0.18303064  0.04271043
  0.0555402   0.15764012 -0.1070161  -0.02845084 -0.0378983   0.13351316
 -0.28169583  0.11942215 -0.17252115  0.15636206 -0.03447356 -0.22380966
  0.32801756 -0.0242131 ]",50,
325,50,1,2,0.7986904179471804,,,"[ 0.38326042  0.14907013  0.09812246  0.46078886  0.26226773 -0.05238015
 -0.22800677 -0.01334076  0.00411451 -0.16319497 -0.1147884   0.08947525
  0.02300626 -0.12708857  0.03056065 -0.00254902  0.04512128  0.13150676
 -0.01326139  0.04348664 -0.05775637 -0.15998125  0.02573022  0.02451094
  0.15039862  0.07045187 -0.13603192 -0.00399778  0.12249851  0.03044976
  0.02639914  0.10072559  0.02682662 -0.03373195  0.09563026 -0.01114702
  0.10858317  0.09523218 -0.05895781  0.01011299  0.0136542   0.10685454
 -0.1969374   0.07221058 -0.17944821  0.23890445 -0.01150611 -0.0706406
  0.35284124  0.03512819]",50,
375,50,1,2,0.7782115691771417,,,"[ 0.30036395  0.12736361  0.10284192  0.41590373  0.25948061 -0.11011987
 -0.18617027 -0.0444043  -0.0004533  -0.20625355 -0.07195248  0.09565778
  0.04387838 -0.09786282  0.01014263  0.02015015  0.01774893  0.14158439
  0.03357839  0.08161853 -0.08418879 -0.15559499  0.00696707  0.03953959
  0.22782725  0.13966693 -0.10392806  0.0054044   0.08418666  0.07282353
  0.02513839  0.11151391  0.01348748 -0.01404402  0.12286624  0.01839789
  0.12562199  0.07613957 -0.06766896 -0.04174777  0.02234806  0.08724262
 -0.1390502   0.05280088 -0.14861285  0.20508778 -0.05330549 -0.09499715
  0.30125912  0.0545085 ]",50,
425,50,1,2,0.7699187314295005,,,"[ 0.31660967  0.20566362  0.15995931  0.49147579  0.17842742 -0.10370065
 -0.15497314  0.07603726  0.05445226 -0.26927344 -0.06350061  0.05789751
  0.06111447 -0.10773114  0.06240233 -0.00252365 -0.03623729  0.20923285
 -0.0289359   0.11977733 -0.09810973 -0.13966286 -0.04414489  0.07195743
  0.16610078  0.11761331 -0.09329559  0.06561012  0.04933792  0.02425879
  0.07241184  0.05066753 -0.04532591 -0.04652802  0.10463885 -0.09400718
  0.12570918  0.05180557  0.00877249 -0.02103687  0.03571955  0.04566758
 -0.14246914  0.05970145 -0.15492744  0.14064779  0.05692403 -0.02446273
  0.26028882  0.05577804]",50,
475,50,1,2,0.7579052355761025,,,"[ 0.30002802  0.21611849  0.16467213  0.47214182  0.13038832 -0.11053112
 -0.17147135  0.09725866  0.02042207 -0.22558388 -0.06559728  0.07032837
  0.0836192  -0.10683108  0.0815249  -0.0598933   0.00604139  0.1907851
 -0.01415715  0.11512633 -0.04465849 -0.11373335 -0.01008079  0.02405278
  0.13444026  0.12561259 -0.06800368  0.09882245 -0.01109041 -0.00215165
  0.08531356  0.04964754 -0.05506115 -0.01719368  0.07438654 -0.05659589
  0.12220057  0.03359032  0.06304561 -0.0211197   0.04638599  0.0173306
 -0.0753758   0.0080913  -0.13383127  0.11725737  0.06579599 -0.01484872
  0.2561751   0.02016162]",50,
525,50,1,2,0.7459095476160178,,,"[ 0.29859489  0.19374996  0.14152683  0.4783299   0.04945146 -0.09878441
 -0.17670937  0.08975031 -0.02941257 -0.16398746 -0.08515605  0.07546865
  0.10348736 -0.07821706  0.07075843 -0.12271882  0.06873606  0.14785293
  0.01991121  0.14293718 -0.02404633 -0.07271691 -0.04027518  0.05208461
  0.13435986  0.10599834 -0.07885792  0.10221984 -0.01751535 -0.03316885
  0.07799932  0.07921652 -0.07798893 -0.05885553  0.10489079 -0.02149205
  0.14401243  0.00717393  0.01249059 -0.05141757  0.1020768  -0.04827166
 -0.05141224 -0.01427879 -0.10995762  0.11066446  0.11510903 -0.00901182
  0.21483972  0.02685081]",50,
575,50,1,2,0.7297088826105034,,,"[ 0.31615117  0.17900615  0.13302135  0.42164003  0.02132795 -0.07636779
 -0.17576724  0.10571006 -0.01077704 -0.14914752 -0.0672903   0.01591524
  0.09781968 -0.03192872  0.05796143 -0.09828178  0.0185279   0.10337843
 -0.00822659  0.13063986 -0.05740264 -0.08085912 -0.05682733  0.0428395
  0.10345611  0.07534284 -0.11013774  0.06829057  0.02623267 -0.05132935
  0.0436228   0.06099095 -0.06124592  0.00875977  0.1057716  -0.06307163
  0.13478162  0.02873921  0.04653657 -0.0581794   0.12865664 -0.06363077
 -0.0315179   0.00224943 -0.09226559  0.0889516   0.11191025  0.03942119
  0.20766129  0.0091788 ]",50,
625,50,1,2,0.7368379790369994,,,"[ 0.34527126  0.15310174  0.13418962  0.41558616  0.00916547 -0.12413519
 -0.17212766  0.11582026 -0.00276105 -0.13888622 -0.08026379  0.01988118
  0.08004846 -0.07586236  0.06701653 -0.09423761 -0.00581281  0.08661116
 -0.01334564  0.13513716 -0.11152832 -0.06785781 -0.05707709  0.08053051
  0.06823994  0.07367933 -0.11434976  0.06339673  0.063137   -0.07460959
  0.0521072   0.05063451 -0.08173034  0.01528672  0.11362157 -0.05341331
  0.14486877  0.06965144  0.06751942 -0.07102613  0.09397607 -0.07979081
 -0.08500002 -0.00899693 -0.07103664  0.11802464  0.13124996  0.02884893
  0.22145364  0.00780703]",50,
675,50,1,2,0.7410935040578756,,,"[ 0.3480093   0.12159255  0.11154239  0.42163348  0.01151292 -0.12176794
 -0.16105197  0.12649048  0.02590582 -0.11013503 -0.08672077  0.01407715
  0.08148631 -0.09909367  0.0451043  -0.07312252  0.01108105  0.09206976
 -0.00230723  0.11520032 -0.09208452 -0.09097196 -0.07928123  0.10343482
  0.08725234  0.1163507  -0.11334954  0.0962878   0.02910991 -0.05801887
  0.05078048  0.03948574 -0.07610679  0.01816586  0.07322672 -0.05016682
  0.18645835  0.07372888  0.04561379 -0.11025141  0.11515145 -0.05460516
 -0.04693391 -0.04305957 -0.09805971  0.10689562  0.1282086   0.02647012
  0.24485037 -0.01231288]",50,
725,50,1,2,0.7480156380721741,,,"[ 0.36599841  0.11303036  0.10309631  0.41967474  0.03203409 -0.10548136
 -0.14546282  0.14635258  0.01168578 -0.10950781 -0.06158293  0.02452809
  0.07831998 -0.10529674  0.04953815 -0.08646394  0.02322173  0.12469162
 -0.03136657  0.13729431 -0.09763926 -0.08856522 -0.07750999  0.1360518
  0.09024317  0.09131212 -0.08952693  0.09164293  0.02133209 -0.06157883
  0.07759166  0.0304662  -0.08177217  0.01518031  0.09902242 -0.02379984
  0.17345704  0.04351583  0.07067438 -0.09243732  0.14353679 -0.01894749
 -0.01613081 -0.01958466 -0.08709517  0.11955902  0.13376234  0.031727
  0.26275398 -0.0347577 ]",50,
775,50,1,2,0.7647770023693539,,,"[ 0.40490359  0.1745954   0.17841065  0.45760432  0.03953332 -0.10359246
 -0.12997856  0.17275442  0.05331099 -0.13766517 -0.10807939 -0.03211583
  0.09304726 -0.1082352   0.0561459  -0.07497024  0.04504523  0.13806167
 -0.0356473   0.11630981 -0.08313406 -0.1111333  -0.10470583  0.1483349
  0.05927815  0.07837612 -0.08893524  0.08744637  0.01632959 -0.12925841
  0.12146967  0.07408016 -0.09060412 -0.01290611  0.11855021 -0.03439232
  0.19994667  0.02733814  0.08433284 -0.12994024  0.11881925 -0.05588497
 -0.00767202 -0.02495875 -0.05335026  0.09717681  0.15870169  0.03087456
  0.24027893 -0.03756877]",50,
825,50,1,2,0.7650178337588744,,,"[ 0.39664348  0.19730024  0.16991953  0.47672555  0.00439561 -0.07672154
 -0.11438324  0.16876914  0.06441272 -0.14477282 -0.07481037 -0.01946093
  0.08355502 -0.10668784  0.04093302 -0.08284144  0.04034385  0.12441254
 -0.01185688  0.10559535 -0.09591648 -0.11008116 -0.10020207  0.14099712
  0.08041844  0.05814937 -0.05877783  0.09903785  0.00503243 -0.10931129
  0.11510496  0.08732412 -0.12094754  0.00368794  0.11825296 -0.01832675
  0.16865572  0.04685418  0.06100385 -0.13343853  0.11381734 -0.08191696
 -0.01820968 -0.03733037 -0.07030502  0.11581247  0.21062295  0.0241139
  0.2234202  -0.03846906]",50,
875,50,1,2,0.7562881379922919,,,"[ 0.37582452  0.19792575  0.16423606  0.47523097  0.02452994 -0.06758984
 -0.09479741  0.13384974  0.07581552 -0.13764279 -0.07941524 -0.04025958
  0.09787735 -0.10353456  0.05152406 -0.07509359  0.01902359  0.12650548
 -0.01868339  0.10429891 -0.10074108 -0.11392331 -0.06762849  0.16653136
  0.09452101  0.05375796 -0.05583378  0.11208144 -0.00402574 -0.11126434
  0.11525481  0.07641435 -0.09232177  0.01279831  0.1178773  -0.00890193
  0.13872383  0.03947033  0.04113444 -0.12712915  0.10070689 -0.09146524
 -0.0190701  -0.0344977  -0.04126077  0.10721612  0.19184169  0.0173402
  0.22076503 -0.01799774]",50,
925,50,1,2,0.7485568276003698,,,"[ 0.38687171  0.20216803  0.16262059  0.48988626  0.00511498 -0.03829984
 -0.12017584  0.15175557  0.05600148 -0.14872145 -0.0585951  -0.04375089
  0.09532499 -0.08782324  0.01704059 -0.05989848  0.00430091  0.13969835
 -0.02640059  0.11877699 -0.10031309 -0.11166401 -0.06826283  0.15524733
  0.08738508  0.06482831 -0.0728311   0.08519418  0.01100371 -0.12876967
  0.09072604  0.05482763 -0.06862605  0.01952369  0.10421548 -0.03054272
  0.14618157  0.03210624  0.05294342 -0.11544864  0.10413622 -0.10448532
  0.0067751  -0.04554065 -0.05056847  0.08180074  0.18362046  0.01336166
  0.19906774 -0.0099098 ]",50,
975,50,1,2,0.7444232204757446,,,"[ 0.41053616  0.20302052  0.14973354  0.44995381 -0.00130368 -0.02900382
 -0.12159829  0.11284177  0.04433366 -0.15201463 -0.08007087 -0.03033485
  0.06936636 -0.08841163 -0.0008674  -0.06911335  0.00502899  0.16412109
 -0.03892538  0.11419283 -0.11079407 -0.10249967 -0.03274159  0.14565715
  0.07749936  0.06422958 -0.09349323  0.03625583  0.02257836 -0.11888966
  0.07490051  0.05438279 -0.02784674  0.02092723  0.10551088 -0.0377373
  0.13669498  0.02197335  0.0347272  -0.08158666  0.09138835 -0.08138508
  0.02849529 -0.06796362 -0.06511764  0.05277605  0.17588796  0.0112561
  0.17571542 -0.01922919]",50,
1025,50,1,2,0.7356333095849306,,,"[ 0.38978916  0.18485825  0.1344491   0.43160522  0.01740092 -0.04187432
 -0.10549468  0.08992723  0.05349968 -0.14411619 -0.08554816 -0.01327123
  0.08708639 -0.07038901 -0.0078543  -0.08114203  0.01869363  0.14536576
 -0.04552181  0.12513632 -0.07209162 -0.09946129 -0.04509018  0.13233368
  0.06864734  0.05717642 -0.09221954  0.02252246  0.01832256 -0.09164164
  0.07954893  0.01536773 -0.0364859   0.01021915  0.09815674 -0.03460118
  0.12304925  0.01239678  0.03712118 -0.07323338  0.07847681 -0.09329343
  0.04562465 -0.0619673  -0.05753243  0.06090318  0.17551598  0.0098717
  0.16909987 -0.05285986]",50,
25,50,1,3,0.9805000895126602,,,"[ 0.11621262  0.22218476  0.30681915  0.36080492 -0.52054258  0.11455448
  0.08763245 -0.0981378   0.22729778 -0.19362749 -0.17653622  0.26813038
  0.65854394 -0.04751745 -0.23769706 -0.36745889  0.34530299 -0.144092
 -0.062588    0.65975551 -0.08623915  0.34479603 -0.39685091  0.15331372
  0.10857527  0.12232827 -0.08013429  0.16087801  0.04093001 -0.06099185
 -0.04419108 -0.22518027  0.2692331   0.21790233 -0.19279935  0.00373287
 -0.11804916 -0.11425195 -0.0988026   0.15959185  0.12361178  0.08649223
 -0.3206439  -0.29377982 -0.13161451  0.17558112  0.24633943 -0.20570098
 -0.01005709  0.51159935]",50,
75,50,1,3,1.1340396530679755,,,"[ 0.77449067  0.81727035  0.28608054 -0.13818718  0.01906032  0.66524566
  0.03077465 -0.12260122 -0.1055497  -0.44223338 -0.58724229  0.32733909
  0.67262449  0.5535723  -0.04463082 -0.00258051 -0.01547882 -0.37623851
  0.12035833  0.61906658 -0.19846933  0.11905773 -0.01642551  0.72582103
  0.51297555 -0.15359023 -0.37467497 -0.27060355 -0.20341897  0.3136353
  0.01912334 -0.3951623   0.38846402  0.12915859  0.3455758   0.26564626
  0.28735502 -0.36101422 -0.00950596  0.12594349  0.14912972 -0.08715972
 -0.24633127 -0.40602738  0.09080603  0.13383061 -0.09130073 -0.06089779
  0.3855798   0.07854312]",50,
125,50,1,3,0.8990136952895227,,,"[ 0.50474358  0.13409989 -0.08284133 -0.0385198   0.00351541  0.10024241
 -0.07720388 -0.29064498 -0.15269972 -0.51931538 -0.27319276  0.33806059
  0.32775521 -0.12963883  0.15423074 -0.34456228 -0.0547362   0.08588063
  0.00231577  0.13623262 -0.15558579  0.07700359 -0.00108486  0.28924629
  0.44273089  0.02560934  0.01793432 -0.00456797 -0.09048322  0.29512076
 -0.04945544 -0.13869634  0.14559053 -0.17150858  0.19072674 -0.0403544
 -0.10039868 -0.13010251 -0.30770255 -0.135967    0.28659531 -0.00240574
  0.10021235 -0.06017364  0.09342462 -0.1429326   0.13830145 -0.04730105
  0.04097948  0.07791132]",50,
175,50,1,3,0.9284809096525755,,,"[ 0.4963423   0.23517281 -0.00509582  0.38210318 -0.15479296  0.08579765
 -0.00199396  0.01530913  0.17262958 -0.42928408 -0.2834435   0.14045555
  0.34134877 -0.23485154  0.10635578 -0.11565614  0.1708311   0.14358152
 -0.19211084  0.02825883 -0.19179589 -0.03125488  0.01899957  0.29097654
  0.25714925 -0.10432981 -0.11083676 -0.04264778 -0.03703018  0.13394324
  0.15195566 -0.12770636  0.2485407   0.08206958  0.21719519 -0.32131806
  0.03274899 -0.06874085 -0.27978193 -0.12072249  0.10460068 -0.23821209
  0.08833611 -0.15747032 -0.10168062 -0.40740454  0.3546887  -0.20936621
  0.05995296  0.0398013 ]",50,
225,50,1,3,0.849122981512241,,,"[ 0.39875305  0.17115996 -0.06402964  0.38939894 -0.05099983  0.11403473
 -0.07773033 -0.04651493  0.14045398 -0.32843539 -0.18049644  0.10624694
  0.23628157 -0.06052714 -0.12597062 -0.0849062   0.22045647  0.05839571
 -0.11966221  0.11360075 -0.07737937  0.04805866 -0.01431489  0.17030276
  0.32802369 -0.15335411 -0.17451517 -0.0333295  -0.07146856  0.09469504
  0.13529508 -0.11184967  0.25234454  0.07749708  0.06400623 -0.10294372
  0.13770034 -0.07576093 -0.2760425  -0.0218267   0.10080504 -0.15486535
  0.14616889 -0.13964112 -0.04112032 -0.32541773  0.34003226 -0.08832432
  0.132764   -0.1331857 ]",50,
275,50,1,3,0.8601169852287882,,,"[ 0.44153956  0.14218799 -0.06602244  0.47373133  0.12209186  0.15680261
 -0.05910414 -0.05640475  0.16196113 -0.38902342 -0.03541484  0.03099607
  0.23954365 -0.01574163 -0.17990515 -0.07018272  0.18924312  0.20484866
 -0.04574561  0.05405096 -0.13480611  0.00674938  0.0094798   0.10634083
  0.2697782  -0.24351384 -0.24527976  0.06841839 -0.02251969  0.01387967
  0.14797664 -0.13623978  0.15009852  0.01477936  0.06114506 -0.0305027
  0.21649825 -0.11411325 -0.25037699 -0.10289534  0.12984628 -0.20834772
  0.12821868 -0.04990067 -0.00484731 -0.24581785  0.31773867 -0.05373133
  0.0708049  -0.12422914]",50,
325,50,1,3,0.8149265214206167,,,"[ 0.35657913  0.16609698  0.02525576  0.41234771  0.13862417  0.1801515
 -0.09556452 -0.10708781  0.06694591 -0.38305144 -0.03056624 -0.00161637
  0.23502728 -0.02166604 -0.14069762 -0.08397123  0.14952077  0.20267383
 -0.00585088  0.09671683 -0.10134032 -0.01328248  0.08083336  0.16005189
  0.26095045 -0.15015948 -0.23921456 -0.03271078 -0.01781977 -0.00118367
  0.09372782 -0.11652779  0.15273214  0.03579644  0.00121673 -0.06148033
  0.21959559 -0.07058212 -0.17051064 -0.09628428  0.18437487 -0.17109625
  0.0449853   0.00207784  0.04110137 -0.21915027  0.28764859 -0.06831393
  0.06834294 -0.02859254]",50,
375,50,1,3,0.8032095910223188,,,"[ 3.94489009e-01  1.93483167e-01 -3.34760947e-02  4.36551090e-01
  6.56059770e-02  1.51727287e-01 -4.72169879e-02 -3.02175255e-02
  7.39939595e-02 -2.45224413e-01 -9.09008273e-02 -1.77959060e-02
  2.19789639e-01  3.82436645e-04 -1.45962699e-01 -6.21083427e-02
  2.21866498e-01  1.51857722e-01 -3.23009101e-03  1.14229717e-01
 -2.99249674e-02 -5.56259607e-02  2.18720329e-02  2.67401535e-01
  2.26405366e-01 -1.02371351e-01 -1.68353371e-01 -8.35845191e-03
 -6.32081175e-03 -3.24448931e-02  1.04814849e-01 -5.80860968e-03
  2.52179373e-01  4.38907401e-02  8.69456595e-02 -1.12119481e-01
  2.73108651e-01  3.52744300e-02 -1.45365579e-01 -8.69638211e-02
  2.18668216e-01 -1.17571212e-01 -1.71326105e-02 -1.37746962e-01
 -2.33663511e-02 -1.58539661e-01  2.64472933e-01  4.57255584e-03
  1.06430560e-01 -1.48910158e-01]",50,
425,50,1,3,0.7961772206195087,,,"[ 0.411115    0.2091122  -0.00708377  0.4082058   0.06178064  0.11018615
 -0.07013149  0.03095158  0.00886612 -0.25480983 -0.09679444 -0.04027824
  0.23703684  0.02066164 -0.12668639 -0.0623393   0.20971992  0.16609936
 -0.00321899  0.16897087  0.00578361 -0.05658402  0.03534323  0.23071199
  0.17878502  0.00331013 -0.19448551  0.00913267  0.05023968  0.02415118
  0.11954378 -0.01047511  0.20075921  0.01881242  0.12529987 -0.10791094
  0.30624611  0.05585728 -0.08791382 -0.08189296  0.24386199 -0.14115427
  0.014305   -0.09437483 -0.07434664 -0.12946197  0.2351216   0.01946513
  0.12462742 -0.16376788]",50,
475,50,1,3,0.780883214838662,,,"[ 0.34227957  0.17605316  0.031917    0.37630642  0.04802991  0.10897824
 -0.08209029  0.01590617  0.03802543 -0.2260595  -0.09584006  0.00270285
  0.22370775 -0.02723557 -0.08363628 -0.04112309  0.15501986  0.15345948
  0.0391195   0.11458226 -0.03841423 -0.06839586  0.03511514  0.2655442
  0.19694186  0.00335209 -0.17892869  0.05349747  0.0267481  -0.02357323
  0.08161267 -0.02486201  0.15726896 -0.01441897  0.11168166 -0.08352974
  0.26224345 -0.00968465 -0.09935854 -0.08923774  0.16075719 -0.09717439
  0.02597491 -0.07271746 -0.05985206 -0.06463868  0.19857333  0.00228244
  0.04762147 -0.15314796]",50,
525,50,1,3,0.7668339649035647,,,"[ 0.35085631  0.14141309  0.04372753  0.34714682  0.06643906  0.09144811
 -0.06899684  0.0636756   0.04574178 -0.21448414 -0.1170025  -0.0199656
  0.19049038 -0.00717566 -0.05089385 -0.05325059  0.11104379  0.1614843
  0.05213825  0.12431358 -0.02672612 -0.08638269  0.05315972  0.27064024
  0.17813317  0.03033128 -0.18881159  0.02450797 -0.00293784 -0.01734612
  0.07167568 -0.00105595  0.13874017 -0.00096007  0.09497193 -0.05188405
  0.25749338  0.02863794 -0.09257206 -0.11846674  0.15115796 -0.09377226
  0.03164338 -0.09273552 -0.04969106 -0.07851722  0.18916452 -0.00744452
  0.09452455 -0.17096908]",50,
575,50,1,3,0.7727188894771138,,,"[ 0.37936017  0.14949031  0.06247376  0.36506758  0.12731845  0.07834739
 -0.07331859  0.05563379  0.02605966 -0.17313146 -0.1246737   0.00561178
  0.14629623 -0.02346221 -0.04538015 -0.11753521  0.0745086   0.17947688
  0.01071556  0.10006397 -0.02230521 -0.14337359  0.01333161  0.28817694
  0.18054682 -0.00050394 -0.13089083  0.02849512 -0.01470157 -0.03479926
  0.06942022  0.00929731  0.10828768 -0.00318842  0.13254997 -0.0426207
  0.23561482  0.03641576 -0.01830488 -0.09940341  0.14667755 -0.02235507
  0.11547471 -0.07766337 -0.04234513 -0.03769462  0.19235571 -0.05507898
  0.11317824 -0.17722763]",50,
625,50,1,3,0.7632741002720878,,,"[ 0.38349161  0.16193773  0.10494767  0.36113528  0.10061982  0.00815116
 -0.06638749  0.09751344  0.03106788 -0.1842012  -0.12137469  0.00215793
  0.14853209  0.03028421 -0.04269353 -0.14247069  0.02587689  0.1559643
 -0.00986331  0.11034618 -0.03469198 -0.13840064  0.01455784  0.23501479
  0.14077955 -0.0130897  -0.13260323  0.04113304  0.02381366 -0.05753511
  0.08083287 -0.02363257  0.0689561  -0.02362426  0.12313518 -0.06290274
  0.17448746  0.06538539  0.01785178 -0.12748496  0.12925745 -0.00996085
  0.11729946 -0.0660422  -0.06787291 -0.01712499  0.18410647 -0.06973194
  0.12164794 -0.1309812 ]",50,
675,50,1,3,0.7635717287904936,,,"[ 0.40730668  0.17745781  0.10983731  0.37876049  0.08483867  0.04812574
 -0.09878798  0.09696778  0.03242901 -0.13115952 -0.11154134  0.04389531
  0.15377546 -0.00252047 -0.06066222 -0.12254022 -0.00061662  0.13858139
  0.00427107  0.11466645 -0.04081873 -0.15158625 -0.0200853   0.21433665
  0.10598531  0.01794589 -0.12954022  0.03392707  0.01536108 -0.04812208
  0.07426267  0.00231284  0.02326631  0.01912871  0.14707755 -0.07230649
  0.16558991  0.07883716  0.01422628 -0.09036277  0.14776597 -0.03088834
  0.10400248 -0.09666126 -0.07763568  0.00841217  0.17387655 -0.03793947
  0.15249059 -0.13334496]",50,
725,50,1,3,0.7545410117794114,,,"[ 0.41149685  0.14347373  0.12592556  0.39378513  0.07959241  0.04145273
 -0.09466803  0.09837612 -0.00199946 -0.15504363 -0.12092049  0.07240894
  0.14083449 -0.02915331 -0.01679275 -0.14315869  0.01475045  0.16070487
 -0.04411143  0.12528504 -0.04244342 -0.17318178 -0.04111295  0.19213154
  0.04810669  0.01523229 -0.12623902  0.0414118   0.02353703 -0.07624436
  0.10165277 -0.00069538 -0.02232858 -0.01834763  0.11229206 -0.05946564
  0.18989898  0.07365454  0.01900794 -0.08504744  0.12506385 -0.04533635
  0.10081385 -0.0651475  -0.07052712  0.01951192  0.15685709 -0.02287702
  0.1597872  -0.08986859]",50,
775,50,1,3,0.7521178381794721,,,"[ 0.41274115  0.17411129  0.11809624  0.41407685  0.06007433  0.02238885
 -0.09721424  0.07211673  0.03299074 -0.14852131 -0.12528671  0.04241143
  0.13079118 -0.01533623 -0.04429432 -0.1347945  -0.00820451  0.17519668
 -0.03350544  0.12235    -0.06876993 -0.15725247 -0.02785854  0.19697276
  0.04906962  0.00662323 -0.11272201  0.05260492  0.02403658 -0.09422895
  0.08314181 -0.0432927  -0.03036591 -0.00854025  0.09283093 -0.07219472
  0.16726454  0.07743931  0.04055687 -0.09924606  0.0972479  -0.07615519
  0.12529521 -0.10737158 -0.03798302  0.01377209  0.17290512 -0.03937434
  0.19292946 -0.080425  ]",50,
825,50,1,3,0.7499958307759624,,,"[ 0.39390913  0.15717216  0.13219165  0.41292938  0.01203357  0.03441072
 -0.13421447  0.08215499  0.02814738 -0.13620487 -0.144683    0.04594415
  0.10613554 -0.00718    -0.01695836 -0.13177773 -0.0143604   0.17265273
 -0.03873828  0.1170982  -0.08609277 -0.12514212 -0.04162927  0.21902973
  0.04546858  0.01904794 -0.08951859  0.0654921   0.04592306 -0.08645811
  0.07538099 -0.05617015 -0.03198432  0.00832972  0.09526339 -0.06431429
  0.13518033  0.0710684   0.03718935 -0.08766168  0.09740628 -0.07020869
  0.07046928 -0.09148414 -0.0430915   0.05828986  0.19619986 -0.02800099
  0.17742876 -0.07419215]",50,
875,50,1,3,0.7458074747627689,,,"[ 0.3728092   0.14838504  0.12913532  0.4175138   0.02361041  0.0044078
 -0.14393132  0.0649275   0.0487857  -0.14059301 -0.12001451  0.03483019
  0.07879468 -0.01863315  0.00143427 -0.10397539 -0.01563669  0.16612448
 -0.04881725  0.10762065 -0.08025471 -0.15303883 -0.0628863   0.18998532
  0.07842138  0.05646912 -0.10208033  0.06155698  0.05768669 -0.10539055
  0.09886015 -0.03275824 -0.02103136  0.0304326   0.09900745 -0.05294791
  0.13236141  0.04609453  0.03855977 -0.07483674  0.10565492 -0.06616123
  0.04015537 -0.04600729 -0.05573646  0.07399147  0.20967757 -0.00429574
  0.16066013 -0.07441932]",50,
925,50,1,3,0.7427786707354932,,,"[ 0.3822834   0.17427633  0.12757954  0.41375725  0.03585701  0.01034464
 -0.12607777  0.06966099  0.05851581 -0.16100801 -0.11009169  0.03289603
  0.09058199 -0.03414217 -0.03351656 -0.08467704 -0.00560781  0.18271937
 -0.03424053  0.09326709 -0.09015375 -0.11745117 -0.0611928   0.20563133
  0.08287247  0.04439901 -0.09709432  0.05373962  0.04558984 -0.09791302
  0.07943526 -0.00657276 -0.03081553  0.0154114   0.08074785 -0.04268773
  0.13480707  0.01486917  0.0508431  -0.0706202   0.1101026  -0.10596025
  0.04281807 -0.07059692 -0.07203765  0.07246802  0.17770353 -0.0041291
  0.13889117 -0.04466519]",50,
975,50,1,3,0.7411278064682455,,,"[ 0.38300787  0.18269591  0.15660353  0.43204717  0.02419444 -0.01882686
 -0.11476376  0.09271268  0.06342971 -0.14737142 -0.10551341 -0.00204681
  0.06471311 -0.07416772 -0.01248086 -0.08179286 -0.00088158  0.16656789
 -0.03535076  0.09938286 -0.07448597 -0.09682618 -0.05134684  0.14782719
  0.08492612  0.06953474 -0.09968709  0.04250203  0.01177323 -0.09243783
  0.09984227  0.0184429  -0.04488219  0.02425494  0.10274553 -0.02608146
  0.12967096  0.02079453  0.04425789 -0.07972816  0.12076072 -0.08700108
  0.04033314 -0.05874235 -0.04803746  0.06298143  0.18702031  0.01715168
  0.16111027 -0.06574447]",50,
1025,50,1,3,0.7356333095849295,,,"[ 0.38978916  0.18485825  0.1344491   0.43160522  0.01740092 -0.04187432
 -0.10549468  0.08992723  0.05349968 -0.14411619 -0.08554816 -0.01327123
  0.08708639 -0.07038901 -0.0078543  -0.08114203  0.01869363  0.14536576
 -0.04552181  0.12513632 -0.07209162 -0.09946129 -0.04509018  0.13233368
  0.06864734  0.05717642 -0.09221954  0.02252246  0.01832256 -0.09164164
  0.07954893  0.01536773 -0.0364859   0.01021915  0.09815674 -0.03460118
  0.12304925  0.01239678  0.03712118 -0.07323338  0.07847681 -0.09329343
  0.04562465 -0.0619673  -0.05753243  0.06090318  0.17551598  0.0098717
  0.16909987 -0.05285986]",50,
25,50,1,4,0.9511030031220332,,,"[ 0.44347701 -0.09060349  0.20325456  0.25145844 -0.179395    0.11614296
 -0.4786837   0.03504511  0.09126667  0.17618783 -0.13747748  0.02068883
 -0.05809691 -0.09212991  0.14926404 -0.13157962 -0.7297672   0.28568924
  0.03871271  0.26635777 -0.46199183 -0.05332258 -0.03375173  0.0549551
  0.23416297 -0.02557256  0.11375897  0.02198183 -0.20672172 -0.49666836
  0.37111255 -0.23525752 -0.47271778  0.468871    0.17080671 -0.63843292
 -0.03217476 -0.56021809 -0.08999234  0.01927932  0.04931032 -0.53955515
 -0.01985414 -0.33030365  0.41196573  0.02368396 -0.17688115 -0.14488404
  0.52997205  0.39421664]",50,
75,50,1,4,1.5219557033360405,,,"[ 0.1393022  -0.29532004  0.75444277  0.04164443  0.34250725  0.76212977
 -0.68122718  1.28507594 -0.49613349 -0.1765873  -0.08129883  0.15717147
 -0.80753991  0.0778492  -0.0710974  -0.38949295  0.14529827  0.62351072
  0.45744454  1.0397613  -0.27910312 -1.05484165 -0.08919646  0.31797403
 -0.0524961  -1.1421947  -0.21806567 -0.17595429  0.04267671 -0.41554735
 -0.39492206 -0.77422305  0.49569086 -0.20551501  0.2065856  -0.24484015
 -0.16617106  0.48071434 -0.74450008 -0.0966578   1.0904049  -0.83169964
  0.13668405 -0.8914532  -0.60508267  0.16318571  0.43393751 -0.27610576
  0.73658846  1.15483471]",50,
125,50,1,4,0.9369921711759622,,,"[ 0.25788278  0.06645718  0.40314828  0.46328986  0.11014179  0.04913904
 -0.67021403  0.12665969 -0.0968642  -0.06978458 -0.12855737 -0.28470992
 -0.10094381 -0.16448491  0.14415123 -0.10390521  0.17816542  0.46488611
  0.30508603  0.36329522  0.12371161 -0.47477577  0.12932486  0.22191622
  0.21987906 -0.25329893 -0.26453191  0.23240833  0.04114182 -0.37115473
  0.11200259 -0.52307941 -0.16439862  0.08891694  0.14396945 -0.24617888
  0.03615572 -0.11329213 -0.15543021 -0.42436341  0.18137282 -0.01470413
  0.28832849 -0.06121867  0.05003986  0.26409815  0.15362974  0.13395063
 -0.15361133  0.34798545]",50,
175,50,1,4,0.8422942432299345,,,"[ 0.15059136  0.14880933  0.26040947  0.31849448  0.06917828  0.09406081
 -0.40839421 -0.02759217 -0.00726023 -0.09187754 -0.06280915 -0.4042517
 -0.00408049 -0.21224596 -0.00407305 -0.15116732  0.02343159  0.44319229
  0.13886328  0.26736672  0.15980754 -0.37747972  0.08135724  0.24844389
  0.15109024 -0.23423864 -0.31158042  0.16949812  0.03114244 -0.21619013
  0.0240559  -0.31268858 -0.09371853  0.16576106  0.16752639 -0.25121194
 -0.01807374 -0.05765492 -0.10372745 -0.10786232  0.1588135  -0.01980081
  0.22765553 -0.01708445  0.06708633  0.25475746  0.08226416  0.0330353
 -0.07872613  0.17196565]",50,
225,50,1,4,0.7839733429271086,,,"[ 0.32715861  0.07991232  0.16474355  0.43334091  0.18899704  0.07366534
 -0.10699218  0.11848987  0.09650966 -0.21496085  0.02049687 -0.18196924
  0.07600279 -0.15904714  0.07512741 -0.13997926 -0.07009129  0.30231999
  0.17791023  0.34165818  0.11395961 -0.19154008 -0.03746649  0.24394544
  0.0648349  -0.15784968 -0.22171628  0.20580077  0.07601571 -0.16503001
  0.07672229 -0.20251605  0.00867369  0.11070861 -0.04374045 -0.123
  0.06469035  0.07538578  0.00646961 -0.17120587  0.05712429 -0.05672889
  0.15184426 -0.04676648  0.19189741  0.1517121   0.09590303  0.12327482
 -0.1297136   0.19250781]",50,
275,50,1,4,0.752471799793592,,,"[ 0.24849083  0.09657665  0.1529896   0.39163259  0.23958422  0.02966642
 -0.1030756   0.03489468  0.11959471 -0.17105556  0.08460818 -0.06211065
  0.03109766 -0.20430362  0.11757903 -0.06385199 -0.0521137   0.261691
  0.12526772  0.28071772  0.04639981 -0.18504429  0.02723401  0.21222166
 -0.04001887 -0.10954473 -0.18871606  0.13261616  0.10415424 -0.2215362
  0.06682372 -0.17073506  0.04356993  0.07220784  0.00807996 -0.04965822
  0.01707165  0.06486835  0.01339302 -0.22678244  0.06852209 -0.05721819
  0.04976949  0.03342528  0.11934243  0.1886375   0.08214026  0.07012446
 -0.0474942   0.17545653]",50,
325,50,1,4,0.7376806194843232,,,"[ 0.27790417  0.03545536  0.11143312  0.40327092  0.21715157 -0.03451789
 -0.11207882 -0.0300382   0.14203066 -0.16435978  0.06797864 -0.11727551
 -0.02248056 -0.15497939  0.13246056 -0.08217647 -0.03779267  0.20397686
  0.00910849  0.27506499 -0.0598389  -0.17689804  0.03310504  0.18444847
  0.00710353 -0.06812261 -0.11448566  0.04456761  0.13809209 -0.17525618
  0.06081607 -0.06790141 -0.00202947  0.02410975  0.06451111  0.01876659
  0.03216011 -0.01244718 -0.05013124 -0.18089666  0.01631337 -0.01013649
 -0.01976765  0.07639522  0.08742691  0.14995298  0.11298155  0.18371772
  0.03800016  0.20755621]",50,
375,50,1,4,0.7307165314320201,,,"[ 0.25878369  0.06172299  0.12530178  0.36980611  0.12055631 -0.04344471
 -0.13056998  0.0194619   0.05503358 -0.16612305  0.0953673  -0.11952331
  0.00197137 -0.11457232  0.14787064 -0.0387406  -0.06030358  0.25395867
  0.00638843  0.3292686  -0.09033023 -0.145912    0.00592929  0.12054055
 -0.03070875 -0.06061684 -0.06674371  0.05833803  0.08773925 -0.13486817
  0.06800006 -0.08093031 -0.06840782  0.04463008  0.12374556 -0.02667396
  0.01261227 -0.03193436 -0.08264703 -0.26920283  0.06479424 -0.02367924
  0.0033677   0.07500782  0.08854854  0.14263673  0.03874895  0.22187309
  0.09972177  0.09227703]",50,
425,50,1,4,0.7211820888230921,,,"[ 0.2760947   0.07978593  0.09476665  0.37322952  0.13062886 -0.04358222
 -0.14528033  0.05531336  0.05579906 -0.17043111  0.03681939 -0.08306376
  0.00187133 -0.08380425  0.14146348 -0.03048569 -0.09153214  0.21602373
  0.00652279  0.31899283 -0.11781456 -0.12266676  0.04544476  0.13619037
 -0.01238583 -0.05251658 -0.06411176  0.09265766  0.07478761 -0.08405204
  0.04043651 -0.12371127 -0.06904573 -0.00578334  0.11235607  0.03091801
  0.01445665 -0.01791908 -0.0700609  -0.21804262  0.06929439 -0.06966444
 -0.03522151  0.06764596  0.07186682  0.12920343  0.05585123  0.16399885
  0.08764262  0.14920918]",50,
475,50,1,4,0.7102354553521206,,,"[ 0.28656509  0.06974175  0.06057448  0.38021815  0.04511462  0.00057803
 -0.10483659  0.01822269  0.05835696 -0.13245628  0.03950531 -0.08184836
  0.05062788 -0.07637009  0.0598516  -0.03987988 -0.11406153  0.21406447
 -0.01285734  0.28882308 -0.10739787 -0.1067612   0.00178889  0.147524
 -0.0045108  -0.02338725 -0.07994877  0.04979998  0.04340441 -0.06475286
 -0.00987833 -0.14132658 -0.07406696  0.00313208  0.10919492  0.02918724
  0.00657005  0.00044989 -0.03295651 -0.23325443  0.15550629 -0.1152632
  0.01563136  0.06339589  0.03062197  0.10598739  0.09602117  0.12249018
  0.11905247  0.1477389 ]",50,
525,50,1,4,0.714256390959269,,,"[ 3.10028852e-01  8.52650476e-02  7.29862376e-02  3.74368989e-01
  1.41434818e-02 -5.40577985e-02 -5.05111302e-02  1.64667655e-03
  1.47058601e-02 -1.41903960e-01  2.82165475e-02 -5.78742077e-03
  8.27296373e-02 -1.00174439e-01  6.46486996e-02 -5.53137237e-02
 -5.90932537e-02  1.95241856e-01 -5.11256083e-02  2.59525502e-01
 -9.43773988e-02 -5.69352906e-02 -1.52614945e-05  1.02169376e-01
 -1.22673078e-02 -1.35991317e-02 -4.48271696e-02  5.64286331e-02
 -1.26660005e-02 -4.59713594e-02 -1.87023973e-02 -1.35324805e-01
 -7.35398535e-02 -4.66886984e-02  1.11596054e-01  4.09207198e-03
  5.74364352e-02  2.65786800e-02 -4.00751025e-02 -2.34373219e-01
  1.55157308e-01 -8.77042633e-02 -7.58599385e-03  7.99596956e-02
  2.73480700e-02  1.60857635e-01  6.79675780e-02  1.08078247e-01
  1.62103589e-01  9.06930431e-02]",50,
575,50,1,4,0.7147217209934473,,,"[ 0.32365822  0.14292811  0.07547766  0.38900437  0.0595553  -0.07276644
 -0.03790384 -0.00163443  0.01892147 -0.1249452   0.01183559  0.03129728
  0.10572705 -0.08879271  0.07475324 -0.02749869 -0.02033606  0.18575591
 -0.03511587  0.27138392 -0.08247601 -0.00900273  0.01409912  0.10210099
 -0.01689261  0.03748282 -0.04856092  0.04291678  0.01563753 -0.04662438
  0.00944651 -0.09781884 -0.03501939 -0.07672797  0.13091486 -0.00305689
  0.10325745  0.05037745 -0.05045228 -0.20263734  0.15705743 -0.06473545
 -0.02158456  0.06978046  0.02217509  0.13147884  0.07172275  0.11897185
  0.18380697  0.07236037]",50,
625,50,1,4,0.7025820584535222,,,"[ 0.33145067  0.11168398  0.03586549  0.36072181  0.07693186 -0.05747513
 -0.0398612   0.04550751  0.00531179 -0.10037088 -0.01954615  0.04108337
  0.09095786 -0.07572618  0.0731035   0.00164225 -0.01947485  0.15574437
 -0.04043272  0.26331666 -0.08149263 -0.00377894  0.02794591  0.13850451
 -0.023659    0.05610467 -0.05899247  0.02467906  0.03151195 -0.04712819
  0.00901968 -0.08009145 -0.01600121 -0.07552198  0.09645749  0.0195126
  0.10709285  0.04212872 -0.02157742 -0.18167203  0.12333792 -0.04663826
 -0.02543243  0.04126641 -0.00442857  0.12028029  0.07455725  0.09727731
  0.17655211  0.0558567 ]",50,
675,50,1,4,0.6988788092687827,,,"[ 0.32446744  0.0865886   0.0246466   0.34301163  0.080079   -0.07661293
 -0.04411602  0.04701526  0.00406815 -0.09051143 -0.02686497  0.03970838
  0.10258236 -0.05364356  0.06326057  0.00348562 -0.01447228  0.15825376
 -0.06068215  0.2599864  -0.07426356  0.01533007  0.0112603   0.14115989
 -0.03551124  0.04608653 -0.0621789   0.03635897  0.01730845 -0.02483977
  0.02183183 -0.08922291 -0.00119684 -0.09664529  0.08522573  0.01583122
  0.09909822  0.02963147  0.01878049 -0.17079154  0.14129139 -0.06286958
 -0.0318473   0.0340996  -0.02435172  0.11314198  0.07644061  0.08598356
  0.20109654  0.02573781]",50,
725,50,1,4,0.7015610676840305,,,"[ 0.32727005  0.09016304  0.04850691  0.36079533  0.06970788 -0.04519877
 -0.06109817  0.07176638  0.01398657 -0.10092007 -0.02155528  0.03253043
  0.10637064 -0.06177795  0.05339224 -0.01726378 -0.01463927  0.16765482
 -0.05235833  0.26041674 -0.08014548  0.00876565 -0.01029728  0.16118479
 -0.02743511  0.0216239  -0.08673084  0.04615783  0.03893722 -0.02656982
  0.02569093 -0.08135687  0.00535259 -0.09621155  0.09138265  0.00974938
  0.11541011  0.04558198 -0.01140977 -0.16996233  0.15081149 -0.06657172
 -0.00461945  0.06102855 -0.03564302  0.1163483   0.09023277  0.06888895
  0.19432656  0.07265858]",50,
775,50,1,4,0.7129274731457821,,,"[ 0.34611799  0.10019739  0.07167752  0.3856558   0.05472288 -0.00504449
 -0.09754487  0.05856385  0.02795351 -0.12596011 -0.00885738  0.0194588
  0.11389546 -0.05334111  0.01634953 -0.01781605 -0.02507611  0.16261034
 -0.04473211  0.19891367 -0.07403896  0.00766461 -0.03273913  0.14127358
  0.00922635  0.01334501 -0.08418556  0.05376106  0.03683619 -0.04470748
 -0.02568742 -0.04274271 -0.00512157 -0.04845597  0.13091295  0.03402896
  0.08027875  0.06657433 -0.0345758  -0.159528    0.16691875 -0.07672928
 -0.02030106  0.00378045 -0.02853397  0.1205852   0.09651453  0.04708162
  0.16959412  0.04363379]",50,
825,50,1,4,0.7131347694001801,,,"[ 3.54118260e-01  1.05872101e-01  8.94345650e-02  4.19286789e-01
  2.53381878e-02 -1.51774615e-03 -1.16047429e-01  7.00258541e-02
  4.01514230e-02 -1.08140717e-01 -1.04937095e-02 -1.50951245e-04
  6.52260688e-02 -5.43852957e-02  1.10092508e-02 -7.20841425e-02
 -1.18941055e-02  1.69023931e-01 -2.84050894e-02  1.82709922e-01
 -6.74938749e-02 -2.21759615e-02 -4.72074656e-02  7.56903615e-02
  1.55595197e-02  6.78798662e-02 -9.28402328e-02  3.10259500e-02
  4.78147747e-02 -8.18927041e-02  3.20571044e-03 -4.29978766e-02
 -1.15800341e-02  6.68372195e-03  9.04149672e-02  4.04503499e-03
  9.25442851e-02  7.40825659e-02 -2.35682824e-02 -1.02837123e-01
  1.19632116e-01 -8.82507810e-02 -2.36875330e-03 -4.26316359e-02
 -5.19640866e-02  9.88252019e-02  1.17655116e-01  4.43560438e-02
  1.73879852e-01 -1.86146128e-02]",50,
875,50,1,4,0.729627696359006,,,"[ 0.38011981  0.11504059  0.09250001  0.42726535  0.01532193  0.00703226
 -0.11721756  0.09924432  0.06660378 -0.09712752 -0.01623361 -0.00312629
  0.07796293 -0.05511162  0.00290478 -0.07480814 -0.02257834  0.15932097
 -0.01717515  0.16573934 -0.07746478 -0.06670672 -0.05023627  0.10806726
  0.02994696  0.04809705 -0.08866196 -0.00509282  0.03236374 -0.03325878
  0.00977687 -0.01865201 -0.02673759  0.01668954  0.11439019  0.0211608
  0.09570424  0.04590426 -0.02062506 -0.11001411  0.12170587 -0.0466599
  0.02730936 -0.0524035  -0.06606149  0.1035348   0.17495569  0.03835164
  0.18860846 -0.02935961]",50,
925,50,1,4,0.7264434449896322,,,"[ 0.3562417   0.15714162  0.10965739  0.41843559  0.00921467 -0.01987359
 -0.10386911  0.08018467  0.0683406  -0.1017448  -0.04786716 -0.01559231
  0.09813553 -0.07387695  0.00241554 -0.11172887  0.0102724   0.16475906
 -0.02795033  0.17069395 -0.06168033 -0.07747614 -0.0406046   0.10015426
  0.03419016  0.04444995 -0.07880602  0.02600665  0.03408489 -0.05493048
  0.00833153  0.00158348 -0.04868117  0.01095692  0.11811745  0.03188509
  0.11301315 -0.00421983 -0.00841933 -0.0874622   0.07564649 -0.04140135
  0.04483466 -0.08133347 -0.04825838  0.0791556   0.18727806  0.02945159
  0.19633209 -0.04273611]",50,
975,50,1,4,0.7351642787227547,,,"[ 0.38973555  0.18139576  0.12559511  0.43050475  0.00346015 -0.0567724
 -0.10096771  0.072152    0.06803558 -0.10687532 -0.06654972 -0.0233442
  0.09881786 -0.06533056 -0.0166223  -0.09796638  0.01150967  0.16148148
 -0.04871297  0.13427987 -0.06566661 -0.09605824 -0.04009357  0.10981233
  0.06833004  0.05145418 -0.09463382  0.04670589  0.03235027 -0.07831657
  0.05495372  0.02851095 -0.03133939  0.00072889  0.11342046  0.00396669
  0.12429005  0.02025448  0.02736078 -0.07728067  0.08027275 -0.06935322
  0.04394086 -0.08007658 -0.05316847  0.07312356  0.18556503  0.01291587
  0.19545011 -0.02250191]",50,
1025,50,1,4,0.7356333095849311,,,"[ 0.38978916  0.18485825  0.1344491   0.43160522  0.01740092 -0.04187432
 -0.10549468  0.08992723  0.05349968 -0.14411619 -0.08554816 -0.01327123
  0.08708639 -0.07038901 -0.0078543  -0.08114203  0.01869363  0.14536576
 -0.04552181  0.12513632 -0.07209162 -0.09946129 -0.04509018  0.13233368
  0.06864734  0.05717642 -0.09221954  0.02252246  0.01832256 -0.09164164
  0.07954893  0.01536773 -0.0364859   0.01021915  0.09815674 -0.03460118
  0.12304925  0.01239678  0.03712118 -0.07323338  0.07847681 -0.09329343
  0.04562465 -0.0619673  -0.05753243  0.06090318  0.17551598  0.0098717
  0.16909987 -0.05285986]",50,
25,50,1,5,1.163963411513368,,,"[ 0.39181786  0.53771763  0.47734421  0.42621203 -0.3553244   0.48347073
 -0.77512096  0.6273971  -0.31085325  0.36016188 -0.16484409 -0.07482997
  0.49559387  0.39627917  0.43203761 -0.25326641 -0.00229972  0.02914283
 -0.26127308  0.09763405 -0.26249854  0.01480211  0.43747625 -0.04763505
  0.01488166  0.37590104 -0.07199336  0.36534058  0.22579114  0.30295482
 -0.08461089 -0.08343336 -0.02714264 -0.71373473  0.02270588 -0.35963213
 -0.20154737  0.25052841 -0.07510641 -0.30372644 -0.16706909 -0.45361859
  0.32990608  0.06046309  0.29325163  0.11756634 -0.10174987 -0.42056945
 -0.07631335 -0.31252179]",50,
75,50,1,5,1.6427720166135458,,,"[ 0.10357067  0.15297775 -0.19898052  0.73031622  0.15584558  0.40390451
 -0.0990063   0.3512703   0.25566412  0.43445253  0.10247307  0.01104962
  1.13200039  0.60517619  0.47564354 -0.34871758  0.26683265  0.15201189
 -0.32118354 -0.27994774 -1.09472304  0.26177275 -0.22951431 -0.21660753
  0.16465476  0.58501946 -0.30166904  0.89865629  0.71548537  0.41274177
  0.03069651 -0.08322952 -0.13419943 -0.57527847  0.74512994 -0.81902959
 -0.15826573  0.26622857  0.3972831  -0.6761603  -0.12527094 -0.19673771
 -0.71175604 -0.60071235  0.39932487  0.31206083 -0.02919852 -0.80627492
  0.09277193 -0.33638771]",50,
125,50,1,5,0.9760090596859464,,,"[ 0.07773616  0.1155171   0.11776551  0.26146943  0.09047118  0.02825731
  0.13181929  0.23811961  0.34565304  0.31489202  0.05755675  0.07201836
  0.50042216  0.38593821  0.29563781 -0.26403684  0.21387367  0.41969716
 -0.35291003  0.23447416 -0.44443695 -0.16316974 -0.01420384 -0.06734844
  0.02988755  0.33697522 -0.06960626  0.11396001  0.3337243  -0.12739181
  0.04424485  0.13500227  0.00477874 -0.21853081  0.36396335 -0.04790939
  0.08630894 -0.04013452  0.06697416 -0.39509227 -0.15275619 -0.19130079
 -0.01120379 -0.31869373  0.05773495  0.10280374  0.13142381 -0.27283475
  0.37510057 -0.49180979]",50,
175,50,1,5,0.8931041451581296,,,"[ 0.22758105  0.14172412  0.20431409  0.43887423  0.15910977 -0.11678967
 -0.14110997  0.2894722   0.14156738  0.1644908  -0.09509522 -0.06246891
  0.08785596  0.08343406  0.23601699 -0.09905516  0.05298552  0.18471772
 -0.29799513  0.0640716  -0.54500043 -0.39182958  0.01092481  0.09451214
  0.11758528  0.34284011 -0.25890022 -0.29180479  0.24825356 -0.11007209
  0.02572006  0.2287992  -0.04783159  0.00424402  0.3062487  -0.01572049
 -0.10502271 -0.07870223  0.25762567 -0.19968498 -0.03431441 -0.03376568
  0.26075868  0.17001853 -0.14802144  0.04321898 -0.05657269 -0.05167484
  0.08165655 -0.13867059]",50,
225,50,1,5,0.8159748538855172,,,"[ 0.23856131  0.19361874  0.2317631   0.56039275 -0.02636391 -0.10780884
 -0.18983279  0.365144    0.06684608  0.17594862 -0.07053556 -0.14863241
  0.02144289 -0.10533143  0.30527051 -0.23161863  0.17647262  0.07029246
 -0.08541641  0.09046543 -0.35440663 -0.15193899 -0.00780869  0.03351595
  0.03989744  0.28748803 -0.11715337 -0.10430094 -0.0081209  -0.02392667
  0.22412024  0.19014006 -0.15495696 -0.08983382  0.09546169 -0.11189194
  0.04070381  0.03275497  0.25596661 -0.15515002  0.11260715 -0.11372352
  0.19906971  0.04146662  0.00951448 -0.00909489  0.02454377  0.11904022
  0.1165249  -0.28069395]",50,
275,50,1,5,0.7833480273377381,,,"[ 0.25447681  0.15109148  0.09265459  0.3275398   0.02757067 -0.12225652
 -0.18804042  0.2083448   0.06394602  0.04561832  0.02256229 -0.09439695
  0.05343606  0.0200774   0.18180664 -0.31119647  0.09667893  0.09729591
 -0.06069114  0.04488732 -0.3267466  -0.14043478 -0.11683728  0.03553404
  0.01400135  0.11908874  0.00282276 -0.11268202  0.00504483 -0.03627784
  0.09560163  0.14521026 -0.0709598  -0.01037436  0.18209359  0.05906252
 -0.04611015 -0.06015582  0.12542297 -0.20917246  0.10085091  0.00217534
  0.22936583  0.03505599  0.01045022  0.01206144  0.18610899  0.07343971
  0.11458768 -0.17434712]",50,
325,50,1,5,0.7977060133546229,,,"[ 3.07588687e-01  2.05256952e-01  2.19936979e-01  3.70720625e-01
  1.02052588e-01 -1.06478710e-01 -1.44911952e-01  1.70808462e-01
  1.34650365e-01 -2.74295153e-02 -8.27053111e-03 -7.15567187e-03
  7.47382880e-05  1.48210505e-02  1.48492811e-01 -1.92216755e-01
  2.96677085e-02 -1.80162230e-03 -2.32032895e-02  3.39087788e-02
 -3.15099234e-01 -8.91196292e-02 -7.85962825e-02 -3.39018515e-02
  3.71122601e-02  1.86834930e-01  5.21236699e-03 -5.88537873e-02
 -9.71297643e-03  2.22723851e-02  7.60478237e-02  1.67273686e-01
 -4.79136926e-02 -9.48788450e-03  1.04734052e-01  7.63990076e-02
 -2.12764980e-02  3.87693430e-02  1.15534499e-01 -1.89609425e-01
  2.32212009e-02  4.01710727e-02  1.43334702e-01 -2.07214781e-03
 -2.72272224e-02  5.44837818e-03  2.52922038e-01  1.36631837e-03
  1.16625925e-01 -5.20663793e-02]",50,
375,50,1,5,0.7912813258559805,,,"[ 0.32228444  0.23117634  0.2040295   0.40359363  0.0866793  -0.05456637
 -0.11922151  0.10129369  0.18486106 -0.00970172  0.02736466 -0.02495115
  0.02649598  0.05343194  0.00596453 -0.19729584  0.08118577  0.03193555
 -0.00342914  0.01233786 -0.31181069 -0.13639447 -0.02055539  0.01888148
  0.00423269  0.23407593 -0.05253304 -0.01074875  0.01405679  0.00686943
  0.17374501  0.16030465 -0.08440668 -0.08418455  0.08906034 -0.03499919
  0.05776389 -0.02402856  0.07799135 -0.15427969  0.03673475  0.09036427
  0.05194543 -0.05971288 -0.13014858  0.07227887  0.2858403  -0.02750242
  0.16137496 -0.02413911]",50,
425,50,1,5,0.8146792861799025,,,"[ 0.38402719  0.23130256  0.20792567  0.48527686  0.0703003  -0.06779093
 -0.08143922  0.13831191  0.22317372 -0.03312036 -0.01923556 -0.01563656
  0.08225592  0.04874191 -0.02277523 -0.23974381  0.04509231  0.07775592
 -0.05166967  0.10361862 -0.25756083 -0.13179024 -0.03869629  0.01955956
  0.07349744  0.19431145 -0.09142885 -0.05798059  0.02484891  0.00321901
  0.16988415  0.15705545 -0.04621538 -0.10215516  0.10865814 -0.0256882
  0.11817973  0.0086907   0.10328628 -0.14495565  0.01654665  0.10648748
  0.05923287 -0.01419751 -0.15089883  0.07553339  0.28242729 -0.07761193
  0.18111163 -0.01749096]",50,
475,50,1,5,0.8001199222840876,,,"[ 3.12479013e-01  2.30628407e-01  1.87444745e-01  5.43232792e-01
  5.34101369e-02 -2.39607324e-02 -1.26090071e-01  1.23162816e-01
  2.31815422e-01 -4.65828080e-02 -1.77867097e-04 -3.06550576e-02
  4.78605892e-02  2.36410157e-02 -1.18417633e-02 -2.30988604e-01
  2.42215841e-02  1.29469789e-01 -9.04454853e-02  1.07478234e-01
 -1.82061848e-01 -1.96720921e-01 -2.27437784e-02  1.54336104e-02
  7.08031959e-02  1.58243340e-01 -6.83581958e-02 -4.16873723e-02
  7.69968305e-03 -6.10478035e-02  1.60440891e-01  1.78993929e-01
 -5.37076199e-02 -7.01835796e-02  1.11048674e-01 -5.51699930e-02
  1.06850647e-01 -1.31623162e-02  6.35326359e-02 -1.00845859e-01
  2.62902560e-02  1.29146452e-01  8.24065358e-02  1.02007139e-02
 -1.44485308e-01  7.81269017e-02  2.63056037e-01 -6.68494563e-02
  1.07994133e-01 -3.54295040e-02]",50,
525,50,1,5,0.7734465378291497,,,"[ 3.04139336e-01  1.72267936e-01  1.05446084e-01  5.18622115e-01
  8.23569103e-02 -4.22433214e-02 -1.47396215e-01  1.28559214e-01
  1.80085753e-01 -1.65774727e-02 -1.93637608e-02 -2.64348088e-02
  4.44762591e-02 -8.99152426e-04  1.86445005e-02 -1.89667533e-01
 -1.86042880e-02  1.12501428e-01 -4.61536589e-02  6.99479323e-02
 -1.90723251e-01 -1.72059052e-01 -4.82870150e-02  7.82179020e-02
  8.41375630e-02  1.47017938e-01 -1.22050459e-01 -4.36896453e-02
 -9.90808207e-03 -6.49530764e-02  1.34742115e-01  1.59775632e-01
 -3.64835603e-03 -6.50478494e-02  1.17232506e-01 -4.58507423e-02
  8.80082394e-02 -3.48841089e-02  3.53201835e-02 -9.61173131e-02
  1.82295266e-02  9.13346214e-02  6.15049813e-02 -1.44332677e-04
 -1.09621788e-01  6.25337233e-02  2.70642618e-01 -6.84422883e-02
  9.36480909e-02 -4.14309856e-02]",50,
575,50,1,5,0.7655209053043877,,,"[ 0.34406333  0.1084904   0.07026728  0.4535651   0.04756969 -0.03559712
 -0.12304697  0.10823102  0.17425537 -0.02841315 -0.03141667 -0.01547068
  0.06588664 -0.03034213  0.01150663 -0.16383247 -0.03937343  0.11158507
 -0.06745438  0.08834838 -0.15202564 -0.14687528 -0.0038496   0.11841238
  0.12726945  0.14946775 -0.1161195  -0.0859708   0.00502622 -0.07607462
  0.14668506  0.15301624  0.02925942 -0.03402621  0.11454953 -0.02528454
  0.09151221 -0.02254241  0.02596245 -0.07926088  0.00049875  0.10016889
  0.10325754 -0.02096269 -0.10166915  0.04750743  0.26574581 -0.08086493
  0.08271745 -0.04406009]",50,
625,50,1,5,0.7591970007593909,,,"[ 0.3476668   0.11809711  0.09144522  0.45492645  0.05200973 -0.03741013
 -0.10557732  0.14901799  0.14556715 -0.02375448 -0.03852396 -0.03071077
  0.1143518  -0.03080157  0.02487994 -0.14835333 -0.02606738  0.05981867
 -0.02952386  0.09581079 -0.10188501 -0.16243714  0.00420013  0.13727611
  0.08640672  0.15430924 -0.10843412 -0.05812286 -0.00343555 -0.08004397
  0.11292807  0.13820959  0.02604655  0.01728078  0.10383402  0.01436199
  0.1443138  -0.03498672  0.03585858 -0.09274018  0.00376651  0.07927525
  0.09278974 -0.04399194 -0.0707343   0.0891068   0.21478384 -0.05511312
  0.12521269 -0.06589429]",50,
675,50,1,5,0.752244034366629,,,"[ 3.71704593e-01  1.01901307e-01  1.03954654e-01  4.25585669e-01
  5.82006395e-02 -1.77894075e-02 -8.63919808e-02  5.97872414e-02
  1.37764558e-01 -1.62545701e-02 -5.11944587e-02 -3.13299575e-02
  1.20194289e-01 -2.73662043e-02  2.16996962e-02 -1.02051707e-01
 -2.84296635e-02  1.04437044e-01 -8.81650923e-03  7.18193400e-02
 -9.38110797e-02 -1.48098554e-01 -8.75492029e-03  1.47102175e-01
  1.03221207e-01  1.68380898e-01 -1.16347339e-01 -4.21758306e-02
 -1.17516956e-02 -7.81750819e-02  1.13718658e-01  1.39415119e-01
  4.56960272e-03  4.14383900e-02  1.33104054e-01  2.36275405e-02
  1.53383689e-01  2.42038761e-04  1.61036526e-02 -7.58902704e-02
 -8.63886862e-03  4.26701638e-02  5.07571041e-02 -4.41861235e-02
 -5.85833079e-02  8.67172577e-02  1.53324662e-01 -5.93908393e-02
  1.45535632e-01 -7.82074203e-02]",50,
725,50,1,5,0.7524210082722754,,,"[ 0.37344722  0.09814753  0.07951058  0.41520275  0.05390447 -0.02465344
 -0.0920341   0.04995721  0.13373739 -0.0489828  -0.0398356  -0.02865629
  0.12667973 -0.05320521  0.01720611 -0.1125145  -0.00651051  0.10732342
 -0.02166885  0.1214735  -0.11129961 -0.19056454 -0.01565781  0.14705688
  0.10278083  0.14292285 -0.12603983 -0.03792674  0.04594977 -0.07967535
  0.07703911  0.11260946 -0.01290291  0.02764556  0.15921978  0.02368828
  0.12298296 -0.01957183  0.00772985 -0.0549761   0.0136893   0.04313362
  0.05424011 -0.0479312  -0.04370893  0.07164417  0.13571382 -0.05753272
  0.13163512 -0.07804385]",50,
775,50,1,5,0.7402347256019101,,,"[ 0.39013159  0.11733765  0.08594889  0.41915986  0.05789957 -0.04061595
 -0.07267788  0.02553767  0.09837006 -0.09457307 -0.00190166 -0.03387105
  0.12153185 -0.05691312  0.00082153 -0.12129455 -0.01456994  0.12217182
 -0.02382093  0.08395723 -0.09636093 -0.15762228 -0.04592761  0.16297238
  0.08032731  0.10471336 -0.11584809 -0.05682386  0.02942881 -0.05675462
  0.08377868  0.07373138 -0.03483827 -0.00183192  0.14451813 -0.00523205
  0.1207667  -0.0329014   0.01406117 -0.0547077   0.03257189  0.01756696
  0.06594801 -0.05736503 -0.05837468  0.0591489   0.1376803  -0.02002435
  0.14903943 -0.07443496]",50,
825,50,1,5,0.7348373558369673,,,"[ 0.37589695  0.12254633  0.10297809  0.39312964  0.04283882 -0.04567833
 -0.10057704  0.02753834  0.08353052 -0.08921183 -0.01973609 -0.04793761
  0.10278487 -0.04401333 -0.01213971 -0.12464448  0.04563856  0.11252013
 -0.02072592  0.0934941  -0.05092047 -0.12008675 -0.05795366  0.14978073
  0.07203649  0.09758616 -0.15846201 -0.01738551  0.03247886 -0.05954801
  0.10818527  0.07141526 -0.01641035 -0.00945867  0.12501651 -0.0201339
  0.14710855 -0.0158774  -0.01144724 -0.05981636  0.03567203  0.01754396
  0.04722007 -0.07085452 -0.05186347  0.06405304  0.15478242 -0.02871771
  0.15319444 -0.08519507]",50,
875,50,1,5,0.722575600046029,,,"[ 0.35467421  0.1235288   0.12424468  0.3784478   0.02689211 -0.06937569
 -0.10303081  0.06597372  0.07649341 -0.12601999 -0.04067917 -0.03856094
  0.08247961 -0.04503183 -0.03197651 -0.10056299  0.03878539  0.10915439
 -0.03167247  0.09446336 -0.05895551 -0.10153876 -0.058007    0.14844423
  0.05663639  0.08445475 -0.14003912 -0.01620702  0.02933635 -0.07564324
  0.0954648   0.05299322  0.00395038 -0.02975441  0.12210834 -0.0072551
  0.12909003 -0.01239263 -0.00532557 -0.04950569  0.05517344 -0.0004951
  0.03607608 -0.05153714 -0.03757872  0.06870984  0.16680378 -0.02802081
  0.14947719 -0.05980001]",50,
925,50,1,5,0.7169208260538545,,,"[ 0.34491872  0.13645414  0.12134857  0.39521617  0.02055844 -0.05486359
 -0.09980684  0.07604933  0.05602093 -0.12159446 -0.06190137 -0.03723492
  0.08130987 -0.05671901 -0.02125348 -0.06828057  0.03533822  0.12849394
 -0.04160688  0.10082387 -0.07517711 -0.10078968 -0.04835822  0.16677051
  0.04508946  0.07175307 -0.1107662   0.01293978  0.03813296 -0.07725587
  0.08507158  0.02994153 -0.00333315 -0.02132923  0.11183541 -0.00991749
  0.10050176 -0.02330234  0.00965614 -0.0641609   0.04811415 -0.03922202
  0.03056204 -0.03384464 -0.03186616  0.06261741  0.15166673  0.00566835
  0.16292086 -0.05130576]",50,
975,50,1,5,0.7310065862361312,,,"[ 0.37944625  0.17772642  0.14461649  0.43320825  0.0045894  -0.04031528
 -0.12118758  0.09154417  0.06052371 -0.13109354 -0.06892589 -0.01037794
  0.0559135  -0.0741057  -0.0101935  -0.07513269  0.00825366  0.14489677
 -0.05346223  0.10741998 -0.08933475 -0.1050997  -0.04660478  0.14422323
  0.07238366  0.06120048 -0.10007939  0.0219116   0.02660289 -0.10131919
  0.09660847 -0.00342916 -0.04338379 -0.00280723  0.10185923 -0.04332464
  0.12103665 -0.02111054  0.03100198 -0.08142495  0.08233444 -0.0783828
  0.05695129 -0.04447482 -0.06891847  0.05424617  0.17989824  0.01216123
  0.17933482 -0.03943325]",50,
1025,50,1,5,0.7356333095849311,,,"[ 0.38978916  0.18485825  0.1344491   0.43160522  0.01740092 -0.04187432
 -0.10549468  0.08992723  0.05349968 -0.14411619 -0.08554816 -0.01327123
  0.08708639 -0.07038901 -0.0078543  -0.08114203  0.01869363  0.14536576
 -0.04552181  0.12513632 -0.07209162 -0.09946129 -0.04509018  0.13233368
  0.06864734  0.05717642 -0.09221954  0.02252246  0.01832256 -0.09164164
  0.07954893  0.01536773 -0.0364859   0.01021915  0.09815674 -0.03460118
  0.12304925  0.01239678  0.03712118 -0.07323338  0.07847681 -0.09329343
  0.04562465 -0.0619673  -0.05753243  0.06090318  0.17551598  0.0098717
  0.16909987 -0.05285986]",50,
