sample_size,n,k,repeat,mae,coefficients,non_zero_coef,num_iter,best_x,predicted_best
5,10,2,1,0.06524079937817573,"[ 0.          0.02277183  0.          0.          0.          0.
  0.          0.          0.          0.         -0.00522345  0.
  0.         -0.00441668  0.          0.          0.          0.02840293
  0.          0.          0.          0.          0.          0.
  0.          0.          0.          0.          0.          0.
  0.          0.          0.          0.          0.          0.
  0.          0.          0.          0.          0.          0.
  0.          0.          0.          0.          0.          0.
  0.          0.          0.          0.          0.          0.
  0.        ]",4,6,"(np.int32(1), np.int32(0), np.int32(1), np.int32(0), np.int32(1), np.int32(1), np.int32(1), np.int32(1), np.int32(1), np.int32(1))",-0.4669896855764037
25,10,2,1,0.044725121852024145,"[ 0.03196215  0.03681612  0.          0.02623078  0.01302843  0.0050414
 -0.00421782  0.00685653  0.          0.          0.00088789  0.
  0.         -0.0037783   0.         -0.00025994  0.          0.
  0.         -0.01250828  0.00448122  0.          0.          0.
  0.          0.          0.          0.          0.         -0.00765811
 -0.00427095  0.00202627 -0.00338332  0.          0.          0.
  0.          0.          0.         -0.00369578 -0.01252677  0.
  0.         -0.01438177  0.          0.          0.          0.
 -0.00088251  0.00225347 -0.01419226  0.03019227  0.         -0.00224813
  0.        ]",24,38,"(np.int32(1), np.int32(0), np.int32(1), np.int32(0), np.int32(0), np.int32(1), np.int32(1), np.int32(0), np.int32(0), np.int32(1))",-0.3549949152149531
45,10,2,1,7.392995248632794e-05,"[ 3.92162274e-02  2.73569061e-02 -7.38216542e-03  1.99790093e-02
  9.09037892e-03  2.27640880e-02 -2.74261559e-02  3.73392351e-03
  1.12500680e-02  5.05861969e-03  0.00000000e+00  0.00000000e+00
  0.00000000e+00 -1.13107997e-02  0.00000000e+00  0.00000000e+00
  9.71979496e-03  0.00000000e+00  0.00000000e+00  0.00000000e+00
  9.86990193e-03  8.77383995e-03  0.00000000e+00  8.55277044e-03
  0.00000000e+00 -9.16336927e-03  0.00000000e+00  0.00000000e+00
  0.00000000e+00 -1.65446732e-02  0.00000000e+00  0.00000000e+00
 -1.91891880e-03  3.78884014e-06  0.00000000e+00  0.00000000e+00
  0.00000000e+00  0.00000000e+00  0.00000000e+00  0.00000000e+00
  0.00000000e+00  0.00000000e+00  0.00000000e+00  0.00000000e+00
  0.00000000e+00  0.00000000e+00  0.00000000e+00  0.00000000e+00
  0.00000000e+00  5.49537938e-06  0.00000000e+00  3.20650320e-02
 -4.95341388e-06  0.00000000e+00  0.00000000e+00]",22,26,"(np.int32(0), np.int32(0), np.int32(0), np.int32(0), np.int32(0), np.int32(1), np.int32(1), np.int32(1), np.int32(0), np.int32(1))",-0.3246579613677413
65,10,2,1,6.211797540758263e-05,"[ 3.92143922e-02  2.73463364e-02 -7.39262522e-03  1.99704492e-02
  9.08366901e-03  2.27693366e-02 -2.74291610e-02  3.74513117e-03
  1.12485448e-02  5.05493405e-03  0.00000000e+00  0.00000000e+00
  0.00000000e+00 -1.13107649e-02  0.00000000e+00  0.00000000e+00
  9.71987539e-03  0.00000000e+00  0.00000000e+00  0.00000000e+00
  9.86878577e-03  8.77286045e-03  0.00000000e+00  8.56109672e-03
  0.00000000e+00 -9.15919156e-03  0.00000000e+00  0.00000000e+00
  0.00000000e+00 -1.65562907e-02  0.00000000e+00  0.00000000e+00
 -1.91953277e-03  0.00000000e+00  0.00000000e+00  0.00000000e+00
  0.00000000e+00  0.00000000e+00  0.00000000e+00  0.00000000e+00
 -3.44341163e-06  0.00000000e+00  0.00000000e+00 -3.14529722e-06
  0.00000000e+00  0.00000000e+00  0.00000000e+00  0.00000000e+00
  0.00000000e+00  0.00000000e+00  0.00000000e+00  3.20561095e-02
 -7.66120318e-07  0.00000000e+00  0.00000000e+00]",22,22,"(np.int32(0), np.int32(0), np.int32(1), np.int32(0), np.int32(0), np.int32(0), np.int32(1), np.int32(1), np.int32(1), np.int32(0))",-0.3246422610541181
85,10,2,1,5.875949528886093e-05,"[ 3.92176898e-02  2.73420647e-02 -7.39457668e-03  1.99648930e-02
  9.08418750e-03  2.27692910e-02 -2.74303260e-02  3.74487322e-03
  1.12461783e-02  5.05948452e-03  0.00000000e+00  0.00000000e+00
  0.00000000e+00 -1.13143832e-02  0.00000000e+00  0.00000000e+00
  9.71836647e-03  0.00000000e+00  0.00000000e+00  0.00000000e+00
  9.86977725e-03  8.77787839e-03  0.00000000e+00  8.56562289e-03
  0.00000000e+00 -9.15750136e-03  0.00000000e+00  0.00000000e+00
  0.00000000e+00 -1.65575288e-02  0.00000000e+00  0.00000000e+00
 -1.92002749e-03  0.00000000e+00  0.00000000e+00  0.00000000e+00
  0.00000000e+00  0.00000000e+00  0.00000000e+00  0.00000000e+00
 -2.08447575e-06  0.00000000e+00  0.00000000e+00 -6.83639693e-07
  0.00000000e+00  0.00000000e+00  0.00000000e+00  0.00000000e+00
  0.00000000e+00  1.43955558e-06  0.00000000e+00  3.20586650e-02
  0.00000000e+00  0.00000000e+00  0.00000000e+00]",22,22,"(np.int32(0), np.int32(0), np.int32(1), np.int32(0), np.int32(1), np.int32(0), np.int32(1), np.int32(0), np.int32(1), np.int32(0))",-0.32464010259700304
105,10,2,1,5.685770234264615e-05,"[ 3.92198345e-02  2.73393047e-02 -7.39204610e-03  1.99675697e-02
  9.08457142e-03  2.27684493e-02 -2.74340558e-02  3.74092903e-03
  1.12491856e-02  5.05925672e-03  0.00000000e+00  0.00000000e+00
  7.85988839e-07 -1.13091502e-02  0.00000000e+00  0.00000000e+00
  9.71637705e-03  0.00000000e+00  0.00000000e+00  0.00000000e+00
  9.87072953e-03  8.77659090e-03  0.00000000e+00  8.56604597e-03
  0.00000000e+00 -9.15917422e-03  0.00000000e+00  0.00000000e+00
  0.00000000e+00 -1.65547335e-02  0.00000000e+00  0.00000000e+00
 -1.92578329e-03  0.00000000e+00  0.00000000e+00  0.00000000e+00
  0.00000000e+00  0.00000000e+00  0.00000000e+00  0.00000000e+00
 -1.87565416e-06  0.00000000e+00  0.00000000e+00  0.00000000e+00
  0.00000000e+00  0.00000000e+00  0.00000000e+00  0.00000000e+00
  0.00000000e+00  0.00000000e+00  0.00000000e+00  3.20594328e-02
  0.00000000e+00  0.00000000e+00  0.00000000e+00]",21,21,"(np.int32(0), np.int32(1), np.int32(1), np.int32(1), np.int32(1), np.int32(0), np.int32(1), np.int32(1), np.int32(0), np.int32(0))",-0.32462829483990235
125,10,2,1,5.2914223515528326e-05,"[ 3.92194534e-02  2.73375874e-02 -7.39160681e-03  1.99683713e-02
  9.08080982e-03  2.27739145e-02 -2.74373176e-02  3.74371723e-03
  1.12503146e-02  5.06200183e-03  0.00000000e+00  0.00000000e+00
  0.00000000e+00 -1.13082327e-02  0.00000000e+00  0.00000000e+00
  9.71778552e-03  0.00000000e+00  0.00000000e+00  0.00000000e+00
  9.87173940e-03  8.78011671e-03  0.00000000e+00  8.56757970e-03
  0.00000000e+00 -9.16240612e-03  0.00000000e+00  0.00000000e+00
  0.00000000e+00 -1.65485784e-02  0.00000000e+00  0.00000000e+00
 -1.92495057e-03  0.00000000e+00  0.00000000e+00 -7.86891095e-07
  0.00000000e+00  0.00000000e+00  0.00000000e+00  0.00000000e+00
  0.00000000e+00  0.00000000e+00  0.00000000e+00  0.00000000e+00
  0.00000000e+00  0.00000000e+00  0.00000000e+00  0.00000000e+00
  0.00000000e+00  0.00000000e+00  0.00000000e+00  3.20625873e-02
  0.00000000e+00  0.00000000e+00  0.00000000e+00]",20,20,"(np.int32(0), np.int32(0), np.int32(0), np.int32(0), np.int32(0), np.int32(0), np.int32(1), np.int32(1), np.int32(1), np.int32(1))",-0.32462558093284505
145,10,2,1,4.809349519034251e-05,"[ 0.03921957  0.02733885 -0.00739599  0.01997074  0.00908419  0.02277421
 -0.02743975  0.00374361  0.01125029  0.00506027  0.          0.
  0.         -0.0113092   0.          0.          0.0097193   0.
  0.          0.          0.00987077  0.00877618  0.          0.00856926
  0.         -0.00916239  0.          0.          0.         -0.01655409
  0.          0.         -0.00192784  0.          0.          0.
  0.          0.          0.          0.          0.          0.
  0.          0.          0.          0.          0.          0.
  0.          0.          0.          0.03206066  0.          0.
  0.        ]",19,19,"(np.int32(1), np.int32(1), np.int32(1), np.int32(0), np.int32(0), np.int32(0), np.int32(1), np.int32(1), np.int32(0), np.int32(1))",-0.324608198822862
165,10,2,1,4.720627921670689e-05,"[ 0.03922077  0.02733846 -0.00739563  0.01997059  0.00908683  0.02277571
 -0.02743824  0.00374445  0.0112488   0.00506244  0.          0.
  0.         -0.0113088   0.          0.          0.00971898  0.
  0.          0.          0.00987304  0.00877594  0.          0.00856898
  0.         -0.00916304  0.          0.          0.         -0.0165543
  0.          0.         -0.00192891  0.          0.          0.
  0.          0.          0.          0.          0.          0.
  0.          0.          0.          0.          0.          0.
  0.          0.          0.          0.03206236  0.          0.
  0.        ]",19,19,"(np.int32(0), np.int32(0), np.int32(1), np.int32(0), np.int32(0), np.int32(0), np.int32(1), np.int32(1), np.int32(1), np.int32(1))",-0.3246009755610587
185,10,2,1,4.767213638492168e-05,"[ 0.0392223   0.02733775 -0.00739668  0.01996874  0.00908598  0.02277543
 -0.02743766  0.0037444   0.01125032  0.00506419  0.          0.
  0.         -0.01130846  0.          0.          0.00971717  0.
  0.          0.          0.00987396  0.00877658  0.          0.00856948
  0.         -0.0091645   0.          0.          0.         -0.01655389
  0.          0.         -0.00192704  0.          0.          0.
  0.          0.          0.          0.          0.          0.
  0.          0.          0.          0.          0.          0.
  0.          0.          0.          0.03206356  0.          0.
  0.        ]",19,19,"(np.int32(0), np.int32(0), np.int32(1), np.int32(0), np.int32(0), np.int32(0), np.int32(1), np.int32(1), np.int32(1), np.int32(1))",-0.3246009755610587
205,10,2,1,4.810633797753039e-05,"[ 0.03922246  0.02733696 -0.00739534  0.0199684   0.00908493  0.02277617
 -0.02743688  0.00374554  0.01125063  0.00506512  0.          0.
  0.         -0.0113079   0.          0.          0.00971656  0.
  0.          0.          0.0098733   0.00877751  0.          0.00856884
  0.         -0.00916438  0.          0.          0.         -0.01655526
  0.          0.         -0.00192647  0.          0.          0.
  0.          0.          0.          0.          0.          0.
  0.          0.          0.          0.          0.          0.
  0.          0.          0.          0.03206273  0.          0.
  0.        ]",19,19,"(np.int32(0), np.int32(0), np.int32(1), np.int32(0), np.int32(0), np.int32(0), np.int32(1), np.int32(1), np.int32(1), np.int32(1))",-0.3246009755610587
225,10,2,1,4.7985517662935686e-05,"[ 0.03922234  0.02733696 -0.0073924   0.01996926  0.00908556  0.02277594
 -0.02743778  0.00374391  0.01125152  0.00506379  0.          0.
  0.         -0.01130886  0.          0.          0.00971742  0.
  0.          0.          0.00987162  0.00877667  0.          0.00856936
  0.         -0.00916516  0.          0.          0.         -0.01655508
  0.          0.         -0.00192597  0.          0.          0.
  0.          0.          0.          0.          0.          0.
  0.          0.          0.          0.          0.          0.
  0.          0.          0.          0.03206127  0.          0.
  0.        ]",19,19,"(np.int32(0), np.int32(0), np.int32(1), np.int32(0), np.int32(0), np.int32(0), np.int32(1), np.int32(1), np.int32(1), np.int32(1))",-0.3246009755610587
245,10,2,1,4.791499241937863e-05,"[ 0.03922224  0.02733941 -0.00739138  0.01996872  0.00908488  0.02277729
 -0.02743901  0.00374385  0.01125261  0.00506252  0.          0.
  0.         -0.01130998  0.          0.          0.0097164   0.
  0.          0.          0.00987138  0.00877589  0.          0.00856893
  0.         -0.00916421  0.          0.          0.         -0.01655498
  0.          0.         -0.00192645  0.          0.          0.
  0.          0.          0.          0.          0.          0.
  0.          0.          0.          0.          0.          0.
  0.          0.          0.          0.03206027  0.          0.
  0.        ]",19,19,"(np.int32(0), np.int32(0), np.int32(1), np.int32(0), np.int32(0), np.int32(0), np.int32(1), np.int32(1), np.int32(1), np.int32(1))",-0.3246009755610587
265,10,2,1,4.710233672407027e-05,"[ 0.0392211   0.02733891 -0.00739099  0.01997028  0.009085    0.02277881
 -0.02743906  0.00374419  0.01125257  0.00506303  0.          0.
  0.         -0.0113113   0.          0.          0.00971506  0.
  0.          0.          0.00987185  0.0087754   0.          0.0085691
  0.         -0.00916404  0.          0.          0.         -0.01655558
  0.          0.         -0.001928    0.          0.          0.
  0.          0.          0.          0.          0.          0.
  0.          0.          0.          0.          0.          0.
  0.          0.          0.          0.03206218  0.          0.
  0.        ]",19,19,"(np.int32(0), np.int32(0), np.int32(1), np.int32(0), np.int32(0), np.int32(0), np.int32(1), np.int32(1), np.int32(1), np.int32(1))",-0.3246009755610587
285,10,2,1,4.527526278540528e-05,"[ 0.0392229   0.02733767 -0.00739136  0.01997124  0.00908637  0.02277975
 -0.02744053  0.00374305  0.01125241  0.00506221  0.          0.
  0.         -0.01131119  0.          0.          0.00971795  0.
  0.          0.          0.00987258  0.00877434  0.          0.00856929
  0.         -0.00916524  0.          0.          0.         -0.01655498
  0.          0.         -0.00192832  0.          0.          0.
  0.          0.          0.          0.          0.          0.
  0.          0.          0.          0.          0.          0.
  0.          0.          0.          0.03206223  0.          0.
  0.        ]",19,19,"(np.int32(0), np.int32(0), np.int32(1), np.int32(0), np.int32(0), np.int32(0), np.int32(1), np.int32(1), np.int32(1), np.int32(1))",-0.3246009755610587
305,10,2,1,4.4791600631631235e-05,"[ 0.0392237   0.02733829 -0.00739229  0.019971    0.0090862   0.02277949
 -0.02744163  0.00374279  0.0112527   0.00506291  0.          0.
  0.         -0.0113108   0.          0.          0.00971788  0.
  0.          0.          0.00987211  0.00877475  0.          0.00856857
  0.         -0.009164    0.          0.          0.         -0.01655593
  0.          0.         -0.00192913  0.          0.          0.
  0.          0.          0.          0.          0.          0.
  0.          0.          0.          0.          0.          0.
  0.          0.          0.          0.0320611   0.          0.
  0.        ]",19,19,"(np.int32(0), np.int32(0), np.int32(1), np.int32(0), np.int32(1), np.int32(0), np.int32(0), np.int32(0), np.int32(1), np.int32(0))",-0.3246004257407254
325,10,2,1,4.3073413594985347e-05,"[ 0.03922505  0.02733763 -0.00739339  0.01997193  0.00908545  0.02278033
 -0.02744133  0.00374303  0.0112521   0.00506465  0.          0.
  0.         -0.01131033  0.          0.          0.00971971  0.
  0.          0.          0.00987094  0.00877515  0.          0.00856859
  0.         -0.00916456  0.          0.          0.         -0.01655627
  0.          0.         -0.00193095  0.          0.          0.
  0.          0.          0.          0.          0.          0.
  0.          0.          0.          0.          0.          0.
  0.          0.          0.          0.03206169  0.          0.
  0.        ]",19,19,"(np.int32(0), np.int32(0), np.int32(0), np.int32(0), np.int32(0), np.int32(1), np.int32(0), np.int32(0), np.int32(1), np.int32(0))",-0.3245960706360918
345,10,2,1,4.180406747893828e-05,"[ 0.03922513  0.02733744 -0.00739354  0.01997064  0.00908557  0.02278067
 -0.02744225  0.00374314  0.01125272  0.00506474  0.          0.
  0.         -0.01131055  0.          0.          0.00972133  0.
  0.          0.          0.00987112  0.0087737   0.          0.00856999
  0.         -0.00916513  0.          0.          0.         -0.01655677
  0.          0.         -0.0019315   0.          0.          0.
  0.          0.          0.          0.          0.          0.
  0.          0.          0.          0.          0.          0.
  0.          0.          0.          0.03206072  0.          0.
  0.        ]",19,19,"(np.int32(0), np.int32(0), np.int32(0), np.int32(0), np.int32(0), np.int32(1), np.int32(0), np.int32(0), np.int32(1), np.int32(0))",-0.3245960706360918
365,10,2,1,4.1030841146390826e-05,"[ 0.0392246   0.02733739 -0.00739197  0.01997171  0.00908543  0.02278148
 -0.02744277  0.00374362  0.01125311  0.0050639   0.          0.
  0.         -0.01131067  0.          0.          0.00972179  0.
  0.          0.          0.00986996  0.0087741   0.          0.00857022
  0.         -0.009166    0.          0.          0.         -0.01655699
  0.          0.         -0.00193248  0.          0.          0.
  0.          0.          0.          0.          0.          0.
  0.          0.          0.          0.          0.          0.
  0.          0.          0.          0.03205992  0.          0.
  0.        ]",19,19,"(np.int32(0), np.int32(0), np.int32(0), np.int32(0), np.int32(0), np.int32(1), np.int32(0), np.int32(0), np.int32(1), np.int32(0))",-0.3245960706360918
385,10,2,1,4.105731950339725e-05,"[ 0.03922515  0.02733728 -0.00739153  0.01997189  0.00908642  0.02278171
 -0.02744219  0.00374258  0.01125321  0.00506468  0.          0.
  0.         -0.01131062  0.          0.          0.00972152  0.
  0.          0.          0.00987051  0.00877404  0.          0.00857125
  0.         -0.00916558  0.          0.          0.         -0.01655644
  0.          0.         -0.00193247  0.          0.          0.
  0.          0.          0.          0.          0.          0.
  0.          0.          0.          0.          0.          0.
  0.          0.          0.          0.03206015  0.          0.
  0.        ]",19,19,"(np.int32(0), np.int32(0), np.int32(0), np.int32(0), np.int32(0), np.int32(1), np.int32(0), np.int32(0), np.int32(1), np.int32(0))",-0.3245960706360918
405,10,2,1,4.121115564646671e-05,"[ 0.03922533  0.02733706 -0.00739168  0.01997247  0.00908518  0.02278183
 -0.02744158  0.00374255  0.01125293  0.00506492  0.          0.
  0.         -0.01131029  0.          0.          0.00972151  0.
  0.          0.          0.00987006  0.00877395  0.          0.0085716
  0.         -0.00916555  0.          0.          0.         -0.01655678
  0.          0.         -0.00193271  0.          0.          0.
  0.          0.          0.          0.          0.          0.
  0.          0.          0.          0.          0.          0.
  0.          0.          0.          0.03206047  0.          0.
  0.        ]",19,19,"(np.int32(0), np.int32(0), np.int32(0), np.int32(0), np.int32(0), np.int32(1), np.int32(0), np.int32(0), np.int32(1), np.int32(0))",-0.3245960706360918
5,10,2,2,0.08345447300186123,"[ 0.00000000e+00 -3.97276958e-02  0.00000000e+00  0.00000000e+00
  0.00000000e+00  0.00000000e+00  0.00000000e+00  0.00000000e+00
  6.29843392e-03  0.00000000e+00  0.00000000e+00  0.00000000e+00
  0.00000000e+00  0.00000000e+00  0.00000000e+00  0.00000000e+00
  0.00000000e+00  1.02895983e-03  0.00000000e+00  0.00000000e+00
  0.00000000e+00  0.00000000e+00  0.00000000e+00  0.00000000e+00
  0.00000000e+00  0.00000000e+00  0.00000000e+00  0.00000000e+00
  0.00000000e+00  0.00000000e+00  0.00000000e+00 -1.04030291e-17
  0.00000000e+00  0.00000000e+00  0.00000000e+00  0.00000000e+00
  0.00000000e+00  0.00000000e+00  0.00000000e+00  0.00000000e+00
  0.00000000e+00  0.00000000e+00  0.00000000e+00  0.00000000e+00
  0.00000000e+00  0.00000000e+00  0.00000000e+00  0.00000000e+00
  0.00000000e+00  0.00000000e+00  0.00000000e+00  0.00000000e+00
  0.00000000e+00  0.00000000e+00  0.00000000e+00]",4,4,"(np.int32(0), np.int32(0), np.int32(0), np.int32(0), np.int32(0), np.int32(1), np.int32(0), np.int32(0), np.int32(1), np.int32(0))",-0.3245960706360918
25,10,2,2,0.041876663400256565,"[ 0.0263156   0.02256844  0.          0.01282076  0.00400165  0.00781164
 -0.00084062  0.00106544  0.          0.          0.          0.00546618
  0.          0.          0.00222655  0.          0.00903129  0.
 -0.000916    0.          0.          0.          0.          0.
 -0.00425895  0.          0.          0.00569115  0.         -0.02743308
  0.         -0.01001722  0.         -0.00030009  0.          0.
  0.02509695 -0.00241172  0.         -0.00573849  0.00447323  0.
  0.          0.         -0.00437974  0.          0.          0.00084671
  0.          0.          0.          0.02951024  0.00663558  0.
  0.        ]",24,26,"(np.int32(0), np.int32(0), np.int32(0), np.int32(0), np.int32(0), np.int32(1), np.int32(0), np.int32(0), np.int32(1), np.int32(0))",-0.3245960706360918
45,10,2,2,0.00017116337476111743,"[ 3.91831397e-02  2.72891956e-02 -7.32632674e-03  1.99316654e-02
  9.04513221e-03  2.27354515e-02 -2.74093449e-02  3.73743125e-03
  1.12458947e-02  5.04202265e-03  0.00000000e+00  0.00000000e+00
  0.00000000e+00 -1.12500816e-02  0.00000000e+00  0.00000000e+00
  9.72060490e-03 -2.12301580e-06  0.00000000e+00  3.02090293e-05
  9.79939409e-03  8.72502404e-03  0.00000000e+00  8.55962723e-03
  0.00000000e+00 -9.13197751e-03  0.00000000e+00  1.80271240e-05
 -2.84308109e-06 -1.65411784e-02  0.00000000e+00 -4.42432105e-05
 -1.92369251e-03 -1.17082341e-05  0.00000000e+00  0.00000000e+00
  3.24400093e-05  0.00000000e+00  0.00000000e+00  0.00000000e+00
  3.41077979e-06  0.00000000e+00  0.00000000e+00 -2.29164945e-05
  0.00000000e+00  0.00000000e+00  0.00000000e+00  2.86271281e-05
  0.00000000e+00  0.00000000e+00  6.31396468e-06  3.20735337e-02
  3.24154527e-06  0.00000000e+00  0.00000000e+00]",31,33,"(np.int32(0), np.int32(0), np.int32(0), np.int32(0), np.int32(0), np.int32(1), np.int32(0), np.int32(0), np.int32(1), np.int32(0))",-0.3245960706360918
65,10,2,2,9.31534849608015e-05,"[ 3.92173724e-02  2.73231647e-02 -7.38143603e-03  1.99705777e-02
  9.09817602e-03  2.27572864e-02 -2.74114916e-02  3.74982412e-03
  1.12395297e-02  5.06133783e-03  0.00000000e+00  0.00000000e+00
  0.00000000e+00 -1.12912804e-02  0.00000000e+00  0.00000000e+00
  9.70529013e-03 -1.03919299e-05  0.00000000e+00  0.00000000e+00
  9.85611911e-03  8.75408209e-03  8.78462422e-06  8.55097779e-03
  0.00000000e+00 -9.13525970e-03  0.00000000e+00  0.00000000e+00
  0.00000000e+00 -1.65613312e-02  0.00000000e+00 -5.61574635e-06
 -1.94051283e-03  0.00000000e+00  0.00000000e+00  0.00000000e+00
  0.00000000e+00  0.00000000e+00  0.00000000e+00  0.00000000e+00
  0.00000000e+00 -7.99199186e-06  0.00000000e+00 -7.52081482e-06
  0.00000000e+00 -1.04593404e-06  0.00000000e+00  1.17934544e-05
  0.00000000e+00  0.00000000e+00  0.00000000e+00  3.20600081e-02
  0.00000000e+00  0.00000000e+00  0.00000000e+00]",26,26,"(np.int32(0), np.int32(0), np.int32(0), np.int32(0), np.int32(0), np.int32(1), np.int32(0), np.int32(0), np.int32(1), np.int32(0))",-0.3245960706360918
85,10,2,2,7.764640463563982e-05,"[ 3.92186287e-02  2.73367895e-02 -7.38370895e-03  1.99704330e-02
  9.08563893e-03  2.27594532e-02 -2.74239612e-02  3.74066967e-03
  1.12454047e-02  5.05616856e-03  0.00000000e+00  0.00000000e+00
  0.00000000e+00 -1.12976025e-02  0.00000000e+00  0.00000000e+00
  9.70980477e-03 -2.00882645e-06  0.00000000e+00  0.00000000e+00
  9.85864108e-03  8.76236431e-03  2.74841550e-06  8.55900307e-03
  0.00000000e+00 -9.14712510e-03  0.00000000e+00  0.00000000e+00
  0.00000000e+00 -1.65645633e-02  0.00000000e+00  0.00000000e+00
 -1.93557192e-03  0.00000000e+00  0.00000000e+00  0.00000000e+00
  0.00000000e+00  0.00000000e+00  0.00000000e+00  0.00000000e+00
  0.00000000e+00 -9.09276144e-06  0.00000000e+00  0.00000000e+00
  0.00000000e+00  0.00000000e+00  0.00000000e+00  1.76789295e-06
  0.00000000e+00  0.00000000e+00  0.00000000e+00  3.20602655e-02
  0.00000000e+00  0.00000000e+00  0.00000000e+00]",23,23,"(np.int32(0), np.int32(0), np.int32(0), np.int32(0), np.int32(0), np.int32(1), np.int32(0), np.int32(0), np.int32(1), np.int32(0))",-0.3245960706360918
105,10,2,2,6.389025227475142e-05,"[ 3.92242711e-02  2.73336918e-02 -7.38454335e-03  1.99608522e-02
  9.08878981e-03  2.27729667e-02 -2.74298556e-02  3.73756444e-03
  1.12464697e-02  5.06483909e-03  0.00000000e+00  0.00000000e+00
  0.00000000e+00 -1.13083672e-02  0.00000000e+00  0.00000000e+00
  9.70822401e-03 -2.14577099e-06  0.00000000e+00  0.00000000e+00
  9.86755225e-03  8.77009651e-03  0.00000000e+00  8.56566988e-03
  0.00000000e+00 -9.15274687e-03  0.00000000e+00  0.00000000e+00
  0.00000000e+00 -1.65626473e-02  0.00000000e+00  0.00000000e+00
 -1.93144744e-03  0.00000000e+00  0.00000000e+00  0.00000000e+00
  0.00000000e+00  0.00000000e+00  0.00000000e+00  0.00000000e+00
  0.00000000e+00  0.00000000e+00  0.00000000e+00  0.00000000e+00
  0.00000000e+00  0.00000000e+00  0.00000000e+00  0.00000000e+00
  0.00000000e+00  0.00000000e+00  0.00000000e+00  3.20570687e-02
  0.00000000e+00  0.00000000e+00  0.00000000e+00]",20,22,"(np.int32(0), np.int32(0), np.int32(0), np.int32(0), np.int32(0), np.int32(1), np.int32(0), np.int32(0), np.int32(1), np.int32(0))",-0.3245960706360918
125,10,2,2,6.341452082597676e-05,"[ 3.92197072e-02  2.73345752e-02 -7.38692235e-03  1.99623381e-02
  9.08859497e-03  2.27714698e-02 -2.74285788e-02  3.73586847e-03
  1.12446728e-02  5.06214347e-03  0.00000000e+00  0.00000000e+00
  0.00000000e+00 -1.13112443e-02  0.00000000e+00  0.00000000e+00
  9.71227301e-03 -2.61805484e-06  0.00000000e+00  0.00000000e+00
  9.87142049e-03  8.76823195e-03  0.00000000e+00  8.56545107e-03
  0.00000000e+00 -9.15533558e-03  0.00000000e+00  0.00000000e+00
  0.00000000e+00 -1.65583380e-02  0.00000000e+00  0.00000000e+00
 -1.93103404e-03  0.00000000e+00  0.00000000e+00 -3.32142394e-06
  0.00000000e+00  0.00000000e+00  0.00000000e+00  0.00000000e+00
  0.00000000e+00  0.00000000e+00  0.00000000e+00  0.00000000e+00
  0.00000000e+00  0.00000000e+00  0.00000000e+00  0.00000000e+00
  0.00000000e+00  0.00000000e+00  0.00000000e+00  3.20543426e-02
  0.00000000e+00  0.00000000e+00  0.00000000e+00]",21,21,"(np.int32(0), np.int32(0), np.int32(0), np.int32(0), np.int32(0), np.int32(1), np.int32(0), np.int32(0), np.int32(1), np.int32(0))",-0.3245960706360918
145,10,2,2,5.1484444280448236e-05,"[ 3.92198286e-02  2.73347832e-02 -7.38914774e-03  1.99665225e-02
  9.08912485e-03  2.27777312e-02 -2.74333891e-02  3.73912165e-03
  1.12487946e-02  5.06286945e-03  0.00000000e+00  0.00000000e+00
  0.00000000e+00 -1.13090908e-02  0.00000000e+00  0.00000000e+00
  9.71932135e-03 -1.01509861e-06  0.00000000e+00  0.00000000e+00
  9.87499166e-03  8.76847039e-03  0.00000000e+00  8.56943720e-03
  0.00000000e+00 -9.15826425e-03  0.00000000e+00  0.00000000e+00
  0.00000000e+00 -1.65603544e-02  0.00000000e+00  0.00000000e+00
 -1.93637325e-03  0.00000000e+00  0.00000000e+00  0.00000000e+00
  0.00000000e+00  0.00000000e+00  0.00000000e+00  0.00000000e+00
  0.00000000e+00  0.00000000e+00  0.00000000e+00  0.00000000e+00
  0.00000000e+00  0.00000000e+00  0.00000000e+00  0.00000000e+00
  0.00000000e+00  0.00000000e+00  0.00000000e+00  3.20575525e-02
  0.00000000e+00  0.00000000e+00  0.00000000e+00]",20,20,"(np.int32(0), np.int32(0), np.int32(0), np.int32(0), np.int32(0), np.int32(1), np.int32(0), np.int32(0), np.int32(1), np.int32(0))",-0.3245960706360918
165,10,2,2,4.6367217283092565e-05,"[ 0.03921982  0.02733651 -0.00739105  0.01996971  0.00908496  0.02277935
 -0.02743656  0.00374099  0.01125311  0.00506223  0.          0.
  0.         -0.01130876  0.          0.          0.00971944  0.
  0.          0.          0.00987154  0.00877095  0.          0.00857194
  0.         -0.00916101  0.          0.          0.         -0.01655926
  0.          0.         -0.00193535  0.          0.          0.
  0.          0.          0.          0.          0.          0.
  0.          0.          0.          0.          0.          0.
  0.          0.          0.          0.03205841  0.          0.
  0.        ]",19,19,"(np.int32(0), np.int32(0), np.int32(0), np.int32(0), np.int32(0), np.int32(1), np.int32(0), np.int32(0), np.int32(1), np.int32(0))",-0.3245960706360918
185,10,2,2,4.798716134576275e-05,"[ 0.03921994  0.02733623 -0.00738943  0.0199705   0.0090869   0.02277823
 -0.02743613  0.00374293  0.01125303  0.00506275  0.          0.
  0.         -0.01130828  0.          0.          0.00971903  0.
  0.          0.          0.00987102  0.0087698   0.          0.00857002
  0.         -0.00916075  0.          0.          0.         -0.01655814
  0.          0.         -0.00193407  0.          0.          0.
  0.          0.          0.          0.          0.          0.
  0.          0.          0.          0.          0.          0.
  0.          0.          0.          0.03205909  0.          0.
  0.        ]",19,19,"(np.int32(0), np.int32(0), np.int32(0), np.int32(0), np.int32(0), np.int32(1), np.int32(0), np.int32(0), np.int32(1), np.int32(0))",-0.3245960706360918
205,10,2,2,4.59045711374334e-05,"[ 0.0392208   0.02733582 -0.0073908   0.0199724   0.00908861  0.02278035
 -0.02743568  0.00374272  0.01125174  0.00506329  0.          0.
  0.         -0.01130869  0.          0.          0.00971833  0.
  0.          0.          0.0098718   0.00877163  0.          0.00857027
  0.         -0.00916168  0.          0.          0.         -0.01655712
  0.          0.         -0.00193519  0.          0.          0.
  0.          0.          0.          0.          0.          0.
  0.          0.          0.          0.          0.          0.
  0.          0.          0.          0.03205849  0.          0.
  0.        ]",19,19,"(np.int32(0), np.int32(0), np.int32(0), np.int32(0), np.int32(0), np.int32(1), np.int32(0), np.int32(0), np.int32(1), np.int32(0))",-0.3245960706360918
225,10,2,2,4.453429898884115e-05,"[ 0.03921927  0.02733744 -0.00738972  0.01997284  0.00908591  0.02278238
 -0.0274374   0.00374303  0.01125266  0.00506257  0.          0.
  0.         -0.01130902  0.          0.          0.00971958  0.
  0.          0.          0.00987223  0.00877441  0.          0.00857106
  0.         -0.00916311  0.          0.          0.         -0.01655433
  0.          0.         -0.00193347  0.          0.          0.
  0.          0.          0.          0.          0.          0.
  0.          0.          0.          0.          0.          0.
  0.          0.          0.          0.03205899  0.          0.
  0.        ]",19,19,"(np.int32(0), np.int32(0), np.int32(0), np.int32(0), np.int32(0), np.int32(1), np.int32(0), np.int32(0), np.int32(1), np.int32(0))",-0.3245960706360918
245,10,2,2,4.2117711258475575e-05,"[ 0.03922156  0.02733728 -0.0073901   0.01997281  0.00908459  0.02278389
 -0.02743957  0.00374343  0.01125218  0.00506189  0.          0.
  0.         -0.01130987  0.          0.          0.00972068  0.
  0.          0.          0.0098719   0.00877563  0.          0.00857229
  0.         -0.00916334  0.          0.          0.         -0.01655496
  0.          0.         -0.00193428  0.          0.          0.
  0.          0.          0.          0.          0.          0.
  0.          0.          0.          0.          0.          0.
  0.          0.          0.          0.03205914  0.          0.
  0.        ]",19,19,"(np.int32(0), np.int32(0), np.int32(0), np.int32(0), np.int32(0), np.int32(1), np.int32(0), np.int32(0), np.int32(1), np.int32(0))",-0.3245960706360918
265,10,2,2,4.14645019021434e-05,"[ 0.03922163  0.0273365  -0.00739129  0.01997428  0.00908504  0.02278281
 -0.02743967  0.00374335  0.01125188  0.00506209  0.          0.
  0.         -0.01130859  0.          0.          0.00972089  0.
  0.          0.          0.00987104  0.00877716  0.          0.00857194
  0.         -0.00916351  0.          0.          0.         -0.01655589
  0.          0.         -0.00193472  0.          0.          0.
  0.          0.          0.          0.          0.          0.
  0.          0.          0.          0.          0.          0.
  0.          0.          0.          0.03205899  0.          0.
  0.        ]",19,19,"(np.int32(0), np.int32(0), np.int32(1), np.int32(0), np.int32(0), np.int32(0), np.int32(1), np.int32(0), np.int32(0), np.int32(1))",-0.32459516297242685
285,10,2,2,3.965865927741674e-05,"[ 0.03922314  0.02733589 -0.00739358  0.01997379  0.0090848   0.02278261
 -0.02744149  0.00374344  0.01125316  0.00506338  0.          0.
  0.         -0.01130932  0.          0.          0.00972157  0.
  0.          0.          0.00987079  0.00877611  0.          0.00857251
  0.         -0.00916467  0.          0.          0.         -0.0165559
  0.          0.         -0.00193444  0.          0.          0.
  0.          0.          0.          0.          0.          0.
  0.          0.          0.          0.          0.          0.
  0.          0.          0.          0.03205872  0.          0.
  0.        ]",19,19,"(np.int32(0), np.int32(0), np.int32(1), np.int32(1), np.int32(1), np.int32(0), np.int32(0), np.int32(0), np.int32(1), np.int32(0))",-0.3245943198564267
305,10,2,2,3.923380007638783e-05,"[ 0.03922466  0.02733603 -0.00739479  0.01997378  0.00908535  0.02278257
 -0.02744259  0.00374239  0.01125335  0.00506426  0.          0.
  0.         -0.0113091   0.          0.          0.00972104  0.
  0.          0.          0.00987062  0.0087747   0.          0.00857379
  0.         -0.00916386  0.          0.          0.         -0.01655645
  0.          0.         -0.00193385  0.          0.          0.
  0.          0.          0.          0.          0.          0.
  0.          0.          0.          0.          0.          0.
  0.          0.          0.          0.03205959  0.          0.
  0.        ]",19,19,"(np.int32(0), np.int32(1), np.int32(1), np.int32(1), np.int32(1), np.int32(0), np.int32(1), np.int32(1), np.int32(1), np.int32(1))",-0.3245927722523695
325,10,2,2,3.919102093575544e-05,"[ 0.03922613  0.02733622 -0.00739376  0.01997399  0.00908494  0.02278324
 -0.02744262  0.00374297  0.01125321  0.0050649   0.          0.
  0.         -0.01130943  0.          0.          0.00972093  0.
  0.          0.          0.00987029  0.00877391  0.          0.00857352
  0.         -0.00916548  0.          0.          0.         -0.01655614
  0.          0.         -0.00193346  0.          0.          0.
  0.          0.          0.          0.          0.          0.
  0.          0.          0.          0.          0.          0.
  0.          0.          0.          0.03206016  0.          0.
  0.        ]",19,19,"(np.int32(0), np.int32(1), np.int32(1), np.int32(1), np.int32(1), np.int32(0), np.int32(1), np.int32(1), np.int32(1), np.int32(1))",-0.3245927722523695
345,10,2,2,3.991290776240913e-05,"[ 0.03922541  0.02733629 -0.00739288  0.01997345  0.00908449  0.02278186
 -0.02744342  0.00374278  0.0112537   0.00506466  0.          0.
  0.         -0.01130961  0.          0.          0.00972118  0.
  0.          0.          0.00987018  0.00877366  0.          0.00857354
  0.         -0.00916628  0.          0.          0.         -0.01655638
  0.          0.         -0.00193207  0.          0.          0.
  0.          0.          0.          0.          0.          0.
  0.          0.          0.          0.          0.          0.
  0.          0.          0.          0.03206023  0.          0.
  0.        ]",19,19,"(np.int32(0), np.int32(1), np.int32(1), np.int32(1), np.int32(1), np.int32(0), np.int32(1), np.int32(1), np.int32(1), np.int32(1))",-0.3245927722523695
365,10,2,2,4.0593168156327075e-05,"[ 0.03922549  0.02733705 -0.00739155  0.01997287  0.00908423  0.02278194
 -0.02744233  0.00374261  0.01125406  0.00506476  0.          0.
  0.         -0.01131024  0.          0.          0.00972081  0.
  0.          0.          0.00987021  0.00877311  0.          0.00857312
  0.         -0.00916654  0.          0.          0.         -0.0165567
  0.          0.         -0.00193248  0.          0.          0.
  0.          0.          0.          0.          0.          0.
  0.          0.          0.          0.          0.          0.
  0.          0.          0.          0.03206095  0.          0.
  0.        ]",19,19,"(np.int32(0), np.int32(1), np.int32(1), np.int32(1), np.int32(1), np.int32(0), np.int32(1), np.int32(1), np.int32(1), np.int32(1))",-0.3245927722523695
385,10,2,2,4.1044761279755145e-05,"[ 0.03922523  0.02733715 -0.00739156  0.01997251  0.00908495  0.02278207
 -0.02744223  0.00374216  0.01125342  0.00506504  0.          0.
  0.         -0.01131027  0.          0.          0.009721    0.
  0.          0.          0.00986997  0.00877351  0.          0.00857247
  0.         -0.0091657   0.          0.          0.         -0.01655698
  0.          0.         -0.00193224  0.          0.          0.
  0.          0.          0.          0.          0.          0.
  0.          0.          0.          0.          0.          0.
  0.          0.          0.          0.03206041  0.          0.
  0.        ]",19,19,"(np.int32(0), np.int32(1), np.int32(1), np.int32(1), np.int32(1), np.int32(0), np.int32(1), np.int32(1), np.int32(1), np.int32(1))",-0.3245927722523695
405,10,2,2,4.121115564646366e-05,"[ 0.03922533  0.02733706 -0.00739168  0.01997247  0.00908518  0.02278183
 -0.02744158  0.00374255  0.01125293  0.00506492  0.          0.
  0.         -0.01131029  0.          0.          0.00972151  0.
  0.          0.          0.00987006  0.00877395  0.          0.0085716
  0.         -0.00916555  0.          0.          0.         -0.01655678
  0.          0.         -0.00193271  0.          0.          0.
  0.          0.          0.          0.          0.          0.
  0.          0.          0.          0.          0.          0.
  0.          0.          0.          0.03206047  0.          0.
  0.        ]",19,19,"(np.int32(0), np.int32(1), np.int32(1), np.int32(1), np.int32(1), np.int32(0), np.int32(1), np.int32(1), np.int32(1), np.int32(1))",-0.3245927722523695
5,10,2,3,0.06875423814549833,"[ 0.          0.0520972   0.          0.          0.02550514 -0.0039861
  0.          0.          0.          0.          0.          0.
  0.          0.          0.          0.          0.          0.
  0.          0.          0.00557617  0.          0.          0.
  0.          0.          0.          0.          0.          0.
  0.          0.          0.          0.          0.          0.
  0.          0.          0.          0.          0.          0.
  0.          0.          0.          0.          0.          0.
  0.          0.          0.          0.          0.          0.
  0.        ]",4,4,"(np.int32(0), np.int32(1), np.int32(1), np.int32(1), np.int32(1), np.int32(0), np.int32(1), np.int32(1), np.int32(1), np.int32(1))",-0.3245927722523695
25,10,2,3,0.03815007628178465,"[ 0.01425876  0.02874198  0.          0.02247611  0.          0.
 -0.02107857  0.          0.          0.01035203  0.          0.00069137
  0.          0.          0.00431608  0.          0.01103727 -0.01479968
  0.          0.          0.00967495  0.          0.00391627  0.
  0.         -0.00918431  0.         -0.00378603  0.         -0.01008295
  0.0047972   0.          0.          0.00020088  0.          0.
  0.          0.00227348  0.          0.          0.01945537  0.
 -0.00013671  0.00224449 -0.00573686  0.          0.          0.
  0.00375737  0.          0.00487431  0.02686244  0.          0.
  0.        ]",24,26,"(np.int32(0), np.int32(1), np.int32(1), np.int32(1), np.int32(1), np.int32(0), np.int32(1), np.int32(1), np.int32(1), np.int32(1))",-0.3245927722523695
45,10,2,3,9.551826385308825e-05,"[ 3.92086962e-02  2.73380653e-02 -7.38869825e-03  1.99681062e-02
  9.09209702e-03  2.27611239e-02 -2.74341733e-02  3.71665240e-03
  1.12538530e-02  5.07879805e-03  0.00000000e+00  5.44960649e-06
  0.00000000e+00 -1.12826269e-02  1.66346612e-05  1.03551536e-05
  9.71017019e-03  0.00000000e+00  0.00000000e+00  0.00000000e+00
  9.86788570e-03  8.74331096e-03  0.00000000e+00  8.55222681e-03
  0.00000000e+00 -9.15112429e-03  0.00000000e+00  0.00000000e+00
  0.00000000e+00 -1.65388964e-02  6.14544813e-06  0.00000000e+00
 -1.93984212e-03  0.00000000e+00  1.18214990e-06 -7.02461167e-07
  0.00000000e+00  2.19001766e-05  0.00000000e+00  0.00000000e+00
  0.00000000e+00  0.00000000e+00  0.00000000e+00  0.00000000e+00
 -2.51353356e-05  0.00000000e+00  0.00000000e+00  0.00000000e+00
  0.00000000e+00  0.00000000e+00  0.00000000e+00  3.20583485e-02
  0.00000000e+00  0.00000000e+00  0.00000000e+00]",27,29,"(np.int32(0), np.int32(1), np.int32(1), np.int32(1), np.int32(1), np.int32(0), np.int32(1), np.int32(1), np.int32(1), np.int32(1))",-0.3245927722523695
65,10,2,3,6.28066518373105e-05,"[ 3.92161498e-02  2.73370505e-02 -7.38666593e-03  1.99673523e-02
  9.09289358e-03  2.27729699e-02 -2.74379138e-02  3.73500721e-03
  1.12544783e-02  5.06777346e-03  0.00000000e+00  1.96649687e-06
  0.00000000e+00 -1.12986797e-02  1.25782841e-06  0.00000000e+00
  9.72213062e-03  0.00000000e+00  0.00000000e+00  0.00000000e+00
  9.86942648e-03  8.76036689e-03  0.00000000e+00  8.56212394e-03
  0.00000000e+00 -9.16293707e-03  0.00000000e+00  0.00000000e+00
  0.00000000e+00 -1.65399541e-02  0.00000000e+00  0.00000000e+00
 -1.93179307e-03  0.00000000e+00  0.00000000e+00 -4.83308675e-06
  0.00000000e+00  0.00000000e+00  0.00000000e+00  0.00000000e+00
  0.00000000e+00  0.00000000e+00  0.00000000e+00  0.00000000e+00
 -9.94156957e-06  0.00000000e+00  0.00000000e+00  0.00000000e+00
  0.00000000e+00  0.00000000e+00  0.00000000e+00  3.20581460e-02
  0.00000000e+00  0.00000000e+00  0.00000000e+00]",23,23,"(np.int32(0), np.int32(1), np.int32(1), np.int32(1), np.int32(1), np.int32(0), np.int32(1), np.int32(1), np.int32(1), np.int32(1))",-0.3245927722523695
85,10,2,3,5.2713011200588574e-05,"[ 3.92265855e-02  2.73377014e-02 -7.39256317e-03  1.99693688e-02
  9.08038180e-03  2.27787030e-02 -2.74414743e-02  3.73242881e-03
  1.12557291e-02  5.07125184e-03  0.00000000e+00  0.00000000e+00
  0.00000000e+00 -1.12993509e-02  6.57110195e-06  0.00000000e+00
  9.72724626e-03  0.00000000e+00  0.00000000e+00  0.00000000e+00
  9.87165646e-03  8.76234430e-03  0.00000000e+00  8.56715291e-03
  0.00000000e+00 -9.16517697e-03  0.00000000e+00  0.00000000e+00
  0.00000000e+00 -1.65503163e-02  0.00000000e+00  0.00000000e+00
 -1.93542871e-03  0.00000000e+00  0.00000000e+00  0.00000000e+00
  0.00000000e+00  0.00000000e+00  0.00000000e+00  0.00000000e+00
  0.00000000e+00  0.00000000e+00  0.00000000e+00  0.00000000e+00
  0.00000000e+00  0.00000000e+00  0.00000000e+00  0.00000000e+00
  0.00000000e+00  0.00000000e+00  0.00000000e+00  3.20598174e-02
  0.00000000e+00  0.00000000e+00  0.00000000e+00]",20,20,"(np.int32(0), np.int32(1), np.int32(1), np.int32(1), np.int32(1), np.int32(0), np.int32(1), np.int32(1), np.int32(1), np.int32(1))",-0.3245927722523695
105,10,2,3,3.97095693052979e-05,"[ 3.92252346e-02  2.73330192e-02 -7.39692370e-03  1.99730113e-02
  9.08151016e-03  2.27805515e-02 -2.74444272e-02  3.74025740e-03
  1.12525653e-02  5.06987135e-03  0.00000000e+00  0.00000000e+00
  0.00000000e+00 -1.13057351e-02  2.79762886e-07  0.00000000e+00
  9.72736878e-03  0.00000000e+00  0.00000000e+00  0.00000000e+00
  9.87467144e-03  8.77274773e-03  0.00000000e+00  8.57557709e-03
  0.00000000e+00 -9.17109799e-03  0.00000000e+00  0.00000000e+00
  0.00000000e+00 -1.65536003e-02  0.00000000e+00  0.00000000e+00
 -1.93248287e-03  0.00000000e+00  0.00000000e+00  0.00000000e+00
  0.00000000e+00  0.00000000e+00  0.00000000e+00  0.00000000e+00
  0.00000000e+00  0.00000000e+00  0.00000000e+00  0.00000000e+00
  0.00000000e+00  0.00000000e+00  0.00000000e+00  0.00000000e+00
  0.00000000e+00  0.00000000e+00  0.00000000e+00  3.20618903e-02
  0.00000000e+00  0.00000000e+00  0.00000000e+00]",20,20,"(np.int32(0), np.int32(1), np.int32(1), np.int32(1), np.int32(1), np.int32(0), np.int32(1), np.int32(1), np.int32(1), np.int32(1))",-0.3245927722523695
125,10,2,3,3.9131937088902334e-05,"[ 0.03922537  0.02733385 -0.00739868  0.01997086  0.00908008  0.02277837
 -0.02744406  0.00374357  0.01125007  0.0050673   0.          0.
  0.         -0.01130728  0.          0.          0.00972619  0.
  0.          0.          0.00987392  0.00877463  0.          0.00857711
  0.         -0.00916733  0.          0.          0.         -0.01655504
  0.          0.         -0.00193373  0.          0.          0.
  0.          0.          0.          0.          0.          0.
  0.          0.          0.          0.          0.          0.
  0.          0.          0.          0.03206346  0.          0.
  0.        ]",19,19,"(np.int32(0), np.int32(1), np.int32(1), np.int32(1), np.int32(1), np.int32(0), np.int32(1), np.int32(1), np.int32(1), np.int32(1))",-0.3245927722523695
145,10,2,3,3.7644730206534135e-05,"[ 0.03922704  0.0273355  -0.0073961   0.0199712   0.00908339  0.02277876
 -0.02744269  0.00374544  0.01125474  0.00506521  0.          0.
  0.         -0.01130792  0.          0.          0.00972571  0.
  0.          0.          0.00987226  0.00877359  0.          0.00857586
  0.         -0.00916721  0.          0.          0.         -0.01655738
  0.          0.         -0.00193329  0.          0.          0.
  0.          0.          0.          0.          0.          0.
  0.          0.          0.          0.          0.          0.
  0.          0.          0.          0.03206249  0.          0.
  0.        ]",19,19,"(np.int32(0), np.int32(0), np.int32(0), np.int32(0), np.int32(0), np.int32(1), np.int32(1), np.int32(0), np.int32(0), np.int32(0))",-0.3245916029590404
165,10,2,3,3.7527987463568665e-05,"[ 0.03922612  0.02733561 -0.00739389  0.01997239  0.00908447  0.0227797
 -0.02744131  0.00374576  0.01125451  0.00506539  0.          0.
  0.         -0.01131014  0.          0.          0.00972514  0.
  0.          0.          0.00987039  0.00877365  0.          0.00857402
  0.         -0.00916858  0.          0.          0.         -0.01655897
  0.          0.         -0.00193361  0.          0.          0.
  0.          0.          0.          0.          0.          0.
  0.          0.          0.          0.          0.          0.
  0.          0.          0.          0.0320605   0.          0.
  0.        ]",19,19,"(np.int32(0), np.int32(0), np.int32(0), np.int32(0), np.int32(0), np.int32(1), np.int32(1), np.int32(0), np.int32(0), np.int32(0))",-0.3245916029590404
185,10,2,3,3.927249173640096e-05,"[ 0.03922563  0.0273365  -0.00739233  0.01997273  0.00908389  0.02277975
 -0.02744151  0.00374581  0.01125417  0.00506523  0.          0.
  0.         -0.01130867  0.          0.          0.00972407  0.
  0.          0.          0.00986915  0.00877268  0.          0.00857409
  0.         -0.0091694   0.          0.          0.         -0.01655745
  0.          0.         -0.00193311  0.          0.          0.
  0.          0.          0.          0.          0.          0.
  0.          0.          0.          0.          0.          0.
  0.          0.          0.          0.03205988  0.          0.
  0.        ]",19,19,"(np.int32(0), np.int32(0), np.int32(0), np.int32(0), np.int32(0), np.int32(1), np.int32(1), np.int32(0), np.int32(0), np.int32(0))",-0.3245916029590404
205,10,2,3,3.913856096069091e-05,"[ 0.03922749  0.02733569 -0.00739225  0.01997324  0.00908437  0.0227803
 -0.02744077  0.00374591  0.01125323  0.00506525  0.          0.
  0.         -0.01131011  0.          0.          0.00972405  0.
  0.          0.          0.0098688   0.00877336  0.          0.00857507
  0.         -0.00916698  0.          0.          0.         -0.01655639
  0.          0.         -0.00193273  0.          0.          0.
  0.          0.          0.          0.          0.          0.
  0.          0.          0.          0.          0.          0.
  0.          0.          0.          0.03206056  0.          0.
  0.        ]",19,19,"(np.int32(0), np.int32(0), np.int32(0), np.int32(0), np.int32(0), np.int32(1), np.int32(1), np.int32(0), np.int32(0), np.int32(0))",-0.3245916029590404
225,10,2,3,3.8672299123170554e-05,"[ 0.03922681  0.02733544 -0.00739308  0.01997453  0.00908528  0.02278031
 -0.02744205  0.00374491  0.01125313  0.00506489  0.          0.
  0.         -0.01131     0.          0.          0.00972335  0.
  0.          0.          0.00987058  0.00877436  0.          0.00857321
  0.         -0.00916626  0.          0.          0.         -0.01655744
  0.          0.         -0.00193321  0.          0.          0.
  0.          0.          0.          0.          0.          0.
  0.          0.          0.          0.          0.          0.
  0.          0.          0.          0.03206141  0.          0.
  0.        ]",19,19,"(np.int32(0), np.int32(0), np.int32(0), np.int32(0), np.int32(0), np.int32(1), np.int32(1), np.int32(0), np.int32(0), np.int32(0))",-0.3245916029590404
245,10,2,3,3.986743155332012e-05,"[ 0.03922599  0.0273355  -0.00739262  0.01997332  0.00908577  0.02277989
 -0.02744232  0.00374481  0.01125208  0.00506416  0.          0.
  0.         -0.01130887  0.          0.          0.00972416  0.
  0.          0.          0.00987007  0.00877395  0.          0.00857298
  0.         -0.00916535  0.          0.          0.         -0.01655695
  0.          0.         -0.00193345  0.          0.          0.
  0.          0.          0.          0.          0.          0.
  0.          0.          0.          0.          0.          0.
  0.          0.          0.          0.03206221  0.          0.
  0.        ]",19,19,"(np.int32(0), np.int32(0), np.int32(0), np.int32(0), np.int32(0), np.int32(1), np.int32(1), np.int32(0), np.int32(0), np.int32(0))",-0.3245916029590404
265,10,2,3,3.910425676151547e-05,"[ 0.03922688  0.02733603 -0.00739308  0.019974    0.0090862   0.02278143
 -0.02744077  0.00374545  0.01125119  0.00506419  0.          0.
  0.         -0.01130833  0.          0.          0.00972461  0.
  0.          0.          0.00987021  0.00877517  0.          0.00857191
  0.         -0.00916575  0.          0.          0.         -0.01655715
  0.          0.         -0.001933    0.          0.          0.
  0.          0.          0.          0.          0.          0.
  0.          0.          0.          0.          0.          0.
  0.          0.          0.          0.03206213  0.          0.
  0.        ]",19,19,"(np.int32(0), np.int32(0), np.int32(1), np.int32(0), np.int32(1), np.int32(0), np.int32(1), np.int32(0), np.int32(0), np.int32(1))",-0.3245863096980355
285,10,2,3,3.9877514014211855e-05,"[ 0.03922619  0.02733698 -0.00739318  0.01997401  0.00908555  0.02278106
 -0.02744121  0.00374505  0.01125093  0.00506454  0.          0.
  0.         -0.01130867  0.          0.          0.00972466  0.
  0.          0.          0.00987092  0.0087737   0.          0.00857111
  0.         -0.00916532  0.          0.          0.         -0.01655745
  0.          0.         -0.00193379  0.          0.          0.
  0.          0.          0.          0.          0.          0.
  0.          0.          0.          0.          0.          0.
  0.          0.          0.          0.03206209  0.          0.
  0.        ]",19,19,"(np.int32(0), np.int32(0), np.int32(1), np.int32(0), np.int32(1), np.int32(0), np.int32(1), np.int32(0), np.int32(0), np.int32(1))",-0.3245863096980355
305,10,2,3,3.88636634735845e-05,"[ 0.03922646  0.02733608 -0.00739376  0.01997428  0.00908538  0.02278134
 -0.0274414   0.00374374  0.01125173  0.00506561  0.          0.
  0.         -0.01130845  0.          0.          0.00972413  0.
  0.          0.          0.00987109  0.00877446  0.          0.00857206
  0.         -0.00916623  0.          0.          0.         -0.01655734
  0.          0.         -0.00193461  0.          0.          0.
  0.          0.          0.          0.          0.          0.
  0.          0.          0.          0.          0.          0.
  0.          0.          0.          0.03206227  0.          0.
  0.        ]",19,19,"(np.int32(0), np.int32(0), np.int32(1), np.int32(0), np.int32(1), np.int32(0), np.int32(1), np.int32(0), np.int32(0), np.int32(1))",-0.3245863096980355
325,10,2,3,4.0111048835130556e-05,"[ 0.03922651  0.02733641 -0.00739288  0.01997345  0.00908471  0.02278165
 -0.02744126  0.00374333  0.01125193  0.00506515  0.          0.
  0.         -0.01130871  0.          0.          0.00972246  0.
  0.          0.          0.00987088  0.008774    0.          0.00857147
  0.         -0.0091662   0.          0.          0.         -0.01655777
  0.          0.         -0.00193448  0.          0.          0.
  0.          0.          0.          0.          0.          0.
  0.          0.          0.          0.          0.          0.
  0.          0.          0.          0.03206164  0.          0.
  0.        ]",19,19,"(np.int32(0), np.int32(0), np.int32(1), np.int32(0), np.int32(1), np.int32(0), np.int32(1), np.int32(0), np.int32(0), np.int32(1))",-0.3245863096980355
345,10,2,3,4.128384319139811e-05,"[ 0.03922558  0.02733671 -0.00739192  0.01997242  0.00908428  0.02278125
 -0.0274411   0.00374285  0.01125199  0.00506524  0.          0.
  0.         -0.01130932  0.          0.          0.00972229  0.
  0.          0.          0.00987104  0.00877373  0.          0.00857149
  0.         -0.00916581  0.          0.          0.         -0.0165577
  0.          0.         -0.00193378  0.          0.          0.
  0.          0.          0.          0.          0.          0.
  0.          0.          0.          0.          0.          0.
  0.          0.          0.          0.03206177  0.          0.
  0.        ]",19,19,"(np.int32(0), np.int32(0), np.int32(1), np.int32(0), np.int32(1), np.int32(0), np.int32(1), np.int32(0), np.int32(0), np.int32(1))",-0.3245863096980355
365,10,2,3,4.0981539279434374e-05,"[ 0.03922517  0.0273371  -0.00739137  0.0199726   0.0090851   0.02278128
 -0.02744151  0.0037437   0.0112522   0.00506487  0.          0.
  0.         -0.0113095   0.          0.          0.00972139  0.
  0.          0.          0.00987092  0.00877349  0.          0.00857153
  0.         -0.00916621  0.          0.          0.         -0.01655793
  0.          0.         -0.00193389  0.          0.          0.
  0.          0.          0.          0.          0.          0.
  0.          0.          0.          0.          0.          0.
  0.          0.          0.          0.0320612   0.          0.
  0.        ]",19,19,"(np.int32(0), np.int32(0), np.int32(1), np.int32(0), np.int32(1), np.int32(0), np.int32(1), np.int32(0), np.int32(0), np.int32(1))",-0.3245863096980355
385,10,2,3,4.085199386829163e-05,"[ 0.0392258   0.02733692 -0.00739164  0.01997249  0.00908542  0.02278168
 -0.02744221  0.00374308  0.01125286  0.00506562  0.          0.
  0.         -0.01130958  0.          0.          0.00972126  0.
  0.          0.          0.00987086  0.00877406  0.          0.00857115
  0.         -0.00916588  0.          0.          0.         -0.01655719
  0.          0.         -0.00193314  0.          0.          0.
  0.          0.          0.          0.          0.          0.
  0.          0.          0.          0.          0.          0.
  0.          0.          0.          0.03206153  0.          0.
  0.        ]",19,19,"(np.int32(0), np.int32(0), np.int32(1), np.int32(0), np.int32(1), np.int32(0), np.int32(1), np.int32(0), np.int32(0), np.int32(1))",-0.3245863096980355
405,10,2,3,4.121115564645367e-05,"[ 0.03922533  0.02733706 -0.00739168  0.01997247  0.00908518  0.02278183
 -0.02744158  0.00374255  0.01125293  0.00506492  0.          0.
  0.         -0.01131029  0.          0.          0.00972151  0.
  0.          0.          0.00987006  0.00877395  0.          0.0085716
  0.         -0.00916555  0.          0.          0.         -0.01655678
  0.          0.         -0.00193271  0.          0.          0.
  0.          0.          0.          0.          0.          0.
  0.          0.          0.          0.          0.          0.
  0.          0.          0.          0.03206047  0.          0.
  0.        ]",19,19,"(np.int32(0), np.int32(0), np.int32(1), np.int32(0), np.int32(1), np.int32(0), np.int32(1), np.int32(0), np.int32(0), np.int32(1))",-0.3245863096980355
5,10,2,4,0.0896489773100485,"[ 0.00000000e+00  0.00000000e+00  0.00000000e+00  0.00000000e+00
 -1.35445512e-05  0.00000000e+00  0.00000000e+00  0.00000000e+00
  0.00000000e+00  0.00000000e+00  0.00000000e+00  7.80310945e-03
  0.00000000e+00 -7.01751006e-02  9.32274517e-03  0.00000000e+00
  0.00000000e+00  0.00000000e+00  0.00000000e+00  0.00000000e+00
  0.00000000e+00  0.00000000e+00  0.00000000e+00  0.00000000e+00
  0.00000000e+00  0.00000000e+00  0.00000000e+00  0.00000000e+00
  0.00000000e+00  0.00000000e+00  0.00000000e+00  0.00000000e+00
  0.00000000e+00  0.00000000e+00  0.00000000e+00  0.00000000e+00
  0.00000000e+00  0.00000000e+00  0.00000000e+00  0.00000000e+00
  0.00000000e+00  0.00000000e+00  0.00000000e+00  0.00000000e+00
  0.00000000e+00  0.00000000e+00  0.00000000e+00  0.00000000e+00
  0.00000000e+00  0.00000000e+00  0.00000000e+00  0.00000000e+00
  0.00000000e+00  0.00000000e+00  0.00000000e+00]",4,4,"(np.int32(0), np.int32(0), np.int32(1), np.int32(0), np.int32(1), np.int32(0), np.int32(1), np.int32(0), np.int32(0), np.int32(1))",-0.3245863096980355
25,10,2,4,0.04547888135869593,"[ 2.88239297e-03  2.22999725e-02  0.00000000e+00  1.81549263e-02
  0.00000000e+00  6.33361023e-03  0.00000000e+00  8.50891198e-03
  9.25648702e-03  0.00000000e+00  0.00000000e+00  9.41234061e-03
  0.00000000e+00 -2.03137425e-02  0.00000000e+00  1.80546918e-02
  7.67968513e-03 -1.97949108e-03  3.79834446e-03  0.00000000e+00
  9.90626347e-03  0.00000000e+00  0.00000000e+00  8.69126959e-03
  0.00000000e+00 -7.25994181e-03 -1.94169298e-03  0.00000000e+00
  0.00000000e+00  0.00000000e+00 -2.41403497e-03  0.00000000e+00
  0.00000000e+00  0.00000000e+00  0.00000000e+00  0.00000000e+00
  0.00000000e+00  1.91259816e-03  0.00000000e+00  1.09144281e-04
  0.00000000e+00  1.37750410e-02  5.07044069e-03  0.00000000e+00
  0.00000000e+00  8.09954569e-05  0.00000000e+00  0.00000000e+00
  0.00000000e+00  0.00000000e+00  0.00000000e+00  3.91280234e-02
  0.00000000e+00  0.00000000e+00  5.51823942e-05]",24,32,"(np.int32(0), np.int32(0), np.int32(1), np.int32(0), np.int32(1), np.int32(0), np.int32(1), np.int32(0), np.int32(0), np.int32(1))",-0.3245863096980355
45,10,2,4,0.0004132310981424714,"[ 3.92121584e-02  2.73879712e-02 -7.23484567e-03  1.98822373e-02
  9.11899502e-03  2.26713028e-02 -2.73405128e-02  3.82595460e-03
  1.11485909e-02  5.06813479e-03  0.00000000e+00  1.09325273e-05
 -1.32274135e-05 -1.13120578e-02  0.00000000e+00  0.00000000e+00
  9.67907436e-03  1.43527926e-06  2.29233959e-06  0.00000000e+00
  9.76704697e-03  8.85432337e-03  0.00000000e+00  8.64976525e-03
  0.00000000e+00 -8.97701940e-03  0.00000000e+00  0.00000000e+00
  0.00000000e+00 -1.65661210e-02  0.00000000e+00 -4.38047223e-05
 -1.67901035e-03  0.00000000e+00  0.00000000e+00 -6.42803116e-05
  7.35917744e-06  8.45849491e-06  0.00000000e+00  0.00000000e+00
  8.62033719e-05 -1.88724138e-05  0.00000000e+00  5.04032688e-05
  0.00000000e+00  0.00000000e+00  0.00000000e+00  0.00000000e+00
  2.30274580e-05  4.17038625e-05  5.67678768e-05  3.20519487e-02
  0.00000000e+00  0.00000000e+00  2.79242777e-05]",34,46,"(np.int32(0), np.int32(0), np.int32(1), np.int32(0), np.int32(1), np.int32(0), np.int32(1), np.int32(0), np.int32(0), np.int32(1))",-0.3245863096980355
65,10,2,4,7.330211202457305e-05,"[ 3.92142608e-02  2.73343334e-02 -7.39545299e-03  1.99588552e-02
  9.08699508e-03  2.27791869e-02 -2.74233519e-02  3.74853458e-03
  1.12349887e-02  5.07027746e-03  0.00000000e+00  2.07347652e-07
  0.00000000e+00 -1.13208831e-02  0.00000000e+00  0.00000000e+00
  9.72339624e-03  0.00000000e+00  0.00000000e+00  0.00000000e+00
  9.85897569e-03  8.76791231e-03  0.00000000e+00  8.56434395e-03
  0.00000000e+00 -9.14814669e-03  0.00000000e+00  0.00000000e+00
  0.00000000e+00 -1.65595070e-02 -4.08594828e-06 -8.08875463e-06
 -1.91207687e-03  0.00000000e+00  0.00000000e+00 -2.98835537e-06
  0.00000000e+00  1.76254531e-06  0.00000000e+00  0.00000000e+00
  0.00000000e+00  0.00000000e+00  0.00000000e+00  0.00000000e+00
  8.12464108e-07  0.00000000e+00  0.00000000e+00  0.00000000e+00
  1.16152848e-06  7.42801823e-06  0.00000000e+00  3.20615511e-02
  0.00000000e+00  0.00000000e+00  0.00000000e+00]",27,31,"(np.int32(0), np.int32(0), np.int32(1), np.int32(0), np.int32(1), np.int32(0), np.int32(1), np.int32(0), np.int32(0), np.int32(1))",-0.3245863096980355
85,10,2,4,6.444733312260281e-05,"[ 3.92162351e-02  2.73310075e-02 -7.39700546e-03  1.99573236e-02
  9.08445280e-03  2.27759472e-02 -2.74271380e-02  3.74089851e-03
  1.12463953e-02  5.06646640e-03  0.00000000e+00  0.00000000e+00
  0.00000000e+00 -1.13180564e-02  0.00000000e+00  0.00000000e+00
  9.71765587e-03  0.00000000e+00  0.00000000e+00  0.00000000e+00
  9.86305102e-03  8.76908485e-03  0.00000000e+00  8.56973148e-03
  0.00000000e+00 -9.15555442e-03  0.00000000e+00  0.00000000e+00
  0.00000000e+00 -1.65531057e-02  0.00000000e+00  0.00000000e+00
 -1.92251863e-03  0.00000000e+00  0.00000000e+00  0.00000000e+00
  0.00000000e+00  0.00000000e+00  0.00000000e+00  0.00000000e+00
  0.00000000e+00  0.00000000e+00  0.00000000e+00  0.00000000e+00
  0.00000000e+00  0.00000000e+00  0.00000000e+00  0.00000000e+00
  0.00000000e+00  4.49253069e-06  0.00000000e+00  3.20624916e-02
  0.00000000e+00  6.36885749e-06  0.00000000e+00]",21,23,"(np.int32(0), np.int32(0), np.int32(1), np.int32(0), np.int32(1), np.int32(0), np.int32(1), np.int32(0), np.int32(0), np.int32(1))",-0.3245863096980355
105,10,2,4,5.900723098829358e-05,"[ 3.92177035e-02  2.73343703e-02 -7.39847121e-03  1.99613424e-02
  9.08521588e-03  2.27790230e-02 -2.74293432e-02  3.73840110e-03
  1.12449200e-02  5.06510696e-03  0.00000000e+00  0.00000000e+00
  0.00000000e+00 -1.13167790e-02  0.00000000e+00  0.00000000e+00
  9.71858618e-03  0.00000000e+00  0.00000000e+00  0.00000000e+00
  9.86485120e-03  8.77302623e-03  0.00000000e+00  8.57056224e-03
  0.00000000e+00 -9.15734753e-03  0.00000000e+00  0.00000000e+00
  0.00000000e+00 -1.65535707e-02  0.00000000e+00  0.00000000e+00
 -1.92380211e-03  0.00000000e+00  0.00000000e+00  0.00000000e+00
  0.00000000e+00  0.00000000e+00  0.00000000e+00  0.00000000e+00
  0.00000000e+00  0.00000000e+00  0.00000000e+00  0.00000000e+00
  0.00000000e+00  0.00000000e+00  0.00000000e+00  0.00000000e+00
  0.00000000e+00  2.99797954e-06  0.00000000e+00  3.20598773e-02
  0.00000000e+00  2.48604585e-06  0.00000000e+00]",21,21,"(np.int32(0), np.int32(0), np.int32(1), np.int32(0), np.int32(1), np.int32(0), np.int32(1), np.int32(0), np.int32(0), np.int32(1))",-0.3245863096980355
125,10,2,4,5.008096893009739e-05,"[ 0.0392182   0.02733553 -0.00739657  0.01996517  0.0090838   0.02277978
 -0.02743616  0.00373709  0.01125014  0.00506512  0.          0.
  0.         -0.01131637  0.          0.          0.00972367  0.
  0.          0.          0.00986717  0.00877473  0.          0.00857218
  0.         -0.00916075  0.          0.          0.         -0.01655518
  0.          0.         -0.00192786  0.          0.          0.
  0.          0.          0.          0.          0.          0.
  0.          0.          0.          0.          0.          0.
  0.          0.          0.          0.03206198  0.          0.
  0.        ]",19,19,"(np.int32(0), np.int32(0), np.int32(1), np.int32(0), np.int32(1), np.int32(0), np.int32(1), np.int32(0), np.int32(0), np.int32(1))",-0.3245863096980355
145,10,2,4,4.355311300628356e-05,"[ 0.03922078  0.02733502 -0.00739583  0.01996574  0.00908541  0.02278273
 -0.02744059  0.00373949  0.0112523   0.00506412  0.          0.
  0.         -0.01131423  0.          0.          0.00972377  0.
  0.          0.          0.00986924  0.00877444  0.          0.00857492
  0.         -0.00916387  0.          0.          0.         -0.01655469
  0.          0.         -0.00193102  0.          0.          0.
  0.          0.          0.          0.          0.          0.
  0.          0.          0.          0.          0.          0.
  0.          0.          0.          0.03206392  0.          0.
  0.        ]",19,19,"(np.int32(0), np.int32(0), np.int32(1), np.int32(0), np.int32(1), np.int32(0), np.int32(1), np.int32(0), np.int32(0), np.int32(1))",-0.3245863096980355
165,10,2,4,4.2058623018215444e-05,"[ 0.03922224  0.02733449 -0.00739656  0.01996533  0.00908496  0.02278276
 -0.02744103  0.00374021  0.01125405  0.00506453  0.          0.
  0.         -0.01131115  0.          0.          0.00972315  0.
  0.          0.          0.00986851  0.0087731   0.          0.00857638
  0.         -0.0091657   0.          0.          0.         -0.01655318
  0.          0.         -0.00193355  0.          0.          0.
  0.          0.          0.          0.          0.          0.
  0.          0.          0.          0.          0.          0.
  0.          0.          0.          0.03206271  0.          0.
  0.        ]",19,19,"(np.int32(0), np.int32(0), np.int32(1), np.int32(0), np.int32(1), np.int32(0), np.int32(1), np.int32(0), np.int32(0), np.int32(1))",-0.3245863096980355
185,10,2,4,4.28998389972618e-05,"[ 0.03922234  0.0273349  -0.00739306  0.01996705  0.00908535  0.02278281
 -0.02744047  0.00373926  0.01125297  0.00506387  0.          0.
  0.         -0.01131062  0.          0.          0.00972166  0.
  0.          0.          0.00987026  0.00877494  0.          0.00857456
  0.         -0.00916539  0.          0.          0.         -0.01655315
  0.          0.         -0.00193417  0.          0.          0.
  0.          0.          0.          0.          0.          0.
  0.          0.          0.          0.          0.          0.
  0.          0.          0.          0.03206083  0.          0.
  0.        ]",19,19,"(np.int32(0), np.int32(0), np.int32(1), np.int32(0), np.int32(1), np.int32(0), np.int32(1), np.int32(0), np.int32(0), np.int32(1))",-0.3245863096980355
205,10,2,4,4.353400259800605e-05,"[ 0.03922238  0.02733482 -0.00739352  0.01996813  0.00908521  0.02278218
 -0.02744005  0.0037402   0.01125179  0.00506405  0.          0.
  0.         -0.01131023  0.          0.          0.00972318  0.
  0.          0.          0.00987025  0.00877392  0.          0.0085721
  0.         -0.00916654  0.          0.          0.         -0.01655207
  0.          0.         -0.00193494  0.          0.          0.
  0.          0.          0.          0.          0.          0.
  0.          0.          0.          0.          0.          0.
  0.          0.          0.          0.03206154  0.          0.
  0.        ]",19,19,"(np.int32(0), np.int32(0), np.int32(1), np.int32(0), np.int32(1), np.int32(0), np.int32(1), np.int32(0), np.int32(0), np.int32(1))",-0.3245863096980355
225,10,2,4,4.5328718767907725e-05,"[ 3.92225654e-02  2.73350506e-02 -7.39291919e-03  1.99668994e-02
  9.08526332e-03  2.27791788e-02 -2.74397030e-02  3.73950510e-03
  1.12521723e-02  5.06509183e-03  0.00000000e+00  0.00000000e+00
  0.00000000e+00 -1.13098678e-02  0.00000000e+00  0.00000000e+00
  9.72175163e-03  0.00000000e+00  0.00000000e+00  0.00000000e+00
  9.86942333e-03  8.77391593e-03  0.00000000e+00  8.57254971e-03
  0.00000000e+00 -9.16721631e-03  0.00000000e+00  0.00000000e+00
  0.00000000e+00 -1.65518056e-02  0.00000000e+00  0.00000000e+00
 -1.93412318e-03  0.00000000e+00  0.00000000e+00 -4.85848727e-07
  0.00000000e+00  0.00000000e+00  0.00000000e+00  0.00000000e+00
  0.00000000e+00  0.00000000e+00  0.00000000e+00  0.00000000e+00
  0.00000000e+00  0.00000000e+00  0.00000000e+00  0.00000000e+00
  0.00000000e+00  0.00000000e+00  0.00000000e+00  3.20615303e-02
  0.00000000e+00  0.00000000e+00  0.00000000e+00]",20,20,"(np.int32(0), np.int32(0), np.int32(1), np.int32(0), np.int32(1), np.int32(0), np.int32(1), np.int32(0), np.int32(0), np.int32(1))",-0.3245863096980355
245,10,2,4,4.481479440790442e-05,"[ 0.03922404  0.0273357  -0.00739346  0.01996685  0.00908485  0.02278045
 -0.02743925  0.00373971  0.01125113  0.00506418  0.          0.
  0.         -0.0113097   0.          0.          0.00972164  0.
  0.          0.          0.00986955  0.00877353  0.          0.00857296
  0.         -0.0091665   0.          0.          0.         -0.01655288
  0.          0.         -0.00193431  0.          0.          0.
  0.          0.          0.          0.          0.          0.
  0.          0.          0.          0.          0.          0.
  0.          0.          0.          0.03206039  0.          0.
  0.        ]",19,19,"(np.int32(0), np.int32(0), np.int32(1), np.int32(0), np.int32(1), np.int32(0), np.int32(1), np.int32(0), np.int32(0), np.int32(1))",-0.3245863096980355
265,10,2,4,4.381072973157513e-05,"[ 0.03922399  0.02733557 -0.00739378  0.01996795  0.00908525  0.02278088
 -0.02743924  0.00373997  0.01125214  0.00506408  0.          0.
  0.         -0.01131044  0.          0.          0.0097222   0.
  0.          0.          0.00986931  0.00877169  0.          0.00857404
  0.         -0.0091659   0.          0.          0.         -0.01655414
  0.          0.         -0.00193397  0.          0.          0.
  0.          0.          0.          0.          0.          0.
  0.          0.          0.          0.          0.          0.
  0.          0.          0.          0.03206134  0.          0.
  0.        ]",19,19,"(np.int32(0), np.int32(0), np.int32(1), np.int32(0), np.int32(1), np.int32(0), np.int32(1), np.int32(0), np.int32(0), np.int32(1))",-0.3245863096980355
285,10,2,4,4.242508279349244e-05,"[ 0.03922437  0.02733638 -0.007392    0.01996989  0.00908417  0.02278241
 -0.02744067  0.00374199  0.01125315  0.0050629   0.          0.
  0.         -0.01130951  0.          0.          0.00972292  0.
  0.          0.          0.0098691   0.00877267  0.          0.00857289
  0.         -0.00916527  0.          0.          0.         -0.01655449
  0.          0.         -0.00193382  0.          0.          0.
  0.          0.          0.          0.          0.          0.
  0.          0.          0.          0.          0.          0.
  0.          0.          0.          0.03206131  0.          0.
  0.        ]",19,19,"(np.int32(0), np.int32(0), np.int32(1), np.int32(0), np.int32(1), np.int32(0), np.int32(1), np.int32(0), np.int32(0), np.int32(1))",-0.3245863096980355
305,10,2,4,4.2310286866304724e-05,"[ 0.0392245   0.02733576 -0.00739181  0.01996993  0.00908533  0.0227832
 -0.02744107  0.0037415   0.01125276  0.00506286  0.          0.
  0.         -0.01131013  0.          0.          0.00972354  0.
  0.          0.          0.00986936  0.0087723   0.          0.0085726
  0.         -0.00916414  0.          0.          0.         -0.01655584
  0.          0.         -0.00193261  0.          0.          0.
  0.          0.          0.          0.          0.          0.
  0.          0.          0.          0.          0.          0.
  0.          0.          0.          0.03206109  0.          0.
  0.        ]",19,19,"(np.int32(0), np.int32(0), np.int32(1), np.int32(0), np.int32(1), np.int32(0), np.int32(1), np.int32(0), np.int32(0), np.int32(1))",-0.3245863096980355
325,10,2,4,4.2196495442077264e-05,"[ 0.03922452  0.02733545 -0.0073928   0.01996974  0.00908393  0.02278273
 -0.02744043  0.00374118  0.01125241  0.00506347  0.          0.
  0.         -0.01131054  0.          0.          0.00972354  0.
  0.          0.          0.00986923  0.00877248  0.          0.00857379
  0.         -0.00916502  0.          0.          0.         -0.01655558
  0.          0.         -0.00193266  0.          0.          0.
  0.          0.          0.          0.          0.          0.
  0.          0.          0.          0.          0.          0.
  0.          0.          0.          0.03206195  0.          0.
  0.        ]",19,19,"(np.int32(0), np.int32(0), np.int32(1), np.int32(0), np.int32(1), np.int32(0), np.int32(1), np.int32(0), np.int32(0), np.int32(1))",-0.3245863096980355
345,10,2,4,4.085583517823593e-05,"[ 0.03922466  0.0273362  -0.00739332  0.01997124  0.00908508  0.02278138
 -0.02744115  0.00374246  0.01125203  0.00506419  0.          0.
  0.         -0.01130883  0.          0.          0.00972368  0.
  0.          0.          0.00986966  0.0087738   0.          0.0085734
  0.         -0.00916547  0.          0.          0.         -0.01655604
  0.          0.         -0.00193324  0.          0.          0.
  0.          0.          0.          0.          0.          0.
  0.          0.          0.          0.          0.          0.
  0.          0.          0.          0.03206217  0.          0.
  0.        ]",19,19,"(np.int32(0), np.int32(0), np.int32(1), np.int32(0), np.int32(1), np.int32(0), np.int32(1), np.int32(0), np.int32(0), np.int32(1))",-0.3245863096980355
365,10,2,4,4.140613744891941e-05,"[ 0.03922484  0.02733642 -0.00739278  0.01997148  0.00908532  0.02278091
 -0.02744111  0.00374128  0.01125295  0.00506493  0.          0.
  0.         -0.01130891  0.          0.          0.00972301  0.
  0.          0.          0.0098704   0.00877378  0.          0.00857274
  0.         -0.0091647   0.          0.          0.         -0.01655667
  0.          0.         -0.00193292  0.          0.          0.
  0.          0.          0.          0.          0.          0.
  0.          0.          0.          0.          0.          0.
  0.          0.          0.          0.03206159  0.          0.
  0.        ]",19,19,"(np.int32(0), np.int32(0), np.int32(1), np.int32(0), np.int32(1), np.int32(0), np.int32(1), np.int32(0), np.int32(0), np.int32(1))",-0.3245863096980355
385,10,2,4,4.1520313356262496e-05,"[ 0.03922517  0.02733723 -0.00739251  0.01997104  0.009085    0.0227813
 -0.02744179  0.00374155  0.0112527   0.00506446  0.          0.
  0.         -0.01130935  0.          0.          0.0097224   0.
  0.          0.          0.00987038  0.00877333  0.          0.00857282
  0.         -0.00916551  0.          0.          0.         -0.01655624
  0.          0.         -0.00193249  0.          0.          0.
  0.          0.          0.          0.          0.          0.
  0.          0.          0.          0.          0.          0.
  0.          0.          0.          0.03206075  0.          0.
  0.        ]",19,19,"(np.int32(0), np.int32(0), np.int32(1), np.int32(0), np.int32(1), np.int32(0), np.int32(1), np.int32(0), np.int32(0), np.int32(1))",-0.3245863096980355
405,10,2,4,4.121115564646699e-05,"[ 0.03922533  0.02733706 -0.00739168  0.01997247  0.00908518  0.02278183
 -0.02744158  0.00374255  0.01125293  0.00506492  0.          0.
  0.         -0.01131029  0.          0.          0.00972151  0.
  0.          0.          0.00987006  0.00877395  0.          0.0085716
  0.         -0.00916555  0.          0.          0.         -0.01655678
  0.          0.         -0.00193271  0.          0.          0.
  0.          0.          0.          0.          0.          0.
  0.          0.          0.          0.          0.          0.
  0.          0.          0.          0.03206047  0.          0.
  0.        ]",19,19,"(np.int32(0), np.int32(0), np.int32(1), np.int32(0), np.int32(1), np.int32(0), np.int32(1), np.int32(0), np.int32(0), np.int32(1))",-0.3245863096980355
5,10,2,5,0.07901756028411393,"[ 0.          0.          0.         -0.01677559  0.          0.
  0.          0.          0.          0.          0.          0.
  0.          0.          0.          0.          0.         -0.00882465
  0.          0.          0.          0.          0.          0.
  0.          0.          0.          0.          0.         -0.00551517
  0.          0.          0.          0.          0.          0.
  0.          0.          0.          0.          0.          0.
  0.          0.          0.          0.          0.          0.
 -0.04739617  0.          0.          0.          0.          0.
  0.        ]",4,4,"(np.int32(0), np.int32(0), np.int32(1), np.int32(0), np.int32(1), np.int32(0), np.int32(1), np.int32(0), np.int32(0), np.int32(1))",-0.3245863096980355
25,10,2,5,0.04036821236559291,"[ 0.03531005  0.02254906  0.          0.00512181  0.00066749  0.00238709
 -0.03905132  0.          0.          0.         -0.00025654  0.
 -0.00520024  0.          0.          0.          0.          0.
  0.          0.          0.          0.         -0.00556703  0.
  0.         -0.01275236  0.          0.00254483  0.01067424 -0.00935629
  0.         -0.00220764  0.          0.          0.          0.
  0.01055261 -0.00090662  0.         -0.00179242  0.          0.
  0.00403449 -0.00772598  0.          0.          0.          0.
 -0.01676569 -0.00101213  0.          0.02143874  0.00715412  0.00679794
  0.        ]",24,36,"(np.int32(0), np.int32(0), np.int32(1), np.int32(0), np.int32(1), np.int32(0), np.int32(1), np.int32(0), np.int32(0), np.int32(1))",-0.3245863096980355
45,10,2,5,0.00020438666901726076,"[ 3.92067530e-02  2.73045896e-02 -7.29575848e-03  1.99659963e-02
  9.09193033e-03  2.27398736e-02 -2.74732352e-02  3.70412581e-03
  1.11342546e-02  5.04702616e-03  0.00000000e+00  1.50275249e-05
  0.00000000e+00 -1.12809338e-02  0.00000000e+00  0.00000000e+00
  9.68348692e-03 -3.08409260e-05  0.00000000e+00  2.64638724e-05
  9.80710851e-03  8.74140785e-03  0.00000000e+00  8.56800803e-03
  0.00000000e+00 -9.20168106e-03  0.00000000e+00  0.00000000e+00
  3.76934174e-06 -1.65399443e-02  6.73463816e-06  0.00000000e+00
 -1.89237509e-03  0.00000000e+00  5.08241637e-06  0.00000000e+00
  1.21006215e-05  0.00000000e+00  2.15358271e-05  0.00000000e+00
  0.00000000e+00  0.00000000e+00  0.00000000e+00  0.00000000e+00
  9.03777838e-06  6.57700632e-07  0.00000000e+00 -1.44213268e-05
 -3.41750362e-05  0.00000000e+00  0.00000000e+00  3.20628223e-02
  0.00000000e+00  3.55309132e-05 -5.79827212e-06]",33,35,"(np.int32(0), np.int32(0), np.int32(1), np.int32(0), np.int32(1), np.int32(0), np.int32(1), np.int32(0), np.int32(0), np.int32(1))",-0.3245863096980355
65,10,2,5,0.00010544009109943908,"[ 3.92212965e-02  2.73241681e-02 -7.35614312e-03  1.99728321e-02
  9.08386780e-03  2.27597360e-02 -2.74496045e-02  3.73362691e-03
  1.12095049e-02  5.08219255e-03  0.00000000e+00  0.00000000e+00
 -5.51730878e-06 -1.12928443e-02  0.00000000e+00  0.00000000e+00
  9.69781528e-03 -4.93626942e-07  0.00000000e+00  0.00000000e+00
  9.84196555e-03  8.75066638e-03  0.00000000e+00  8.56733958e-03
  0.00000000e+00 -9.17259274e-03  0.00000000e+00  0.00000000e+00
  0.00000000e+00 -1.65468662e-02  6.95755298e-08  0.00000000e+00
 -1.92461438e-03  0.00000000e+00  0.00000000e+00  0.00000000e+00
  5.77632748e-06 -3.75130624e-06  0.00000000e+00  0.00000000e+00
  0.00000000e+00  0.00000000e+00  0.00000000e+00 -2.98322828e-06
  0.00000000e+00  0.00000000e+00  0.00000000e+00  0.00000000e+00
 -9.84927502e-07  0.00000000e+00  0.00000000e+00  3.20622459e-02
  0.00000000e+00  1.45895701e-05  0.00000000e+00]",27,31,"(np.int32(0), np.int32(0), np.int32(1), np.int32(0), np.int32(1), np.int32(0), np.int32(1), np.int32(0), np.int32(0), np.int32(1))",-0.3245863096980355
85,10,2,5,6.744650996026724e-05,"[ 3.92268261e-02  2.73331424e-02 -7.37565126e-03  1.99728009e-02
  9.08814387e-03  2.27714158e-02 -2.74442358e-02  3.74048104e-03
  1.12310156e-02  5.07492464e-03  0.00000000e+00  0.00000000e+00
  0.00000000e+00 -1.13007280e-02  0.00000000e+00  0.00000000e+00
  9.70805269e-03  0.00000000e+00  0.00000000e+00  0.00000000e+00
  9.85596374e-03  8.77043497e-03  0.00000000e+00  8.57273886e-03
  0.00000000e+00 -9.16529081e-03  0.00000000e+00  1.79519223e-07
  0.00000000e+00 -1.65516298e-02  0.00000000e+00  0.00000000e+00
 -1.92988830e-03  0.00000000e+00  0.00000000e+00  0.00000000e+00
  0.00000000e+00  0.00000000e+00  0.00000000e+00  0.00000000e+00
  0.00000000e+00  0.00000000e+00  0.00000000e+00  0.00000000e+00
  0.00000000e+00  0.00000000e+00  0.00000000e+00  0.00000000e+00
  0.00000000e+00  0.00000000e+00  0.00000000e+00  3.20624779e-02
  0.00000000e+00  0.00000000e+00  0.00000000e+00]",20,24,"(np.int32(0), np.int32(0), np.int32(1), np.int32(0), np.int32(1), np.int32(0), np.int32(1), np.int32(0), np.int32(0), np.int32(1))",-0.3245863096980355
105,10,2,5,5.368743834373385e-05,"[ 0.03923238  0.02733285 -0.00738968  0.01997241  0.00908941  0.02277348
 -0.02744565  0.0037434   0.01123765  0.00506837  0.          0.
  0.         -0.01130001  0.          0.          0.00971172  0.
  0.          0.          0.00986742  0.00876994  0.          0.00857425
  0.         -0.00916538  0.          0.          0.         -0.01655641
  0.          0.         -0.00193843  0.          0.          0.
  0.          0.          0.          0.          0.          0.
  0.          0.          0.          0.          0.          0.
  0.          0.          0.          0.03205638  0.          0.
  0.        ]",19,19,"(np.int32(0), np.int32(0), np.int32(1), np.int32(0), np.int32(1), np.int32(0), np.int32(1), np.int32(0), np.int32(0), np.int32(1))",-0.3245863096980355
125,10,2,5,4.9081975434814016e-05,"[ 0.03923414  0.02733575 -0.00739197  0.01997161  0.00908757  0.02277561
 -0.02744297  0.00374328  0.01124225  0.00506764  0.          0.
  0.         -0.01130267  0.          0.          0.00971616  0.
  0.          0.          0.00986712  0.00877017  0.          0.00857483
  0.         -0.0091667   0.          0.          0.         -0.01655501
  0.          0.         -0.00193745  0.          0.          0.
  0.          0.          0.          0.          0.          0.
  0.          0.          0.          0.          0.          0.
  0.          0.          0.          0.03205742  0.          0.
  0.        ]",19,19,"(np.int32(0), np.int32(0), np.int32(1), np.int32(0), np.int32(1), np.int32(0), np.int32(1), np.int32(0), np.int32(0), np.int32(1))",-0.3245863096980355
145,10,2,5,4.7582847416414444e-05,"[ 0.03923089  0.02733768 -0.00739345  0.01997057  0.00908676  0.02277385
 -0.02744306  0.00374505  0.01124701  0.00506623  0.          0.
  0.         -0.01130303  0.          0.          0.00971678  0.
  0.          0.          0.00986735  0.00877061  0.          0.00857468
  0.         -0.00916687  0.          0.          0.         -0.01655413
  0.          0.         -0.00193631  0.          0.          0.
  0.          0.          0.          0.          0.          0.
  0.          0.          0.          0.          0.          0.
  0.          0.          0.          0.03205774  0.          0.
  0.        ]",19,19,"(np.int32(0), np.int32(0), np.int32(1), np.int32(0), np.int32(1), np.int32(0), np.int32(1), np.int32(0), np.int32(0), np.int32(1))",-0.3245863096980355
165,10,2,5,4.85788676366436e-05,"[ 0.03923136  0.02733615 -0.00739157  0.01997216  0.00908535  0.02277378
 -0.02744176  0.00374737  0.01124653  0.00506737  0.          0.
  0.         -0.01130509  0.          0.          0.00971685  0.
  0.          0.          0.00986854  0.00877076  0.          0.0085729
  0.         -0.00916533  0.          0.          0.         -0.01655273
  0.          0.         -0.00193263  0.          0.          0.
  0.          0.          0.          0.          0.          0.
  0.          0.          0.          0.          0.          0.
  0.          0.          0.          0.03205726  0.          0.
  0.        ]",19,19,"(np.int32(0), np.int32(0), np.int32(1), np.int32(0), np.int32(1), np.int32(0), np.int32(1), np.int32(0), np.int32(0), np.int32(1))",-0.3245863096980355
185,10,2,5,4.8288328818324175e-05,"[ 0.03922931  0.02733594 -0.00739166  0.01997222  0.00908509  0.02277353
 -0.02744227  0.00374627  0.01124732  0.00506731  0.          0.
  0.         -0.01130704  0.          0.          0.0097177   0.
  0.          0.          0.00986647  0.00877118  0.          0.0085725
  0.         -0.00916474  0.          0.          0.         -0.01655335
  0.          0.         -0.00193249  0.          0.          0.
  0.          0.          0.          0.          0.          0.
  0.          0.          0.          0.          0.          0.
  0.          0.          0.          0.03205535  0.          0.
  0.        ]",19,19,"(np.int32(0), np.int32(0), np.int32(1), np.int32(0), np.int32(1), np.int32(0), np.int32(1), np.int32(0), np.int32(0), np.int32(1))",-0.3245863096980355
205,10,2,5,4.5429799767831844e-05,"[ 0.03922804  0.02733544 -0.007393    0.01997212  0.00908257  0.02277479
 -0.02744302  0.00374472  0.01124907  0.00506737  0.          0.
  0.         -0.01130827  0.          0.          0.00972022  0.
  0.          0.          0.00986631  0.00877279  0.          0.00857293
  0.         -0.00916596  0.          0.          0.         -0.01655509
  0.          0.         -0.00193333  0.          0.          0.
  0.          0.          0.          0.          0.          0.
  0.          0.          0.          0.          0.          0.
  0.          0.          0.          0.03205758  0.          0.
  0.        ]",19,19,"(np.int32(0), np.int32(0), np.int32(1), np.int32(0), np.int32(1), np.int32(0), np.int32(1), np.int32(0), np.int32(0), np.int32(1))",-0.3245863096980355
225,10,2,5,4.268508837483559e-05,"[ 0.03922678  0.02733667 -0.00739416  0.0199711   0.00908204  0.02277779
 -0.02744316  0.00374483  0.01125089  0.00506597  0.          0.
  0.         -0.01131063  0.          0.          0.00972169  0.
  0.          0.          0.00986634  0.0087724   0.          0.00857269
  0.         -0.00916595  0.          0.          0.         -0.01655652
  0.          0.         -0.00193241  0.          0.          0.
  0.          0.          0.          0.          0.          0.
  0.          0.          0.          0.          0.          0.
  0.          0.          0.          0.03205992  0.          0.
  0.        ]",19,19,"(np.int32(0), np.int32(0), np.int32(1), np.int32(0), np.int32(1), np.int32(0), np.int32(1), np.int32(0), np.int32(0), np.int32(1))",-0.3245863096980355
245,10,2,5,4.3935202933730325e-05,"[ 0.03922559  0.02733666 -0.00739352  0.01997146  0.00908177  0.02277698
 -0.02744411  0.00374351  0.01125013  0.00506448  0.          0.
  0.         -0.01131042  0.          0.          0.00972262  0.
  0.          0.          0.00986603  0.00877229  0.          0.00857162
  0.         -0.00916642  0.          0.          0.         -0.01655646
  0.          0.         -0.00193101  0.          0.          0.
  0.          0.          0.          0.          0.          0.
  0.          0.          0.          0.          0.          0.
  0.          0.          0.          0.03206013  0.          0.
  0.        ]",19,19,"(np.int32(0), np.int32(0), np.int32(1), np.int32(0), np.int32(1), np.int32(0), np.int32(1), np.int32(0), np.int32(0), np.int32(1))",-0.3245863096980355
265,10,2,5,4.225304661432866e-05,"[ 0.03922561  0.02733741 -0.00739337  0.01997182  0.00908226  0.02277821
 -0.02744288  0.003744    0.01125075  0.0050649   0.          0.
  0.         -0.01131068  0.          0.          0.00972205  0.
  0.          0.          0.00986716  0.00877315  0.          0.00857208
  0.         -0.00916646  0.          0.          0.         -0.01655733
  0.          0.         -0.00193241  0.          0.          0.
  0.          0.          0.          0.          0.          0.
  0.          0.          0.          0.          0.          0.
  0.          0.          0.          0.03206068  0.          0.
  0.        ]",19,19,"(np.int32(0), np.int32(0), np.int32(1), np.int32(0), np.int32(1), np.int32(0), np.int32(1), np.int32(0), np.int32(0), np.int32(1))",-0.3245863096980355
285,10,2,5,4.287606597776161e-05,"[ 0.0392258   0.02733793 -0.00739306  0.01997119  0.00908194  0.0227778
 -0.02744394  0.00374337  0.01125012  0.00506518  0.          0.
  0.         -0.01131095  0.          0.          0.00972132  0.
  0.          0.          0.00986698  0.00877172  0.          0.00857256
  0.         -0.00916727  0.          0.          0.         -0.01655777
  0.          0.         -0.00193263  0.          0.          0.
  0.          0.          0.          0.          0.          0.
  0.          0.          0.          0.          0.          0.
  0.          0.          0.          0.03206108  0.          0.
  0.        ]",19,19,"(np.int32(0), np.int32(0), np.int32(1), np.int32(0), np.int32(1), np.int32(0), np.int32(1), np.int32(0), np.int32(0), np.int32(1))",-0.3245863096980355
305,10,2,5,4.1440880277868464e-05,"[ 0.03922629  0.02733899 -0.00739253  0.0199718   0.00908195  0.02277931
 -0.02744378  0.00374376  0.0112507   0.00506498  0.          0.
  0.         -0.01131048  0.          0.          0.00972154  0.
  0.          0.          0.00986855  0.00877284  0.          0.00857293
  0.         -0.00916652  0.          0.          0.         -0.01655798
  0.          0.         -0.00193284  0.          0.          0.
  0.          0.          0.          0.          0.          0.
  0.          0.          0.          0.          0.          0.
  0.          0.          0.          0.03206078  0.          0.
  0.        ]",19,19,"(np.int32(0), np.int32(0), np.int32(1), np.int32(0), np.int32(1), np.int32(0), np.int32(1), np.int32(0), np.int32(0), np.int32(1))",-0.3245863096980355
325,10,2,5,4.046243080842782e-05,"[ 0.03922765  0.02733933 -0.00739255  0.01997136  0.00908297  0.02278031
 -0.02744428  0.00374296  0.01125119  0.00506494  0.          0.
  0.         -0.01131005  0.          0.          0.00972246  0.
  0.          0.          0.00986821  0.00877322  0.          0.00857261
  0.         -0.00916722  0.          0.          0.         -0.01655823
  0.          0.         -0.00193334  0.          0.          0.
  0.          0.          0.          0.          0.          0.
  0.          0.          0.          0.          0.          0.
  0.          0.          0.          0.03206009  0.          0.
  0.        ]",19,19,"(np.int32(0), np.int32(0), np.int32(1), np.int32(0), np.int32(1), np.int32(0), np.int32(1), np.int32(0), np.int32(0), np.int32(1))",-0.3245863096980355
345,10,2,5,4.0632384587726554e-05,"[ 0.03922702  0.02733859 -0.00739187  0.01997255  0.00908351  0.02278076
 -0.02744327  0.00374359  0.01125066  0.00506547  0.          0.
  0.         -0.01131039  0.          0.          0.00972212  0.
  0.          0.          0.00986866  0.00877409  0.          0.00857232
  0.         -0.00916689  0.          0.          0.         -0.01655808
  0.          0.         -0.00193256  0.          0.          0.
  0.          0.          0.          0.          0.          0.
  0.          0.          0.          0.          0.          0.
  0.          0.          0.          0.03206046  0.          0.
  0.        ]",19,19,"(np.int32(0), np.int32(0), np.int32(1), np.int32(0), np.int32(1), np.int32(0), np.int32(1), np.int32(0), np.int32(0), np.int32(1))",-0.3245863096980355
365,10,2,5,4.096142317481066e-05,"[ 0.03922634  0.02733831 -0.00739193  0.01997176  0.00908361  0.02278123
 -0.02744273  0.00374343  0.01125131  0.00506488  0.          0.
  0.         -0.01130996  0.          0.          0.00972164  0.
  0.          0.          0.00986909  0.00877406  0.          0.00857215
  0.         -0.00916702  0.          0.          0.         -0.01655766
  0.          0.         -0.00193255  0.          0.          0.
  0.          0.          0.          0.          0.          0.
  0.          0.          0.          0.          0.          0.
  0.          0.          0.          0.03205948  0.          0.
  0.        ]",19,19,"(np.int32(0), np.int32(0), np.int32(1), np.int32(0), np.int32(1), np.int32(0), np.int32(1), np.int32(0), np.int32(0), np.int32(1))",-0.3245863096980355
385,10,2,5,4.1210420797104796e-05,"[ 0.03922577  0.02733753 -0.00739147  0.01997288  0.00908452  0.02278097
 -0.02744149  0.0037426   0.01125232  0.00506539  0.          0.
  0.         -0.01131019  0.          0.          0.00972202  0.
  0.          0.          0.00986985  0.00877468  0.          0.00857173
  0.         -0.00916557  0.          0.          0.         -0.01655684
  0.          0.         -0.00193286  0.          0.          0.
  0.          0.          0.          0.          0.          0.
  0.          0.          0.          0.          0.          0.
  0.          0.          0.          0.03206017  0.          0.
  0.        ]",19,19,"(np.int32(0), np.int32(0), np.int32(1), np.int32(0), np.int32(1), np.int32(0), np.int32(1), np.int32(0), np.int32(0), np.int32(1))",-0.3245863096980355
405,10,2,5,4.1211155646455335e-05,"[ 0.03922533  0.02733706 -0.00739168  0.01997247  0.00908518  0.02278183
 -0.02744158  0.00374255  0.01125293  0.00506492  0.          0.
  0.         -0.01131029  0.          0.          0.00972151  0.
  0.          0.          0.00987006  0.00877395  0.          0.0085716
  0.         -0.00916555  0.          0.          0.         -0.01655678
  0.          0.         -0.00193271  0.          0.          0.
  0.          0.          0.          0.          0.          0.
  0.          0.          0.          0.          0.          0.
  0.          0.          0.          0.03206047  0.          0.
  0.        ]",19,19,"(np.int32(0), np.int32(0), np.int32(1), np.int32(0), np.int32(1), np.int32(0), np.int32(1), np.int32(0), np.int32(0), np.int32(1))",-0.3245863096980355
