sample_size,n,k,repeat,mae,coefficients,non_zero_coef,num_iter,best_x,predicted_best
5,10,2,1,0.06900501874450365,"[ 0.          0.          0.          0.00014137 -0.00339638  0.
 -0.05133821  0.01866215  0.          0.          0.          0.
  0.          0.          0.          0.          0.          0.
  0.          0.          0.          0.          0.          0.
  0.          0.          0.          0.          0.          0.
  0.          0.          0.          0.          0.          0.
  0.          0.          0.          0.          0.          0.
  0.          0.          0.          0.          0.          0.
  0.          0.          0.          0.          0.          0.
  0.        ]",4,4,"(np.int32(0), np.int32(0), np.int32(0), np.int32(1), np.int32(1), np.int32(1), np.int32(1), np.int32(0), np.int32(0), np.int32(1))",-0.5051319960462144
25,10,2,1,4.495493300779683e+21,"[ 3.22800843e+20 -3.92846405e+20 -6.47184839e+20 -6.30272472e+20
  2.96650006e+15  8.26404594e+20 -5.04951084e+20  3.47533552e+20
  7.06479967e+20  3.36067539e+15 -2.76346019e+20  6.27857810e+19
  4.58293807e+18  1.81381532e+21  7.12428141e+20  7.79796860e+20
 -1.21552228e+21  8.53432588e+17  3.95874917e+14 -1.09402809e+21
  9.50433659e+20 -2.78222303e+14  6.48561232e+20 -1.78808188e+20
  7.17268576e+20  1.14258239e+21  7.41224608e+20 -3.22370552e+17
  3.16915067e+16  1.90163132e+21 -3.68041983e+19  5.40577153e+15
  3.55919078e+21 -2.55912626e+14 -5.78924880e+16  7.46426739e+20
 -5.24516219e+18  1.09281185e+18  2.20904739e+17 -4.01404198e+20
  2.31845298e+20  9.28880496e+20 -1.46606266e+21 -1.41135881e+16
 -3.65934563e+18  4.13319581e+20 -9.41586806e+20 -1.77606535e+21
  5.95877946e+17 -1.39332052e+20 -1.03318182e+19  5.24528262e+20
 -2.08295066e+17  2.67547030e+20 -1.75115202e+20]",55,71,"(np.int32(1), np.int32(1), np.int32(0), np.int32(1), np.int32(1), np.int32(1), np.int32(1), np.int32(0), np.int32(0), np.int32(1))",1.1897909623913192e+22
45,10,2,1,1.3002756823218946e+17,"[-2.66723692e+16 -1.18584691e+16 -1.09238414e+16  5.49615803e+16
  3.63734634e+16  1.76160397e+16  7.37975264e+15  2.82892111e+16
  2.38205575e+16  1.24159180e+16 -2.55366374e+16  1.22439533e+16
  6.92789924e+14  3.68844164e+15 -2.33207765e+16 -1.03840333e+16
  9.24830154e+15 -1.16043221e+15 -1.29120428e+16  3.27358289e+16
  1.52414020e+16  9.41763404e+15 -3.89229623e+16 -3.43582051e+16
 -5.85523379e+15 -1.59743323e+16 -6.39456473e+15  2.49950419e+14
 -2.98126947e+16  2.65598000e+16  2.36346280e+16  2.70625130e+15
  1.33219190e+14 -2.64265808e+16 -6.98774179e+13  5.74748951e+14
  1.00872428e+14  6.90721529e+14 -1.30290309e+15  4.60590154e+16
  3.82316186e+13  1.24051626e+15 -1.70180370e+15  1.60459599e+15
  4.33157541e+16 -3.79096307e+16 -3.63681322e+16 -3.76731066e+14
  2.51741962e+16 -1.01611703e+16 -3.81953084e+16  1.66991263e+16
 -1.53342657e+16  2.31081376e+16  2.90016309e+16]",55,70,"(np.int32(1), np.int32(1), np.int32(0), np.int32(1), np.int32(1), np.int32(1), np.int32(1), np.int32(0), np.int32(0), np.int32(1))",1.1897909623913192e+22
65,10,2,1,8.731904088676856e-16,"[ 3.92353306e-02  2.73440614e-02 -7.40468937e-03  1.99838350e-02
  9.09515560e-03  2.27952612e-02 -2.74518147e-02  3.75167114e-03
  1.12645341e-02  5.07448674e-03  0.00000000e+00  0.00000000e+00
  6.25584654e-17 -1.13180329e-02  0.00000000e+00  0.00000000e+00
  9.73271636e-03  0.00000000e+00  0.00000000e+00 -3.99528501e-17
  9.88107177e-03  8.78654173e-03  0.00000000e+00  8.58342839e-03
  0.00000000e+00 -9.17675640e-03  0.00000000e+00  0.00000000e+00
  0.00000000e+00 -1.65674309e-02  0.00000000e+00  0.00000000e+00
 -1.94451853e-03  0.00000000e+00  0.00000000e+00  0.00000000e+00
 -2.35813973e-17  0.00000000e+00  0.00000000e+00  0.00000000e+00
  0.00000000e+00  0.00000000e+00  0.00000000e+00  0.00000000e+00
  0.00000000e+00  0.00000000e+00  0.00000000e+00  0.00000000e+00
  0.00000000e+00  0.00000000e+00  0.00000000e+00  3.20691965e-02
  0.00000000e+00  0.00000000e+00  0.00000000e+00]",22,22,"(np.int32(1), np.int32(1), np.int32(0), np.int32(1), np.int32(1), np.int32(1), np.int32(1), np.int32(0), np.int32(0), np.int32(1))",1.1897909623913192e+22
85,10,2,1,5.320743845516063e-16,"[ 3.92353306e-02  2.73440614e-02 -7.40468937e-03  1.99838350e-02
  9.09515560e-03  2.27952612e-02 -2.74518147e-02  3.75167114e-03
  1.12645341e-02  5.07448674e-03  0.00000000e+00  0.00000000e+00
  0.00000000e+00 -1.13180329e-02  0.00000000e+00  0.00000000e+00
  9.73271636e-03  0.00000000e+00  0.00000000e+00  0.00000000e+00
  9.88107177e-03  8.78654173e-03  0.00000000e+00  8.58342839e-03
  0.00000000e+00 -9.17675640e-03  0.00000000e+00  0.00000000e+00
  0.00000000e+00 -1.65674309e-02  0.00000000e+00  0.00000000e+00
 -1.94451853e-03  0.00000000e+00  0.00000000e+00  0.00000000e+00
  0.00000000e+00  0.00000000e+00  0.00000000e+00  0.00000000e+00
  0.00000000e+00  0.00000000e+00  0.00000000e+00  0.00000000e+00
 -3.30275087e-17  0.00000000e+00  0.00000000e+00  0.00000000e+00
  0.00000000e+00  0.00000000e+00  0.00000000e+00  3.20691965e-02
  0.00000000e+00  0.00000000e+00  0.00000000e+00]",20,20,"(np.int32(1), np.int32(1), np.int32(0), np.int32(1), np.int32(1), np.int32(1), np.int32(1), np.int32(0), np.int32(0), np.int32(1))",1.1897909623913192e+22
105,10,2,1,9.386935673205699e-16,"[ 3.92353306e-02  2.73440614e-02 -7.40468937e-03  1.99838350e-02
  9.09515560e-03  2.27952612e-02 -2.74518147e-02  3.75167114e-03
  1.12645341e-02  5.07448674e-03  0.00000000e+00  0.00000000e+00
  0.00000000e+00 -1.13180329e-02  0.00000000e+00  0.00000000e+00
  9.73271636e-03  0.00000000e+00  0.00000000e+00  0.00000000e+00
  9.88107177e-03  8.78654173e-03  0.00000000e+00  8.58342839e-03
  0.00000000e+00 -9.17675640e-03  0.00000000e+00  0.00000000e+00
  0.00000000e+00 -1.65674309e-02  0.00000000e+00  0.00000000e+00
 -1.94451853e-03  0.00000000e+00  0.00000000e+00  0.00000000e+00
  0.00000000e+00  0.00000000e+00  0.00000000e+00  0.00000000e+00
  0.00000000e+00  0.00000000e+00  0.00000000e+00  0.00000000e+00
  0.00000000e+00  0.00000000e+00  0.00000000e+00  0.00000000e+00
  0.00000000e+00  0.00000000e+00  4.67562187e-19  3.20691965e-02
  0.00000000e+00  0.00000000e+00  0.00000000e+00]",20,20,"(np.int32(1), np.int32(1), np.int32(0), np.int32(1), np.int32(1), np.int32(1), np.int32(1), np.int32(0), np.int32(0), np.int32(1))",1.1897909623913192e+22
125,10,2,1,1.0483280910023042e-15,"[ 0.03923533  0.02734406 -0.00740469  0.01998384  0.00909516  0.02279526
 -0.02745181  0.00375167  0.01126453  0.00507449  0.          0.
  0.         -0.01131803  0.          0.          0.00973272  0.
  0.          0.          0.00988107  0.00878654  0.          0.00858343
  0.         -0.00917676  0.          0.          0.         -0.01656743
  0.          0.         -0.00194452  0.          0.          0.
  0.          0.          0.          0.          0.          0.
  0.          0.          0.          0.          0.          0.
  0.          0.          0.          0.0320692   0.          0.
  0.        ]",19,19,"(np.int32(1), np.int32(1), np.int32(0), np.int32(1), np.int32(1), np.int32(1), np.int32(1), np.int32(0), np.int32(0), np.int32(1))",1.1897909623913192e+22
145,10,2,1,3.300137940698278e-16,"[ 0.03923533  0.02734406 -0.00740469  0.01998384  0.00909516  0.02279526
 -0.02745181  0.00375167  0.01126453  0.00507449  0.          0.
  0.         -0.01131803  0.          0.          0.00973272  0.
  0.          0.          0.00988107  0.00878654  0.          0.00858343
  0.         -0.00917676  0.          0.          0.         -0.01656743
  0.          0.         -0.00194452  0.          0.          0.
  0.          0.          0.          0.          0.          0.
  0.          0.          0.          0.          0.          0.
  0.          0.          0.          0.0320692   0.          0.
  0.        ]",19,19,"(np.int32(1), np.int32(1), np.int32(0), np.int32(1), np.int32(1), np.int32(1), np.int32(1), np.int32(0), np.int32(0), np.int32(1))",1.1897909623913192e+22
165,10,2,1,2.117750419472486e-16,"[ 0.03923533  0.02734406 -0.00740469  0.01998384  0.00909516  0.02279526
 -0.02745181  0.00375167  0.01126453  0.00507449  0.          0.
  0.         -0.01131803  0.          0.          0.00973272  0.
  0.          0.          0.00988107  0.00878654  0.          0.00858343
  0.         -0.00917676  0.          0.          0.         -0.01656743
  0.          0.         -0.00194452  0.          0.          0.
  0.          0.          0.          0.          0.          0.
  0.          0.          0.          0.          0.          0.
  0.          0.          0.          0.0320692   0.          0.
  0.        ]",19,19,"(np.int32(1), np.int32(1), np.int32(0), np.int32(1), np.int32(1), np.int32(1), np.int32(1), np.int32(0), np.int32(0), np.int32(1))",1.1897909623913192e+22
185,10,2,1,1.7180701306074299e-16,"[ 0.03923533  0.02734406 -0.00740469  0.01998384  0.00909516  0.02279526
 -0.02745181  0.00375167  0.01126453  0.00507449  0.          0.
  0.         -0.01131803  0.          0.          0.00973272  0.
  0.          0.          0.00988107  0.00878654  0.          0.00858343
  0.         -0.00917676  0.          0.          0.         -0.01656743
  0.          0.         -0.00194452  0.          0.          0.
  0.          0.          0.          0.          0.          0.
  0.          0.          0.          0.          0.          0.
  0.          0.          0.          0.0320692   0.          0.
  0.        ]",19,19,"(np.int32(1), np.int32(1), np.int32(0), np.int32(1), np.int32(1), np.int32(1), np.int32(1), np.int32(0), np.int32(0), np.int32(1))",1.1897909623913192e+22
205,10,2,1,1.917910275039958e-16,"[ 0.03923533  0.02734406 -0.00740469  0.01998384  0.00909516  0.02279526
 -0.02745181  0.00375167  0.01126453  0.00507449  0.          0.
  0.         -0.01131803  0.          0.          0.00973272  0.
  0.          0.          0.00988107  0.00878654  0.          0.00858343
  0.         -0.00917676  0.          0.          0.         -0.01656743
  0.          0.         -0.00194452  0.          0.          0.
  0.          0.          0.          0.          0.          0.
  0.          0.          0.          0.          0.          0.
  0.          0.          0.          0.0320692   0.          0.
  0.        ]",19,19,"(np.int32(1), np.int32(1), np.int32(0), np.int32(1), np.int32(1), np.int32(1), np.int32(1), np.int32(0), np.int32(0), np.int32(1))",1.1897909623913192e+22
225,10,2,1,1.9734214262712158e-16,"[ 0.03923533  0.02734406 -0.00740469  0.01998384  0.00909516  0.02279526
 -0.02745181  0.00375167  0.01126453  0.00507449  0.          0.
  0.         -0.01131803  0.          0.          0.00973272  0.
  0.          0.          0.00988107  0.00878654  0.          0.00858343
  0.         -0.00917676  0.          0.          0.         -0.01656743
  0.          0.         -0.00194452  0.          0.          0.
  0.          0.          0.          0.          0.          0.
  0.          0.          0.          0.          0.          0.
  0.          0.          0.          0.0320692   0.          0.
  0.        ]",19,19,"(np.int32(1), np.int32(1), np.int32(0), np.int32(1), np.int32(1), np.int32(1), np.int32(1), np.int32(0), np.int32(0), np.int32(1))",1.1897909623913192e+22
245,10,2,1,3.3889557826682906e-16,"[ 0.03923533  0.02734406 -0.00740469  0.01998384  0.00909516  0.02279526
 -0.02745181  0.00375167  0.01126453  0.00507449  0.          0.
  0.         -0.01131803  0.          0.          0.00973272  0.
  0.          0.          0.00988107  0.00878654  0.          0.00858343
  0.         -0.00917676  0.          0.          0.         -0.01656743
  0.          0.         -0.00194452  0.          0.          0.
  0.          0.          0.          0.          0.          0.
  0.          0.          0.          0.          0.          0.
  0.          0.          0.          0.0320692   0.          0.
  0.        ]",19,19,"(np.int32(1), np.int32(1), np.int32(0), np.int32(1), np.int32(1), np.int32(1), np.int32(1), np.int32(0), np.int32(0), np.int32(1))",1.1897909623913192e+22
265,10,2,1,3.84969833788773e-16,"[ 0.03923533  0.02734406 -0.00740469  0.01998384  0.00909516  0.02279526
 -0.02745181  0.00375167  0.01126453  0.00507449  0.          0.
  0.         -0.01131803  0.          0.          0.00973272  0.
  0.          0.          0.00988107  0.00878654  0.          0.00858343
  0.         -0.00917676  0.          0.          0.         -0.01656743
  0.          0.         -0.00194452  0.          0.          0.
  0.          0.          0.          0.          0.          0.
  0.          0.          0.          0.          0.          0.
  0.          0.          0.          0.0320692   0.          0.
  0.        ]",19,19,"(np.int32(1), np.int32(1), np.int32(0), np.int32(1), np.int32(1), np.int32(1), np.int32(1), np.int32(0), np.int32(0), np.int32(1))",1.1897909623913192e+22
285,10,2,1,1.8623991238087e-16,"[ 0.03923533  0.02734406 -0.00740469  0.01998384  0.00909516  0.02279526
 -0.02745181  0.00375167  0.01126453  0.00507449  0.          0.
  0.         -0.01131803  0.          0.          0.00973272  0.
  0.          0.          0.00988107  0.00878654  0.          0.00858343
  0.         -0.00917676  0.          0.          0.         -0.01656743
  0.          0.         -0.00194452  0.          0.          0.
  0.          0.          0.          0.          0.          0.
  0.          0.          0.          0.          0.          0.
  0.          0.          0.          0.0320692   0.          0.
  0.        ]",19,19,"(np.int32(1), np.int32(1), np.int32(0), np.int32(1), np.int32(1), np.int32(1), np.int32(1), np.int32(0), np.int32(0), np.int32(1))",1.1897909623913192e+22
305,10,2,1,3.419486915845482e-16,"[ 0.03923533  0.02734406 -0.00740469  0.01998384  0.00909516  0.02279526
 -0.02745181  0.00375167  0.01126453  0.00507449  0.          0.
  0.         -0.01131803  0.          0.          0.00973272  0.
  0.          0.          0.00988107  0.00878654  0.          0.00858343
  0.         -0.00917676  0.          0.          0.         -0.01656743
  0.          0.         -0.00194452  0.          0.          0.
  0.          0.          0.          0.          0.          0.
  0.          0.          0.          0.          0.          0.
  0.          0.          0.          0.0320692   0.          0.
  0.        ]",19,19,"(np.int32(1), np.int32(1), np.int32(0), np.int32(1), np.int32(1), np.int32(1), np.int32(1), np.int32(0), np.int32(0), np.int32(1))",1.1897909623913192e+22
325,10,2,1,1.8457457784393228e-16,"[ 0.03923533  0.02734406 -0.00740469  0.01998384  0.00909516  0.02279526
 -0.02745181  0.00375167  0.01126453  0.00507449  0.          0.
  0.         -0.01131803  0.          0.          0.00973272  0.
  0.          0.          0.00988107  0.00878654  0.          0.00858343
  0.         -0.00917676  0.          0.          0.         -0.01656743
  0.          0.         -0.00194452  0.          0.          0.
  0.          0.          0.          0.          0.          0.
  0.          0.          0.          0.          0.          0.
  0.          0.          0.          0.0320692   0.          0.
  0.        ]",19,19,"(np.int32(1), np.int32(1), np.int32(0), np.int32(1), np.int32(1), np.int32(1), np.int32(1), np.int32(0), np.int32(0), np.int32(1))",1.1897909623913192e+22
345,10,2,1,3.108624468950438e-16,"[ 0.03923533  0.02734406 -0.00740469  0.01998384  0.00909516  0.02279526
 -0.02745181  0.00375167  0.01126453  0.00507449  0.          0.
  0.         -0.01131803  0.          0.          0.00973272  0.
  0.          0.          0.00988107  0.00878654  0.          0.00858343
  0.         -0.00917676  0.          0.          0.         -0.01656743
  0.          0.         -0.00194452  0.          0.          0.
  0.          0.          0.          0.          0.          0.
  0.          0.          0.          0.          0.          0.
  0.          0.          0.          0.0320692   0.          0.
  0.        ]",19,19,"(np.int32(1), np.int32(1), np.int32(0), np.int32(1), np.int32(1), np.int32(1), np.int32(1), np.int32(0), np.int32(0), np.int32(1))",1.1897909623913192e+22
365,10,2,1,1.7458257062230587e-16,"[ 0.03923533  0.02734406 -0.00740469  0.01998384  0.00909516  0.02279526
 -0.02745181  0.00375167  0.01126453  0.00507449  0.          0.
  0.         -0.01131803  0.          0.          0.00973272  0.
  0.          0.          0.00988107  0.00878654  0.          0.00858343
  0.         -0.00917676  0.          0.          0.         -0.01656743
  0.          0.         -0.00194452  0.          0.          0.
  0.          0.          0.          0.          0.          0.
  0.          0.          0.          0.          0.          0.
  0.          0.          0.          0.0320692   0.          0.
  0.        ]",19,19,"(np.int32(1), np.int32(1), np.int32(0), np.int32(1), np.int32(1), np.int32(1), np.int32(1), np.int32(0), np.int32(0), np.int32(1))",1.1897909623913192e+22
385,10,2,1,4.0717429428127616e-16,"[ 0.03923533  0.02734406 -0.00740469  0.01998384  0.00909516  0.02279526
 -0.02745181  0.00375167  0.01126453  0.00507449  0.          0.
  0.         -0.01131803  0.          0.          0.00973272  0.
  0.          0.          0.00988107  0.00878654  0.          0.00858343
  0.         -0.00917676  0.          0.          0.         -0.01656743
  0.          0.         -0.00194452  0.          0.          0.
  0.          0.          0.          0.          0.          0.
  0.          0.          0.          0.          0.          0.
  0.          0.          0.          0.0320692   0.          0.
  0.        ]",19,19,"(np.int32(1), np.int32(1), np.int32(0), np.int32(1), np.int32(1), np.int32(1), np.int32(1), np.int32(0), np.int32(0), np.int32(1))",1.1897909623913192e+22
405,10,2,1,3.6443070783320766e-16,"[ 0.03923533  0.02734406 -0.00740469  0.01998384  0.00909516  0.02279526
 -0.02745181  0.00375167  0.01126453  0.00507449  0.          0.
  0.         -0.01131803  0.          0.          0.00973272  0.
  0.          0.          0.00988107  0.00878654  0.          0.00858343
  0.         -0.00917676  0.          0.          0.         -0.01656743
  0.          0.         -0.00194452  0.          0.          0.
  0.          0.          0.          0.          0.          0.
  0.          0.          0.          0.          0.          0.
  0.          0.          0.          0.0320692   0.          0.
  0.        ]",19,19,"(np.int32(1), np.int32(1), np.int32(0), np.int32(1), np.int32(1), np.int32(1), np.int32(1), np.int32(0), np.int32(0), np.int32(1))",1.1897909623913192e+22
5,10,2,2,0.0638687692094216,"[ 0.04368097  0.          0.          0.          0.02757579  0.
  0.          0.         -0.01107779  0.          0.02922495  0.
  0.          0.          0.          0.          0.          0.
  0.          0.          0.          0.          0.          0.
  0.          0.          0.          0.          0.          0.
  0.          0.          0.          0.          0.          0.
  0.          0.          0.          0.          0.          0.
  0.          0.          0.          0.          0.          0.
  0.          0.          0.          0.          0.          0.
  0.        ]",4,4,"(np.int32(1), np.int32(1), np.int32(0), np.int32(1), np.int32(1), np.int32(1), np.int32(1), np.int32(0), np.int32(0), np.int32(1))",1.1897909623913192e+22
25,10,2,2,5.272464342226953e+23,"[ 7.57008897e+22  3.29408278e+22  1.48216731e+23 -3.77903831e+21
  4.80075830e+21 -5.20241727e+22 -1.15892996e+23 -2.44636036e+23
  1.48923972e+23  2.63482715e+23  4.38267121e+15  1.64958568e+23
 -5.22872246e+17  1.35797953e+18 -4.04962295e+19 -4.47536337e+16
 -1.69053215e+23  4.38306004e+20 -5.15416942e+21  2.47165025e+17
  1.03834238e+23  4.36472705e+22  9.21580730e+22 -2.14511683e+22
 -2.67205503e+19  7.76610026e+16 -7.45756132e+22 -1.42589028e+23
  1.36642854e+21 -1.05311012e+17  2.70616447e+20 -5.94860087e+19
  2.29902376e+15 -8.47474777e+22  1.32090221e+16  2.00681407e+22
  8.70859374e+19 -5.61293303e+22  9.79950751e+22 -2.08781362e+23
 -8.37189233e+22 -3.53451997e+20  3.87738878e+22 -6.04816305e+22
  2.11930305e+22  2.31514635e+17  2.96071003e+19 -2.85026570e+22
 -6.89090647e+22  2.46236407e+23 -4.06938086e+21  8.13951456e+22
 -2.13260242e+21 -3.73674554e+16 -1.30728007e+19]",55,69,"(np.int32(0), np.int32(1), np.int32(0), np.int32(1), np.int32(1), np.int32(1), np.int32(1), np.int32(1), np.int32(0), np.int32(0))",2.1754440192050968e+24
45,10,2,2,3.1097346919750636e-15,"[ 3.92353306e-02  2.73440614e-02 -7.40468937e-03  1.99838350e-02
  9.09515560e-03  2.27952612e-02 -2.74518147e-02  3.75167114e-03
  1.12645341e-02  5.07448674e-03  0.00000000e+00  0.00000000e+00
  0.00000000e+00 -1.13180329e-02  0.00000000e+00  0.00000000e+00
  9.73271636e-03  0.00000000e+00  0.00000000e+00  0.00000000e+00
  9.88107177e-03  8.78654173e-03  0.00000000e+00  8.58342839e-03
  0.00000000e+00 -9.17675640e-03  3.36319514e-16  0.00000000e+00
  0.00000000e+00 -1.65674309e-02  0.00000000e+00 -6.04849287e-17
 -1.94451853e-03  0.00000000e+00  2.35000821e-17  0.00000000e+00
  0.00000000e+00  5.66360110e-17  0.00000000e+00  0.00000000e+00
  0.00000000e+00  0.00000000e+00  0.00000000e+00  0.00000000e+00
  3.67612299e-17  0.00000000e+00 -3.88144378e-17  0.00000000e+00
  0.00000000e+00 -1.52384615e-16  0.00000000e+00  3.20691965e-02
  0.00000000e+00  0.00000000e+00  0.00000000e+00]",26,26,"(np.int32(0), np.int32(1), np.int32(0), np.int32(1), np.int32(1), np.int32(1), np.int32(1), np.int32(1), np.int32(0), np.int32(0))",2.1754440192050968e+24
65,10,2,2,1.8429702208777598e-16,"[ 3.92353306e-02  2.73440614e-02 -7.40468937e-03  1.99838350e-02
  9.09515560e-03  2.27952612e-02 -2.74518147e-02  3.75167114e-03
  1.12645341e-02  5.07448674e-03  0.00000000e+00  0.00000000e+00
  0.00000000e+00 -1.13180329e-02  0.00000000e+00  0.00000000e+00
  9.73271636e-03  0.00000000e+00  0.00000000e+00  0.00000000e+00
  9.88107177e-03  8.78654173e-03  0.00000000e+00  8.58342839e-03
  0.00000000e+00 -9.17675640e-03  0.00000000e+00  0.00000000e+00
  0.00000000e+00 -1.65674309e-02  0.00000000e+00  0.00000000e+00
 -1.94451853e-03  0.00000000e+00  0.00000000e+00  0.00000000e+00
  0.00000000e+00 -3.46707526e-17  0.00000000e+00  0.00000000e+00
  0.00000000e+00  0.00000000e+00  1.31188463e-17  0.00000000e+00
  0.00000000e+00  0.00000000e+00 -1.32814766e-17  0.00000000e+00
  0.00000000e+00  2.24565375e-17  0.00000000e+00  3.20691965e-02
  0.00000000e+00  0.00000000e+00  0.00000000e+00]",23,23,"(np.int32(0), np.int32(1), np.int32(0), np.int32(1), np.int32(1), np.int32(1), np.int32(1), np.int32(1), np.int32(0), np.int32(0))",2.1754440192050968e+24
85,10,2,2,0.030740796000727294,"[ 4.31115679e-02  3.55524058e-02 -2.29123737e-02  2.51781736e-02
  1.69573168e-02  2.56173646e-02 -3.06084935e-02  8.81246507e-03
  8.70954109e-03 -4.38632380e-03 -5.26929731e-03  1.89857999e-03
  7.48771957e-03 -1.77832946e-02  6.86019444e-04 -4.32877849e-03
  1.67912345e-02 -7.89155051e-04  1.71668897e-03 -8.80262466e-04
  4.96886519e-03  1.26013941e-02  6.82440673e-04  1.32079985e-02
  5.56229637e-03 -1.49291338e-02  4.16924334e-03  4.48085235e-03
  2.89878683e-03 -1.96987766e-02 -4.23123930e-03 -1.13832688e-02
 -1.91622309e-03 -4.04641456e-05 -3.80941286e-04  2.49650163e-04
  3.79133803e-03 -2.30894258e-03  4.62473009e-03  4.01529629e-03
  1.04286519e-03 -3.66768756e-03  8.57526095e-03  1.64195055e-03
 -2.56326691e-03  2.01066534e-03  6.63571866e-03  4.08991170e-03
  8.55025754e-05  1.13643835e-02  1.43371599e-03  3.14008371e-02
 -2.70242254e-03 -9.83866958e-03 -1.47897926e-04]",55,60,"(np.int32(0), np.int32(1), np.int32(0), np.int32(1), np.int32(1), np.int32(1), np.int32(1), np.int32(1), np.int32(0), np.int32(0))",2.1754440192050968e+24
105,10,2,2,0.014305505253363245,"[ 3.97590785e-02  2.92755889e-02 -9.77568606e-03  2.20980526e-02
  1.18513803e-02  2.41886175e-02 -2.91776366e-02  5.71627175e-03
  1.47256817e-02  7.11176864e-03  9.65101237e-04 -3.51307064e-04
  2.00685303e-03 -1.38655934e-02  3.16597493e-03 -5.13090001e-04
  8.59003439e-03 -2.61304993e-04 -1.54266988e-04 -2.78655628e-03
  8.31223872e-03  1.04433319e-02  1.95792935e-03  1.04980133e-02
 -1.04847062e-03 -1.19404617e-02 -7.60222106e-03  1.31409670e-03
  3.54107640e-04 -1.88971768e-02 -1.54505147e-04  1.32660547e-03
 -3.59645730e-03  2.10975267e-03 -2.27088997e-03  2.54079627e-04
  1.00721581e-03 -3.50878389e-03  1.67857071e-03  2.95918572e-04
  2.64395088e-03  4.76433574e-04 -8.35767009e-04  1.95013927e-03
 -1.01688947e-03 -1.70665867e-03 -5.91662904e-04 -2.38126263e-03
 -8.80794753e-03  3.48369977e-03 -3.46189901e-03  3.35777761e-02
 -9.61514035e-05  2.78859672e-03 -8.73865119e-04]",55,57,"(np.int32(0), np.int32(1), np.int32(0), np.int32(1), np.int32(1), np.int32(1), np.int32(1), np.int32(1), np.int32(0), np.int32(0))",2.1754440192050968e+24
125,10,2,2,4.0745185003743244e-16,"[ 3.92353306e-02  2.73440614e-02 -7.40468937e-03  1.99838350e-02
  9.09515560e-03  2.27952612e-02 -2.74518147e-02  3.75167114e-03
  1.12645341e-02  5.07448674e-03  0.00000000e+00  0.00000000e+00
  0.00000000e+00 -1.13180329e-02  0.00000000e+00  0.00000000e+00
  9.73271636e-03  0.00000000e+00  0.00000000e+00  0.00000000e+00
  9.88107177e-03  8.78654173e-03  0.00000000e+00  8.58342839e-03
  0.00000000e+00 -9.17675640e-03  5.89534931e-18  0.00000000e+00
  0.00000000e+00 -1.65674309e-02  0.00000000e+00  0.00000000e+00
 -1.94451853e-03  0.00000000e+00  0.00000000e+00  0.00000000e+00
  0.00000000e+00  0.00000000e+00  0.00000000e+00  0.00000000e+00
  0.00000000e+00  0.00000000e+00  0.00000000e+00  0.00000000e+00
  0.00000000e+00  0.00000000e+00  0.00000000e+00  0.00000000e+00
  0.00000000e+00  0.00000000e+00  0.00000000e+00  3.20691965e-02
  0.00000000e+00  0.00000000e+00  0.00000000e+00]",20,20,"(np.int32(0), np.int32(1), np.int32(0), np.int32(1), np.int32(1), np.int32(1), np.int32(1), np.int32(1), np.int32(0), np.int32(0))",2.1754440192050968e+24
145,10,2,2,3.325117958752344e-16,"[ 3.92353306e-02  2.73440614e-02 -7.40468937e-03  1.99838350e-02
  9.09515560e-03  2.27952612e-02 -2.74518147e-02  3.75167114e-03
  1.12645341e-02  5.07448674e-03  0.00000000e+00  0.00000000e+00
  0.00000000e+00 -1.13180329e-02  0.00000000e+00  0.00000000e+00
  9.73271636e-03  0.00000000e+00  0.00000000e+00  0.00000000e+00
  9.88107177e-03  8.78654173e-03  0.00000000e+00  8.58342839e-03
  0.00000000e+00 -9.17675640e-03 -2.43403388e-17  0.00000000e+00
  0.00000000e+00 -1.65674309e-02  0.00000000e+00  0.00000000e+00
 -1.94451853e-03  0.00000000e+00  0.00000000e+00  0.00000000e+00
  0.00000000e+00  0.00000000e+00  0.00000000e+00  0.00000000e+00
  0.00000000e+00  0.00000000e+00  0.00000000e+00  0.00000000e+00
  0.00000000e+00  0.00000000e+00  0.00000000e+00  0.00000000e+00
  0.00000000e+00  0.00000000e+00  0.00000000e+00  3.20691965e-02
  0.00000000e+00  0.00000000e+00  0.00000000e+00]",20,20,"(np.int32(0), np.int32(1), np.int32(0), np.int32(1), np.int32(1), np.int32(1), np.int32(1), np.int32(1), np.int32(0), np.int32(0))",2.1754440192050968e+24
165,10,2,2,2.5701663020072373e-16,"[ 3.92353306e-02  2.73440614e-02 -7.40468937e-03  1.99838350e-02
  9.09515560e-03  2.27952612e-02 -2.74518147e-02  3.75167114e-03
  1.12645341e-02  5.07448674e-03  0.00000000e+00  0.00000000e+00
  0.00000000e+00 -1.13180329e-02  0.00000000e+00  0.00000000e+00
  9.73271636e-03  0.00000000e+00  0.00000000e+00  0.00000000e+00
  9.88107177e-03  8.78654173e-03  0.00000000e+00  8.58342839e-03
  0.00000000e+00 -9.17675640e-03  2.77826807e-17  0.00000000e+00
  0.00000000e+00 -1.65674309e-02  0.00000000e+00  0.00000000e+00
 -1.94451853e-03  0.00000000e+00  0.00000000e+00  0.00000000e+00
  0.00000000e+00  0.00000000e+00  0.00000000e+00  0.00000000e+00
  0.00000000e+00  0.00000000e+00  0.00000000e+00  0.00000000e+00
  0.00000000e+00  0.00000000e+00  0.00000000e+00  0.00000000e+00
  0.00000000e+00  0.00000000e+00  0.00000000e+00  3.20691965e-02
  0.00000000e+00  0.00000000e+00  0.00000000e+00]",20,20,"(np.int32(0), np.int32(1), np.int32(0), np.int32(1), np.int32(1), np.int32(1), np.int32(1), np.int32(1), np.int32(0), np.int32(0))",2.1754440192050968e+24
185,10,2,2,2.4175106361212786e-16,"[ 0.03923533  0.02734406 -0.00740469  0.01998384  0.00909516  0.02279526
 -0.02745181  0.00375167  0.01126453  0.00507449  0.          0.
  0.         -0.01131803  0.          0.          0.00973272  0.
  0.          0.          0.00988107  0.00878654  0.          0.00858343
  0.         -0.00917676  0.          0.          0.         -0.01656743
  0.          0.         -0.00194452  0.          0.          0.
  0.          0.          0.          0.          0.          0.
  0.          0.          0.          0.          0.          0.
  0.          0.          0.          0.0320692   0.          0.
  0.        ]",19,19,"(np.int32(0), np.int32(1), np.int32(0), np.int32(1), np.int32(1), np.int32(1), np.int32(1), np.int32(1), np.int32(0), np.int32(0))",2.1754440192050968e+24
205,10,2,2,3.091971123581061e-16,"[ 0.03923533  0.02734406 -0.00740469  0.01998384  0.00909516  0.02279526
 -0.02745181  0.00375167  0.01126453  0.00507449  0.          0.
  0.         -0.01131803  0.          0.          0.00973272  0.
  0.          0.          0.00988107  0.00878654  0.          0.00858343
  0.         -0.00917676  0.          0.          0.         -0.01656743
  0.          0.         -0.00194452  0.          0.          0.
  0.          0.          0.          0.          0.          0.
  0.          0.          0.          0.          0.          0.
  0.          0.          0.          0.0320692   0.          0.
  0.        ]",19,19,"(np.int32(0), np.int32(1), np.int32(0), np.int32(1), np.int32(1), np.int32(1), np.int32(1), np.int32(1), np.int32(0), np.int32(0))",2.1754440192050968e+24
225,10,2,2,2.7478019859472625e-16,"[ 0.03923533  0.02734406 -0.00740469  0.01998384  0.00909516  0.02279526
 -0.02745181  0.00375167  0.01126453  0.00507449  0.          0.
  0.         -0.01131803  0.          0.          0.00973272  0.
  0.          0.          0.00988107  0.00878654  0.          0.00858343
  0.         -0.00917676  0.          0.          0.         -0.01656743
  0.          0.         -0.00194452  0.          0.          0.
  0.          0.          0.          0.          0.          0.
  0.          0.          0.          0.          0.          0.
  0.          0.          0.          0.0320692   0.          0.
  0.        ]",19,19,"(np.int32(0), np.int32(1), np.int32(0), np.int32(1), np.int32(1), np.int32(1), np.int32(1), np.int32(1), np.int32(0), np.int32(0))",2.1754440192050968e+24
245,10,2,2,4.3604009292153025e-16,"[ 0.03923533  0.02734406 -0.00740469  0.01998384  0.00909516  0.02279526
 -0.02745181  0.00375167  0.01126453  0.00507449  0.          0.
  0.         -0.01131803  0.          0.          0.00973272  0.
  0.          0.          0.00988107  0.00878654  0.          0.00858343
  0.         -0.00917676  0.          0.          0.         -0.01656743
  0.          0.         -0.00194452  0.          0.          0.
  0.          0.          0.          0.          0.          0.
  0.          0.          0.          0.          0.          0.
  0.          0.          0.          0.0320692   0.          0.
  0.        ]",19,19,"(np.int32(0), np.int32(1), np.int32(0), np.int32(1), np.int32(1), np.int32(1), np.int32(1), np.int32(1), np.int32(0), np.int32(0))",2.1754440192050968e+24
265,10,2,2,2.6395552410463096e-16,"[ 0.03923533  0.02734406 -0.00740469  0.01998384  0.00909516  0.02279526
 -0.02745181  0.00375167  0.01126453  0.00507449  0.          0.
  0.         -0.01131803  0.          0.          0.00973272  0.
  0.          0.          0.00988107  0.00878654  0.          0.00858343
  0.         -0.00917676  0.          0.          0.         -0.01656743
  0.          0.         -0.00194452  0.          0.          0.
  0.          0.          0.          0.          0.          0.
  0.          0.          0.          0.          0.          0.
  0.          0.          0.          0.0320692   0.          0.
  0.        ]",19,19,"(np.int32(0), np.int32(1), np.int32(0), np.int32(1), np.int32(1), np.int32(1), np.int32(1), np.int32(1), np.int32(0), np.int32(0))",2.1754440192050968e+24
285,10,2,2,1.8485213360008857e-16,"[ 0.03923533  0.02734406 -0.00740469  0.01998384  0.00909516  0.02279526
 -0.02745181  0.00375167  0.01126453  0.00507449  0.          0.
  0.         -0.01131803  0.          0.          0.00973272  0.
  0.          0.          0.00988107  0.00878654  0.          0.00858343
  0.         -0.00917676  0.          0.          0.         -0.01656743
  0.          0.         -0.00194452  0.          0.          0.
  0.          0.          0.          0.          0.          0.
  0.          0.          0.          0.          0.          0.
  0.          0.          0.          0.0320692   0.          0.
  0.        ]",19,19,"(np.int32(0), np.int32(1), np.int32(0), np.int32(1), np.int32(1), np.int32(1), np.int32(1), np.int32(1), np.int32(0), np.int32(0))",2.1754440192050968e+24
305,10,2,2,3.1391556021276303e-16,"[ 0.03923533  0.02734406 -0.00740469  0.01998384  0.00909516  0.02279526
 -0.02745181  0.00375167  0.01126453  0.00507449  0.          0.
  0.         -0.01131803  0.          0.          0.00973272  0.
  0.          0.          0.00988107  0.00878654  0.          0.00858343
  0.         -0.00917676  0.          0.          0.         -0.01656743
  0.          0.         -0.00194452  0.          0.          0.
  0.          0.          0.          0.          0.          0.
  0.          0.          0.          0.          0.          0.
  0.          0.          0.          0.0320692   0.          0.
  0.        ]",19,19,"(np.int32(0), np.int32(1), np.int32(0), np.int32(1), np.int32(1), np.int32(1), np.int32(1), np.int32(1), np.int32(0), np.int32(0))",2.1754440192050968e+24
325,10,2,2,2.3980817331903383e-16,"[ 0.03923533  0.02734406 -0.00740469  0.01998384  0.00909516  0.02279526
 -0.02745181  0.00375167  0.01126453  0.00507449  0.          0.
  0.         -0.01131803  0.          0.          0.00973272  0.
  0.          0.          0.00988107  0.00878654  0.          0.00858343
  0.         -0.00917676  0.          0.          0.         -0.01656743
  0.          0.         -0.00194452  0.          0.          0.
  0.          0.          0.          0.          0.          0.
  0.          0.          0.          0.          0.          0.
  0.          0.          0.          0.0320692   0.          0.
  0.        ]",19,19,"(np.int32(0), np.int32(1), np.int32(0), np.int32(1), np.int32(1), np.int32(1), np.int32(1), np.int32(1), np.int32(0), np.int32(0))",2.1754440192050968e+24
345,10,2,2,3.594347042223944e-16,"[ 0.03923533  0.02734406 -0.00740469  0.01998384  0.00909516  0.02279526
 -0.02745181  0.00375167  0.01126453  0.00507449  0.          0.
  0.         -0.01131803  0.          0.          0.00973272  0.
  0.          0.          0.00988107  0.00878654  0.          0.00858343
  0.         -0.00917676  0.          0.          0.         -0.01656743
  0.          0.         -0.00194452  0.          0.          0.
  0.          0.          0.          0.          0.          0.
  0.          0.          0.          0.          0.          0.
  0.          0.          0.          0.0320692   0.          0.
  0.        ]",19,19,"(np.int32(0), np.int32(1), np.int32(0), np.int32(1), np.int32(1), np.int32(1), np.int32(1), np.int32(1), np.int32(0), np.int32(0))",2.1754440192050968e+24
365,10,2,2,2.3397950243975173e-16,"[ 0.03923533  0.02734406 -0.00740469  0.01998384  0.00909516  0.02279526
 -0.02745181  0.00375167  0.01126453  0.00507449  0.          0.
  0.         -0.01131803  0.          0.          0.00973272  0.
  0.          0.          0.00988107  0.00878654  0.          0.00858343
  0.         -0.00917676  0.          0.          0.         -0.01656743
  0.          0.         -0.00194452  0.          0.          0.
  0.          0.          0.          0.          0.          0.
  0.          0.          0.          0.          0.          0.
  0.          0.          0.          0.0320692   0.          0.
  0.        ]",19,19,"(np.int32(0), np.int32(1), np.int32(0), np.int32(1), np.int32(1), np.int32(1), np.int32(1), np.int32(1), np.int32(0), np.int32(0))",2.1754440192050968e+24
385,10,2,2,3.6637359812630164e-16,"[ 0.03923533  0.02734406 -0.00740469  0.01998384  0.00909516  0.02279526
 -0.02745181  0.00375167  0.01126453  0.00507449  0.          0.
  0.         -0.01131803  0.          0.          0.00973272  0.
  0.          0.          0.00988107  0.00878654  0.          0.00858343
  0.         -0.00917676  0.          0.          0.         -0.01656743
  0.          0.         -0.00194452  0.          0.          0.
  0.          0.          0.          0.          0.          0.
  0.          0.          0.          0.          0.          0.
  0.          0.          0.          0.0320692   0.          0.
  0.        ]",19,19,"(np.int32(0), np.int32(1), np.int32(0), np.int32(1), np.int32(1), np.int32(1), np.int32(1), np.int32(1), np.int32(0), np.int32(0))",2.1754440192050968e+24
405,10,2,2,3.6859404417555195e-16,"[ 0.03923533  0.02734406 -0.00740469  0.01998384  0.00909516  0.02279526
 -0.02745181  0.00375167  0.01126453  0.00507449  0.          0.
  0.         -0.01131803  0.          0.          0.00973272  0.
  0.          0.          0.00988107  0.00878654  0.          0.00858343
  0.         -0.00917676  0.          0.          0.         -0.01656743
  0.          0.         -0.00194452  0.          0.          0.
  0.          0.          0.          0.          0.          0.
  0.          0.          0.          0.          0.          0.
  0.          0.          0.          0.0320692   0.          0.
  0.        ]",19,19,"(np.int32(0), np.int32(1), np.int32(0), np.int32(1), np.int32(1), np.int32(1), np.int32(1), np.int32(1), np.int32(0), np.int32(0))",2.1754440192050968e+24
5,10,2,3,0.09717339977077132,"[ 0.          0.          0.00678629  0.          0.          0.02728206
  0.          0.          0.          0.          0.          0.
  0.03823795  0.          0.          0.          0.          0.
  0.          0.          0.          0.          0.          0.
  0.         -0.00493537  0.          0.          0.          0.
  0.          0.          0.          0.          0.          0.
  0.          0.          0.          0.          0.          0.
  0.          0.          0.          0.          0.          0.
  0.          0.          0.          0.          0.          0.
  0.        ]",4,4,"(np.int32(0), np.int32(1), np.int32(0), np.int32(1), np.int32(1), np.int32(1), np.int32(1), np.int32(1), np.int32(0), np.int32(0))",2.1754440192050968e+24
25,10,2,3,1.8865381716991635e+22,"[-5.14690419e+21  4.05381985e+21 -1.56826351e+21 -2.02487411e+21
  7.30117863e+20  1.07251188e+16 -4.60494048e+21 -1.03109275e+22
 -4.23482896e+18  4.32283047e+21  5.21381361e+19  1.66269098e+16
 -1.28568985e+18  1.22108566e+21 -2.20673252e+20  2.08160853e+19
  3.86142113e+21  4.77267829e+21  4.78199335e+17 -3.84396156e+21
 -4.51846468e+21  1.85832281e+21 -6.18556029e+20  8.18375745e+16
 -2.00712629e+21 -2.35066250e+21 -6.65129805e+21 -1.45311904e+19
  3.86950261e+21  7.13620565e+21 -3.47142533e+21  7.83781412e+18
  1.79284232e+21 -3.60269019e+16 -1.18399800e+16  1.12576492e+17
  3.18200121e+17 -1.33945429e+21  2.80827713e+14  6.66270814e+18
 -5.52177464e+21  3.08959615e+21  9.06634788e+19  6.90097683e+15
 -8.21307949e+20  8.03343211e+21  6.66964923e+21 -6.34184263e+21
 -2.49994281e+21  4.22119507e+20 -7.72327299e+17  3.14780643e+21
  3.04759355e+21  1.49089391e+18 -2.49324407e+21]",55,71,"(np.int32(0), np.int32(1), np.int32(0), np.int32(1), np.int32(1), np.int32(1), np.int32(1), np.int32(1), np.int32(0), np.int32(0))",2.1754440192050968e+24
45,10,2,3,3.2370014559579757e+17,"[-8.36343779e+16 -2.95638723e+15 -2.15131799e+15 -1.75478631e+16
 -4.17629543e+15 -3.83330550e+16 -1.99536390e+16 -7.77239882e+16
 -2.50688299e+16 -1.40492315e+17 -2.20599663e+16  3.77244405e+16
 -9.40330770e+14 -6.40064396e+15  5.04849171e+15  7.18752796e+15
  1.19632952e+17 -4.11821480e+14  8.85954531e+16  1.23716275e+13
  2.58137695e+16  2.28098794e+16  8.77125192e+16 -7.61259564e+16
  3.13327124e+16 -4.02984333e+15 -1.56325975e+14  8.14445393e+15
 -1.37524425e+16 -2.84999038e+16  1.04281884e+16 -1.79486421e+15
 -2.52516298e+16 -3.53625557e+16  1.24091213e+17  3.39846485e+13
  2.33355740e+13 -7.13758186e+16 -1.60939614e+14 -2.32142713e+15
 -1.63344579e+15 -4.83560194e+14  1.64092354e+16 -1.04121167e+17
 -7.56976894e+13 -4.56382192e+16 -4.74087583e+15  3.91069464e+13
 -3.00123104e+16  1.08884130e+16  5.97183076e+16 -2.08940347e+15
  1.05926699e+17  5.42182894e+16  3.02881811e+15]",55,70,"(np.int32(0), np.int32(1), np.int32(0), np.int32(1), np.int32(1), np.int32(1), np.int32(1), np.int32(1), np.int32(0), np.int32(0))",2.1754440192050968e+24
65,10,2,3,2.0899670882812416e-14,"[ 3.92353306e-02  2.73440614e-02 -7.40468937e-03  1.99838350e-02
  9.09515560e-03  2.27952612e-02 -2.74518147e-02  3.75167114e-03
  1.12645341e-02  5.07448674e-03  0.00000000e+00  0.00000000e+00
  0.00000000e+00 -1.13180329e-02  0.00000000e+00  0.00000000e+00
  9.73271636e-03  0.00000000e+00  0.00000000e+00  0.00000000e+00
  9.88107177e-03  8.78654173e-03  4.75574441e-15  8.58342839e-03
  3.91700561e-15 -9.17675640e-03  1.39645240e-16  0.00000000e+00
  0.00000000e+00 -1.65674309e-02  0.00000000e+00  0.00000000e+00
 -1.94451853e-03  0.00000000e+00  0.00000000e+00  0.00000000e+00
  0.00000000e+00  0.00000000e+00  0.00000000e+00  0.00000000e+00
  0.00000000e+00  0.00000000e+00  0.00000000e+00  0.00000000e+00
  0.00000000e+00  0.00000000e+00  0.00000000e+00  0.00000000e+00
  0.00000000e+00  0.00000000e+00  0.00000000e+00  3.20691965e-02
  1.34332649e-15  0.00000000e+00  0.00000000e+00]",23,23,"(np.int32(0), np.int32(1), np.int32(0), np.int32(1), np.int32(1), np.int32(1), np.int32(1), np.int32(1), np.int32(0), np.int32(0))",2.1754440192050968e+24
85,10,2,3,2.4119595209981524e-16,"[ 3.92353306e-02  2.73440614e-02 -7.40468937e-03  1.99838350e-02
  9.09515560e-03  2.27952612e-02 -2.74518147e-02  3.75167114e-03
  1.12645341e-02  5.07448674e-03  0.00000000e+00  0.00000000e+00
  0.00000000e+00 -1.13180329e-02  0.00000000e+00  0.00000000e+00
  9.73271636e-03  0.00000000e+00  0.00000000e+00  0.00000000e+00
  9.88107177e-03  8.78654173e-03  0.00000000e+00  8.58342839e-03
  0.00000000e+00 -9.17675640e-03  0.00000000e+00  0.00000000e+00
  0.00000000e+00 -1.65674309e-02  0.00000000e+00  0.00000000e+00
 -1.94451853e-03  0.00000000e+00  0.00000000e+00  0.00000000e+00
  2.56955915e-17  0.00000000e+00  0.00000000e+00  0.00000000e+00
  0.00000000e+00  0.00000000e+00  0.00000000e+00  0.00000000e+00
  0.00000000e+00  0.00000000e+00  0.00000000e+00  0.00000000e+00
  0.00000000e+00  0.00000000e+00  0.00000000e+00  3.20691965e-02
  0.00000000e+00  0.00000000e+00  0.00000000e+00]",20,20,"(np.int32(0), np.int32(1), np.int32(0), np.int32(1), np.int32(1), np.int32(1), np.int32(1), np.int32(1), np.int32(0), np.int32(0))",2.1754440192050968e+24
105,10,2,3,2.319033853837027e-14,"[ 0.03923533  0.02734406 -0.00740469  0.01998384  0.00909516  0.02279526
 -0.02745181  0.00375167  0.01126453  0.00507449  0.          0.
  0.         -0.01131803  0.          0.          0.00973272  0.
  0.          0.          0.00988107  0.00878654  0.          0.00858343
  0.         -0.00917676  0.          0.          0.         -0.01656743
  0.          0.         -0.00194452  0.          0.          0.
  0.          0.          0.          0.          0.          0.
  0.          0.          0.          0.          0.          0.
  0.          0.          0.          0.0320692   0.          0.
  0.        ]",19,19,"(np.int32(0), np.int32(1), np.int32(0), np.int32(1), np.int32(1), np.int32(1), np.int32(1), np.int32(1), np.int32(0), np.int32(0))",2.1754440192050968e+24
125,10,2,3,9.989231664064847e-16,"[ 0.03923533  0.02734406 -0.00740469  0.01998384  0.00909516  0.02279526
 -0.02745181  0.00375167  0.01126453  0.00507449  0.          0.
  0.         -0.01131803  0.          0.          0.00973272  0.
  0.          0.          0.00988107  0.00878654  0.          0.00858343
  0.         -0.00917676  0.          0.          0.         -0.01656743
  0.          0.         -0.00194452  0.          0.          0.
  0.          0.          0.          0.          0.          0.
  0.          0.          0.          0.          0.          0.
  0.          0.          0.          0.0320692   0.          0.
  0.        ]",19,19,"(np.int32(0), np.int32(1), np.int32(0), np.int32(1), np.int32(1), np.int32(1), np.int32(1), np.int32(1), np.int32(0), np.int32(0))",2.1754440192050968e+24
145,10,2,3,4.055089597443384e-16,"[ 0.03923533  0.02734406 -0.00740469  0.01998384  0.00909516  0.02279526
 -0.02745181  0.00375167  0.01126453  0.00507449  0.          0.
  0.         -0.01131803  0.          0.          0.00973272  0.
  0.          0.          0.00988107  0.00878654  0.          0.00858343
  0.         -0.00917676  0.          0.          0.         -0.01656743
  0.          0.         -0.00194452  0.          0.          0.
  0.          0.          0.          0.          0.          0.
  0.          0.          0.          0.          0.          0.
  0.          0.          0.          0.0320692   0.          0.
  0.        ]",19,19,"(np.int32(0), np.int32(1), np.int32(0), np.int32(1), np.int32(1), np.int32(1), np.int32(1), np.int32(1), np.int32(0), np.int32(0))",2.1754440192050968e+24
165,10,2,3,3.0808688933348093e-16,"[ 0.03923533  0.02734406 -0.00740469  0.01998384  0.00909516  0.02279526
 -0.02745181  0.00375167  0.01126453  0.00507449  0.          0.
  0.         -0.01131803  0.          0.          0.00973272  0.
  0.          0.          0.00988107  0.00878654  0.          0.00858343
  0.         -0.00917676  0.          0.          0.         -0.01656743
  0.          0.         -0.00194452  0.          0.          0.
  0.          0.          0.          0.          0.          0.
  0.          0.          0.          0.          0.          0.
  0.          0.          0.          0.0320692   0.          0.
  0.        ]",19,19,"(np.int32(0), np.int32(1), np.int32(0), np.int32(1), np.int32(1), np.int32(1), np.int32(1), np.int32(1), np.int32(0), np.int32(0))",2.1754440192050968e+24
185,10,2,3,2.3120394487818885e-16,"[ 0.03923533  0.02734406 -0.00740469  0.01998384  0.00909516  0.02279526
 -0.02745181  0.00375167  0.01126453  0.00507449  0.          0.
  0.         -0.01131803  0.          0.          0.00973272  0.
  0.          0.          0.00988107  0.00878654  0.          0.00858343
  0.         -0.00917676  0.          0.          0.         -0.01656743
  0.          0.         -0.00194452  0.          0.          0.
  0.          0.          0.          0.          0.          0.
  0.          0.          0.          0.          0.          0.
  0.          0.          0.          0.0320692   0.          0.
  0.        ]",19,19,"(np.int32(0), np.int32(1), np.int32(0), np.int32(1), np.int32(1), np.int32(1), np.int32(1), np.int32(1), np.int32(0), np.int32(0))",2.1754440192050968e+24
205,10,2,3,1.7985612998927537e-16,"[ 0.03923533  0.02734406 -0.00740469  0.01998384  0.00909516  0.02279526
 -0.02745181  0.00375167  0.01126453  0.00507449  0.          0.
  0.         -0.01131803  0.          0.          0.00973272  0.
  0.          0.          0.00988107  0.00878654  0.          0.00858343
  0.         -0.00917676  0.          0.          0.         -0.01656743
  0.          0.         -0.00194452  0.          0.          0.
  0.          0.          0.          0.          0.          0.
  0.          0.          0.          0.          0.          0.
  0.          0.          0.          0.0320692   0.          0.
  0.        ]",19,19,"(np.int32(0), np.int32(1), np.int32(0), np.int32(1), np.int32(1), np.int32(1), np.int32(1), np.int32(1), np.int32(0), np.int32(0))",2.1754440192050968e+24
225,10,2,3,2.4896751327219137e-16,"[ 0.03923533  0.02734406 -0.00740469  0.01998384  0.00909516  0.02279526
 -0.02745181  0.00375167  0.01126453  0.00507449  0.          0.
  0.         -0.01131803  0.          0.          0.00973272  0.
  0.          0.          0.00988107  0.00878654  0.          0.00858343
  0.         -0.00917676  0.          0.          0.         -0.01656743
  0.          0.         -0.00194452  0.          0.          0.
  0.          0.          0.          0.          0.          0.
  0.          0.          0.          0.          0.          0.
  0.          0.          0.          0.0320692   0.          0.
  0.        ]",19,19,"(np.int32(0), np.int32(1), np.int32(0), np.int32(1), np.int32(1), np.int32(1), np.int32(1), np.int32(1), np.int32(0), np.int32(0))",2.1754440192050968e+24
245,10,2,3,4.2327252813834093e-16,"[ 0.03923533  0.02734406 -0.00740469  0.01998384  0.00909516  0.02279526
 -0.02745181  0.00375167  0.01126453  0.00507449  0.          0.
  0.         -0.01131803  0.          0.          0.00973272  0.
  0.          0.          0.00988107  0.00878654  0.          0.00858343
  0.         -0.00917676  0.          0.          0.         -0.01656743
  0.          0.         -0.00194452  0.          0.          0.
  0.          0.          0.          0.          0.          0.
  0.          0.          0.          0.          0.          0.
  0.          0.          0.          0.0320692   0.          0.
  0.        ]",19,19,"(np.int32(0), np.int32(1), np.int32(0), np.int32(1), np.int32(1), np.int32(1), np.int32(1), np.int32(1), np.int32(0), np.int32(0))",2.1754440192050968e+24
265,10,2,3,2.42861286636753e-16,"[ 0.03923533  0.02734406 -0.00740469  0.01998384  0.00909516  0.02279526
 -0.02745181  0.00375167  0.01126453  0.00507449  0.          0.
  0.         -0.01131803  0.          0.          0.00973272  0.
  0.          0.          0.00988107  0.00878654  0.          0.00858343
  0.         -0.00917676  0.          0.          0.         -0.01656743
  0.          0.         -0.00194452  0.          0.          0.
  0.          0.          0.          0.          0.          0.
  0.          0.          0.          0.          0.          0.
  0.          0.          0.          0.0320692   0.          0.
  0.        ]",19,19,"(np.int32(0), np.int32(1), np.int32(0), np.int32(1), np.int32(1), np.int32(1), np.int32(1), np.int32(1), np.int32(0), np.int32(0))",2.1754440192050968e+24
285,10,2,3,2.767230888878203e-16,"[ 0.03923533  0.02734406 -0.00740469  0.01998384  0.00909516  0.02279526
 -0.02745181  0.00375167  0.01126453  0.00507449  0.          0.
  0.         -0.01131803  0.          0.          0.00973272  0.
  0.          0.          0.00988107  0.00878654  0.          0.00858343
  0.         -0.00917676  0.          0.          0.         -0.01656743
  0.          0.         -0.00194452  0.          0.          0.
  0.          0.          0.          0.          0.          0.
  0.          0.          0.          0.          0.          0.
  0.          0.          0.          0.0320692   0.          0.
  0.        ]",19,19,"(np.int32(0), np.int32(1), np.int32(0), np.int32(1), np.int32(1), np.int32(1), np.int32(1), np.int32(1), np.int32(0), np.int32(0))",2.1754440192050968e+24
305,10,2,3,3.2002178684820136e-16,"[ 0.03923533  0.02734406 -0.00740469  0.01998384  0.00909516  0.02279526
 -0.02745181  0.00375167  0.01126453  0.00507449  0.          0.
  0.         -0.01131803  0.          0.          0.00973272  0.
  0.          0.          0.00988107  0.00878654  0.          0.00858343
  0.         -0.00917676  0.          0.          0.         -0.01656743
  0.          0.         -0.00194452  0.          0.          0.
  0.          0.          0.          0.          0.          0.
  0.          0.          0.          0.          0.          0.
  0.          0.          0.          0.0320692   0.          0.
  0.        ]",19,19,"(np.int32(0), np.int32(1), np.int32(0), np.int32(1), np.int32(1), np.int32(1), np.int32(1), np.int32(1), np.int32(0), np.int32(0))",2.1754440192050968e+24
325,10,2,3,3.0808688933348093e-16,"[ 0.03923533  0.02734406 -0.00740469  0.01998384  0.00909516  0.02279526
 -0.02745181  0.00375167  0.01126453  0.00507449  0.          0.
  0.         -0.01131803  0.          0.          0.00973272  0.
  0.          0.          0.00988107  0.00878654  0.          0.00858343
  0.         -0.00917676  0.          0.          0.         -0.01656743
  0.          0.         -0.00194452  0.          0.          0.
  0.          0.          0.          0.          0.          0.
  0.          0.          0.          0.          0.          0.
  0.          0.          0.          0.0320692   0.          0.
  0.        ]",19,19,"(np.int32(0), np.int32(1), np.int32(0), np.int32(1), np.int32(1), np.int32(1), np.int32(1), np.int32(1), np.int32(0), np.int32(0))",2.1754440192050968e+24
345,10,2,3,3.6470826358936394e-16,"[ 0.03923533  0.02734406 -0.00740469  0.01998384  0.00909516  0.02279526
 -0.02745181  0.00375167  0.01126453  0.00507449  0.          0.
  0.         -0.01131803  0.          0.          0.00973272  0.
  0.          0.          0.00988107  0.00878654  0.          0.00858343
  0.         -0.00917676  0.          0.          0.         -0.01656743
  0.          0.         -0.00194452  0.          0.          0.
  0.          0.          0.          0.          0.          0.
  0.          0.          0.          0.          0.          0.
  0.          0.          0.          0.0320692   0.          0.
  0.        ]",19,19,"(np.int32(0), np.int32(1), np.int32(0), np.int32(1), np.int32(1), np.int32(1), np.int32(1), np.int32(1), np.int32(0), np.int32(0))",2.1754440192050968e+24
365,10,2,3,1.7680301667155618e-16,"[ 0.03923533  0.02734406 -0.00740469  0.01998384  0.00909516  0.02279526
 -0.02745181  0.00375167  0.01126453  0.00507449  0.          0.
  0.         -0.01131803  0.          0.          0.00973272  0.
  0.          0.          0.00988107  0.00878654  0.          0.00858343
  0.         -0.00917676  0.          0.          0.         -0.01656743
  0.          0.         -0.00194452  0.          0.          0.
  0.          0.          0.          0.          0.          0.
  0.          0.          0.          0.          0.          0.
  0.          0.          0.          0.0320692   0.          0.
  0.        ]",19,19,"(np.int32(0), np.int32(1), np.int32(0), np.int32(1), np.int32(1), np.int32(1), np.int32(1), np.int32(1), np.int32(0), np.int32(0))",2.1754440192050968e+24
385,10,2,3,3.577693696854567e-16,"[ 0.03923533  0.02734406 -0.00740469  0.01998384  0.00909516  0.02279526
 -0.02745181  0.00375167  0.01126453  0.00507449  0.          0.
  0.         -0.01131803  0.          0.          0.00973272  0.
  0.          0.          0.00988107  0.00878654  0.          0.00858343
  0.         -0.00917676  0.          0.          0.         -0.01656743
  0.          0.         -0.00194452  0.          0.          0.
  0.          0.          0.          0.          0.          0.
  0.          0.          0.          0.          0.          0.
  0.          0.          0.          0.0320692   0.          0.
  0.        ]",19,19,"(np.int32(0), np.int32(1), np.int32(0), np.int32(1), np.int32(1), np.int32(1), np.int32(1), np.int32(1), np.int32(0), np.int32(0))",2.1754440192050968e+24
405,10,2,3,3.8413716652030416e-16,"[ 0.03923533  0.02734406 -0.00740469  0.01998384  0.00909516  0.02279526
 -0.02745181  0.00375167  0.01126453  0.00507449  0.          0.
  0.         -0.01131803  0.          0.          0.00973272  0.
  0.          0.          0.00988107  0.00878654  0.          0.00858343
  0.         -0.00917676  0.          0.          0.         -0.01656743
  0.          0.         -0.00194452  0.          0.          0.
  0.          0.          0.          0.          0.          0.
  0.          0.          0.          0.          0.          0.
  0.          0.          0.          0.0320692   0.          0.
  0.        ]",19,19,"(np.int32(0), np.int32(1), np.int32(0), np.int32(1), np.int32(1), np.int32(1), np.int32(1), np.int32(1), np.int32(0), np.int32(0))",2.1754440192050968e+24
5,10,2,4,0.06454397517011104,"[ 0.          0.00246876  0.          0.          0.          0.0133965
  0.          0.          0.0305854   0.          0.          0.
  0.          0.          0.         -0.01369926  0.          0.
  0.          0.          0.          0.          0.          0.
  0.          0.          0.          0.          0.          0.
  0.          0.          0.          0.          0.          0.
  0.          0.          0.          0.          0.          0.
  0.          0.          0.          0.          0.          0.
  0.          0.          0.          0.          0.          0.
  0.        ]",4,4,"(np.int32(0), np.int32(1), np.int32(0), np.int32(1), np.int32(1), np.int32(1), np.int32(1), np.int32(1), np.int32(0), np.int32(0))",2.1754440192050968e+24
25,10,2,4,2.052688675946812e+24,"[ 6.71903744e+23  1.43152818e+17 -7.35994087e+22 -6.63725547e+23
 -1.47737050e+21  7.84549586e+22 -4.86625557e+20  4.19811485e+17
  1.01087715e+23 -5.25850949e+22 -4.12617607e+23  1.68652310e+23
  3.05220039e+23  2.07398008e+20 -9.67352830e+22 -2.27815311e+23
  9.31678066e+15 -2.47982589e+18 -5.26724025e+23  1.13303119e+19
  3.25143502e+23 -3.67141493e+23 -1.35076374e+15  2.48161641e+21
 -6.65511970e+22  3.97619075e+23 -7.58523135e+18  3.49501450e+23
 -5.97410365e+23 -9.76418650e+19  2.54031898e+16 -3.66472686e+16
 -7.02908427e+23  8.55873423e+23 -3.95315682e+21 -2.14727127e+22
  6.97523387e+22 -4.68616466e+21 -1.60639152e+22  1.00957407e+24
  3.97599029e+17 -8.22519180e+18 -7.92320763e+23  3.20911334e+23
  4.54766064e+16  1.08854639e+20 -2.67684890e+21  1.05563983e+18
  1.86919883e+22 -5.74679365e+23  6.25344409e+22  7.93382442e+23
 -2.71179332e+20  7.16379123e+18 -7.78082357e+23]",55,68,"(np.int32(0), np.int32(1), np.int32(0), np.int32(0), np.int32(1), np.int32(1), np.int32(1), np.int32(0), np.int32(1), np.int32(0))",8.357807345685931e+24
45,10,2,4,6.30517979276387e+17,"[-9.98253578e+16 -4.67919637e+16 -4.88013886e+16  1.31488055e+17
 -1.98903924e+16 -1.00581167e+17 -2.97280855e+16 -7.92818456e+16
  1.40822210e+17 -5.57137974e+16  3.86239207e+14 -3.93879271e+13
 -1.26649846e+17 -1.59848931e+17  1.71076137e+17  4.94370988e+15
 -1.02469392e+17  2.64074556e+15 -1.03136041e+14 -3.28935255e+16
  3.32322771e+16  4.52452172e+13 -2.18333032e+16 -3.79543933e+16
  9.96510041e+16 -3.02986980e+17 -6.38541625e+16  1.02349080e+17
  1.49133418e+17 -1.84670750e+17  1.26691919e+17 -2.54130014e+17
  1.87063043e+17 -1.10489445e+17  9.78309976e+16 -7.77092873e+16
  6.27387689e+16 -1.50292360e+14  4.79656431e+16  6.73181188e+13
 -9.02138191e+14 -7.65652944e+16  1.36663693e+17 -1.51303291e+17
  1.58910188e+16 -6.54111400e+13 -4.15196331e+16  3.40842178e+14
 -1.09993453e+17  5.83059523e+16  6.54111400e+13 -8.17932793e+15
  9.36910541e+14 -1.41265904e+17  1.41369040e+17]",55,70,"(np.int32(0), np.int32(1), np.int32(0), np.int32(0), np.int32(1), np.int32(1), np.int32(1), np.int32(0), np.int32(1), np.int32(0))",8.357807345685931e+24
65,10,2,4,3.0552312634282845,"[ 0.7006607   0.5850833  -0.24402446  0.10561926  0.4430217  -0.35973182
 -0.42151543  0.3291018  -0.64114138 -0.41286423  0.08284584 -0.39098466
  0.48454249  0.8545405  -0.56300368  0.27222953 -0.34606998 -0.04852351
  0.12528085 -0.53786657  0.24923518 -0.76446802  0.31391034  0.43928018
 -0.18477999  0.61997351 -0.96915656 -1.28607464 -0.41773842 -0.5380791
  0.21247448  0.41757659  1.11494999  0.78787334 -0.73829825  0.11592815
 -0.25137391 -0.41251854  0.46419156 -1.06480862 -0.10920475  0.66445678
 -0.1512234   0.56166643 -0.46884453  0.20116329  0.2046802   0.08001047
  0.15434015  0.36132861 -0.14584891  0.70889245  0.47489261 -0.15220151
  0.43425767]",55,68,"(np.int32(0), np.int32(1), np.int32(0), np.int32(0), np.int32(1), np.int32(1), np.int32(1), np.int32(0), np.int32(1), np.int32(0))",8.357807345685931e+24
85,10,2,4,0.15690103443150785,"[ 0.05259622  0.0461115  -0.03669084  0.02713816  0.01272935 -0.00457258
 -0.0467281   0.01885823 -0.02592303  0.00027452  0.00759697  0.02617285
  0.05261247  0.04157425  0.01508635  0.0133976  -0.00838341 -0.02508171
 -0.01038591 -0.03973362  0.04148982 -0.01197366  0.0209804   0.01748445
 -0.0124964  -0.01466007 -0.04904372 -0.05170157 -0.02003967 -0.03623583
 -0.00574267  0.03793472 -0.00034316  0.0372716  -0.04275294  0.00579297
  0.00534626  0.01011241  0.00813315 -0.08045357  0.02001715  0.01507609
 -0.00100114  0.02280385 -0.02090347 -0.0039249   0.02180503  0.00082624
 -0.00738294 -0.00106908  0.00544238  0.06049224  0.01666396  0.00105186
  0.02820309]",55,63,"(np.int32(0), np.int32(1), np.int32(0), np.int32(0), np.int32(1), np.int32(1), np.int32(1), np.int32(0), np.int32(1), np.int32(0))",8.357807345685931e+24
105,10,2,4,7.771561172376096e-16,"[ 3.92353306e-02  2.73440614e-02 -7.40468937e-03  1.99838350e-02
  9.09515560e-03  2.27952612e-02 -2.74518147e-02  3.75167114e-03
  1.12645341e-02  5.07448674e-03  0.00000000e+00  0.00000000e+00
  0.00000000e+00 -1.13180329e-02  0.00000000e+00  0.00000000e+00
  9.73271636e-03  0.00000000e+00  0.00000000e+00 -4.75422653e-17
  9.88107177e-03  8.78654173e-03  0.00000000e+00  8.58342839e-03
  0.00000000e+00 -9.17675640e-03  0.00000000e+00  0.00000000e+00
  0.00000000e+00 -1.65674309e-02  0.00000000e+00  0.00000000e+00
 -1.94451853e-03 -8.02309608e-18  0.00000000e+00  0.00000000e+00
  0.00000000e+00  0.00000000e+00  0.00000000e+00  0.00000000e+00
  0.00000000e+00  0.00000000e+00  0.00000000e+00  0.00000000e+00
  0.00000000e+00  0.00000000e+00  0.00000000e+00  0.00000000e+00
  0.00000000e+00  0.00000000e+00  0.00000000e+00  3.20691965e-02
  0.00000000e+00  0.00000000e+00  0.00000000e+00]",21,21,"(np.int32(0), np.int32(1), np.int32(0), np.int32(0), np.int32(1), np.int32(1), np.int32(1), np.int32(0), np.int32(1), np.int32(0))",8.357807345685931e+24
125,10,2,4,2.9476421303797904e-16,"[ 3.92353306e-02  2.73440614e-02 -7.40468937e-03  1.99838350e-02
  9.09515560e-03  2.27952612e-02 -2.74518147e-02  3.75167114e-03
  1.12645341e-02  5.07448674e-03  0.00000000e+00  0.00000000e+00
  0.00000000e+00 -1.13180329e-02  0.00000000e+00  0.00000000e+00
  9.73271636e-03  0.00000000e+00  0.00000000e+00  0.00000000e+00
  9.88107177e-03  8.78654173e-03  0.00000000e+00  8.58342839e-03
  0.00000000e+00 -9.17675640e-03  0.00000000e+00  0.00000000e+00
  0.00000000e+00 -1.65674309e-02  0.00000000e+00  0.00000000e+00
 -1.94451853e-03 -7.26415456e-17  0.00000000e+00  0.00000000e+00
  0.00000000e+00  0.00000000e+00  0.00000000e+00  0.00000000e+00
  0.00000000e+00  0.00000000e+00  0.00000000e+00  0.00000000e+00
  0.00000000e+00  0.00000000e+00  0.00000000e+00  0.00000000e+00
  0.00000000e+00  0.00000000e+00  0.00000000e+00  3.20691965e-02
  0.00000000e+00  0.00000000e+00  0.00000000e+00]",20,20,"(np.int32(0), np.int32(1), np.int32(0), np.int32(0), np.int32(1), np.int32(1), np.int32(1), np.int32(0), np.int32(1), np.int32(0))",8.357807345685931e+24
145,10,2,4,1.8984813721090176e-16,"[ 3.92353306e-02  2.73440614e-02 -7.40468937e-03  1.99838350e-02
  9.09515560e-03  2.27952612e-02 -2.74518147e-02  3.75167114e-03
  1.12645341e-02  5.07448674e-03  0.00000000e+00  0.00000000e+00
  0.00000000e+00 -1.13180329e-02  0.00000000e+00  0.00000000e+00
  9.73271636e-03  0.00000000e+00  0.00000000e+00  0.00000000e+00
  9.88107177e-03  8.78654173e-03  0.00000000e+00  8.58342839e-03
  0.00000000e+00 -9.17675640e-03  0.00000000e+00  0.00000000e+00
  0.00000000e+00 -1.65674309e-02  0.00000000e+00  0.00000000e+00
 -1.94451853e-03 -1.38100252e-17  0.00000000e+00  0.00000000e+00
  0.00000000e+00  0.00000000e+00  0.00000000e+00  0.00000000e+00
  0.00000000e+00  0.00000000e+00  0.00000000e+00  0.00000000e+00
  0.00000000e+00  0.00000000e+00  0.00000000e+00  0.00000000e+00
  0.00000000e+00  0.00000000e+00  0.00000000e+00  3.20691965e-02
  0.00000000e+00  0.00000000e+00  0.00000000e+00]",20,20,"(np.int32(0), np.int32(1), np.int32(0), np.int32(0), np.int32(1), np.int32(1), np.int32(1), np.int32(0), np.int32(1), np.int32(0))",8.357807345685931e+24
165,10,2,4,3.7109204598095855e-16,"[ 0.03923533  0.02734406 -0.00740469  0.01998384  0.00909516  0.02279526
 -0.02745181  0.00375167  0.01126453  0.00507449  0.          0.
  0.         -0.01131803  0.          0.          0.00973272  0.
  0.          0.          0.00988107  0.00878654  0.          0.00858343
  0.         -0.00917676  0.          0.          0.         -0.01656743
  0.          0.         -0.00194452  0.          0.          0.
  0.          0.          0.          0.          0.          0.
  0.          0.          0.          0.          0.          0.
  0.          0.          0.          0.0320692   0.          0.
  0.        ]",19,19,"(np.int32(0), np.int32(1), np.int32(0), np.int32(0), np.int32(1), np.int32(1), np.int32(1), np.int32(0), np.int32(1), np.int32(0))",8.357807345685931e+24
185,10,2,4,1.8818280267396404e-16,"[ 0.03923533  0.02734406 -0.00740469  0.01998384  0.00909516  0.02279526
 -0.02745181  0.00375167  0.01126453  0.00507449  0.          0.
  0.         -0.01131803  0.          0.          0.00973272  0.
  0.          0.          0.00988107  0.00878654  0.          0.00858343
  0.         -0.00917676  0.          0.          0.         -0.01656743
  0.          0.         -0.00194452  0.          0.          0.
  0.          0.          0.          0.          0.          0.
  0.          0.          0.          0.          0.          0.
  0.          0.          0.          0.0320692   0.          0.
  0.        ]",19,19,"(np.int32(0), np.int32(1), np.int32(0), np.int32(0), np.int32(1), np.int32(1), np.int32(1), np.int32(0), np.int32(1), np.int32(0))",8.357807345685931e+24
205,10,2,4,2.7394753132625735e-16,"[ 0.03923533  0.02734406 -0.00740469  0.01998384  0.00909516  0.02279526
 -0.02745181  0.00375167  0.01126453  0.00507449  0.          0.
  0.         -0.01131803  0.          0.          0.00973272  0.
  0.          0.          0.00988107  0.00878654  0.          0.00858343
  0.         -0.00917676  0.          0.          0.         -0.01656743
  0.          0.         -0.00194452  0.          0.          0.
  0.          0.          0.          0.          0.          0.
  0.          0.          0.          0.          0.          0.
  0.          0.          0.          0.0320692   0.          0.
  0.        ]",19,19,"(np.int32(0), np.int32(1), np.int32(0), np.int32(0), np.int32(1), np.int32(1), np.int32(1), np.int32(0), np.int32(1), np.int32(0))",8.357807345685931e+24
225,10,2,4,3.624878175401136e-16,"[ 0.03923533  0.02734406 -0.00740469  0.01998384  0.00909516  0.02279526
 -0.02745181  0.00375167  0.01126453  0.00507449  0.          0.
  0.         -0.01131803  0.          0.          0.00973272  0.
  0.          0.          0.00988107  0.00878654  0.          0.00858343
  0.         -0.00917676  0.          0.          0.         -0.01656743
  0.          0.         -0.00194452  0.          0.          0.
  0.          0.          0.          0.          0.          0.
  0.          0.          0.          0.          0.          0.
  0.          0.          0.          0.0320692   0.          0.
  0.        ]",19,19,"(np.int32(0), np.int32(1), np.int32(0), np.int32(0), np.int32(1), np.int32(1), np.int32(1), np.int32(0), np.int32(1), np.int32(0))",8.357807345685931e+24
245,10,2,4,5.045963646921336e-16,"[ 0.03923533  0.02734406 -0.00740469  0.01998384  0.00909516  0.02279526
 -0.02745181  0.00375167  0.01126453  0.00507449  0.          0.
  0.         -0.01131803  0.          0.          0.00973272  0.
  0.          0.          0.00988107  0.00878654  0.          0.00858343
  0.         -0.00917676  0.          0.          0.         -0.01656743
  0.          0.         -0.00194452  0.          0.          0.
  0.          0.          0.          0.          0.          0.
  0.          0.          0.          0.          0.          0.
  0.          0.          0.          0.0320692   0.          0.
  0.        ]",19,19,"(np.int32(0), np.int32(1), np.int32(0), np.int32(0), np.int32(1), np.int32(1), np.int32(1), np.int32(0), np.int32(1), np.int32(0))",8.357807345685931e+24
265,10,2,4,4.973799150320702e-16,"[ 0.03923533  0.02734406 -0.00740469  0.01998384  0.00909516  0.02279526
 -0.02745181  0.00375167  0.01126453  0.00507449  0.          0.
  0.         -0.01131803  0.          0.          0.00973272  0.
  0.          0.          0.00988107  0.00878654  0.          0.00858343
  0.         -0.00917676  0.          0.          0.         -0.01656743
  0.          0.         -0.00194452  0.          0.          0.
  0.          0.          0.          0.          0.          0.
  0.          0.          0.          0.          0.          0.
  0.          0.          0.          0.0320692   0.          0.
  0.        ]",19,19,"(np.int32(0), np.int32(1), np.int32(0), np.int32(0), np.int32(1), np.int32(1), np.int32(1), np.int32(0), np.int32(1), np.int32(0))",8.357807345685931e+24
285,10,2,4,3.6831648841939567e-16,"[ 0.03923533  0.02734406 -0.00740469  0.01998384  0.00909516  0.02279526
 -0.02745181  0.00375167  0.01126453  0.00507449  0.          0.
  0.         -0.01131803  0.          0.          0.00973272  0.
  0.          0.          0.00988107  0.00878654  0.          0.00858343
  0.         -0.00917676  0.          0.          0.         -0.01656743
  0.          0.         -0.00194452  0.          0.          0.
  0.          0.          0.          0.          0.          0.
  0.          0.          0.          0.          0.          0.
  0.          0.          0.          0.0320692   0.          0.
  0.        ]",19,19,"(np.int32(0), np.int32(1), np.int32(0), np.int32(0), np.int32(1), np.int32(1), np.int32(1), np.int32(0), np.int32(1), np.int32(0))",8.357807345685931e+24
305,10,2,4,3.394506897791416e-16,"[ 0.03923533  0.02734406 -0.00740469  0.01998384  0.00909516  0.02279526
 -0.02745181  0.00375167  0.01126453  0.00507449  0.          0.
  0.         -0.01131803  0.          0.          0.00973272  0.
  0.          0.          0.00988107  0.00878654  0.          0.00858343
  0.         -0.00917676  0.          0.          0.         -0.01656743
  0.          0.         -0.00194452  0.          0.          0.
  0.          0.          0.          0.          0.          0.
  0.          0.          0.          0.          0.          0.
  0.          0.          0.          0.0320692   0.          0.
  0.        ]",19,19,"(np.int32(0), np.int32(1), np.int32(0), np.int32(0), np.int32(1), np.int32(1), np.int32(1), np.int32(0), np.int32(1), np.int32(0))",8.357807345685931e+24
325,10,2,4,2.681188604469753e-16,"[ 0.03923533  0.02734406 -0.00740469  0.01998384  0.00909516  0.02279526
 -0.02745181  0.00375167  0.01126453  0.00507449  0.          0.
  0.         -0.01131803  0.          0.          0.00973272  0.
  0.          0.          0.00988107  0.00878654  0.          0.00858343
  0.         -0.00917676  0.          0.          0.         -0.01656743
  0.          0.         -0.00194452  0.          0.          0.
  0.          0.          0.          0.          0.          0.
  0.          0.          0.          0.          0.          0.
  0.          0.          0.          0.0320692   0.          0.
  0.        ]",19,19,"(np.int32(0), np.int32(1), np.int32(0), np.int32(0), np.int32(1), np.int32(1), np.int32(1), np.int32(0), np.int32(1), np.int32(0))",8.357807345685931e+24
345,10,2,4,2.3370194668359545e-16,"[ 0.03923533  0.02734406 -0.00740469  0.01998384  0.00909516  0.02279526
 -0.02745181  0.00375167  0.01126453  0.00507449  0.          0.
  0.         -0.01131803  0.          0.          0.00973272  0.
  0.          0.          0.00988107  0.00878654  0.          0.00858343
  0.         -0.00917676  0.          0.          0.         -0.01656743
  0.          0.         -0.00194452  0.          0.          0.
  0.          0.          0.          0.          0.          0.
  0.          0.          0.          0.          0.          0.
  0.          0.          0.          0.0320692   0.          0.
  0.        ]",19,19,"(np.int32(0), np.int32(1), np.int32(0), np.int32(0), np.int32(1), np.int32(1), np.int32(1), np.int32(0), np.int32(1), np.int32(0))",8.357807345685931e+24
365,10,2,4,2.547961841514734e-16,"[ 0.03923533  0.02734406 -0.00740469  0.01998384  0.00909516  0.02279526
 -0.02745181  0.00375167  0.01126453  0.00507449  0.          0.
  0.         -0.01131803  0.          0.          0.00973272  0.
  0.          0.          0.00988107  0.00878654  0.          0.00858343
  0.         -0.00917676  0.          0.          0.         -0.01656743
  0.          0.         -0.00194452  0.          0.          0.
  0.          0.          0.          0.          0.          0.
  0.          0.          0.          0.          0.          0.
  0.          0.          0.          0.0320692   0.          0.
  0.        ]",19,19,"(np.int32(0), np.int32(1), np.int32(0), np.int32(0), np.int32(1), np.int32(1), np.int32(1), np.int32(0), np.int32(1), np.int32(0))",8.357807345685931e+24
385,10,2,4,3.372302437298913e-16,"[ 0.03923533  0.02734406 -0.00740469  0.01998384  0.00909516  0.02279526
 -0.02745181  0.00375167  0.01126453  0.00507449  0.          0.
  0.         -0.01131803  0.          0.          0.00973272  0.
  0.          0.          0.00988107  0.00878654  0.          0.00858343
  0.         -0.00917676  0.          0.          0.         -0.01656743
  0.          0.         -0.00194452  0.          0.          0.
  0.          0.          0.          0.          0.          0.
  0.          0.          0.          0.          0.          0.
  0.          0.          0.          0.0320692   0.          0.
  0.        ]",19,19,"(np.int32(0), np.int32(1), np.int32(0), np.int32(0), np.int32(1), np.int32(1), np.int32(1), np.int32(0), np.int32(1), np.int32(0))",8.357807345685931e+24
405,10,2,4,3.699818229563334e-16,"[ 0.03923533  0.02734406 -0.00740469  0.01998384  0.00909516  0.02279526
 -0.02745181  0.00375167  0.01126453  0.00507449  0.          0.
  0.         -0.01131803  0.          0.          0.00973272  0.
  0.          0.          0.00988107  0.00878654  0.          0.00858343
  0.         -0.00917676  0.          0.          0.         -0.01656743
  0.          0.         -0.00194452  0.          0.          0.
  0.          0.          0.          0.          0.          0.
  0.          0.          0.          0.          0.          0.
  0.          0.          0.          0.0320692   0.          0.
  0.        ]",19,19,"(np.int32(0), np.int32(1), np.int32(0), np.int32(0), np.int32(1), np.int32(1), np.int32(1), np.int32(0), np.int32(1), np.int32(0))",8.357807345685931e+24
5,10,2,5,0.06709730332931374,"[ 0.          0.01211036  0.          0.          0.          0.
  0.          0.          0.          0.00174704  0.         -0.00787015
  0.          0.          0.          0.          0.          0.
  0.          0.         -0.02317375  0.          0.          0.
  0.          0.          0.          0.          0.          0.
  0.          0.          0.          0.          0.          0.
  0.          0.          0.          0.          0.          0.
  0.          0.          0.          0.          0.          0.
  0.          0.          0.          0.          0.          0.
  0.        ]",4,4,"(np.int32(0), np.int32(1), np.int32(0), np.int32(0), np.int32(1), np.int32(1), np.int32(1), np.int32(0), np.int32(1), np.int32(0))",8.357807345685931e+24
25,10,2,5,1.2604766542804178e+23,"[ 5.89146281e+22  2.10841788e+22 -5.33609577e+17  2.62426416e+15
 -1.74432408e+18  2.12244829e+22  2.13401607e+18  1.73248378e+20
  9.09485086e+21  5.00095853e+22  4.86046525e+22  3.78167149e+14
 -2.93134479e+19  2.90192025e+20 -1.78862962e+22  2.43059219e+17
 -1.22272302e+22  2.18529650e+22 -3.01297038e+22 -1.03407478e+20
  1.89728971e+22  9.35560068e+21 -2.13451271e+22 -3.55644669e+22
  7.36832545e+15  4.22873116e+18  1.93280967e+22  5.31471371e+22
 -3.75257510e+22 -1.33140289e+22  1.23038752e+21 -7.86443805e+15
  5.08151145e+21  9.94945989e+21  3.92485191e+16  1.54311075e+21
 -5.08829243e+14 -2.44015572e+22  1.30724714e+18  6.93548051e+21
  1.79507600e+21 -5.78672980e+21  1.00057248e+17  1.61702221e+19
 -2.57609950e+17 -3.97140143e+22 -1.59563345e+21 -3.58934974e+22
 -4.00753063e+22  1.43049927e+22  1.40630901e+18  1.00079487e+22
  1.83272332e+20  1.78611082e+20  1.02223077e+22]",55,68,"(np.int32(0), np.int32(1), np.int32(0), np.int32(0), np.int32(1), np.int32(1), np.int32(1), np.int32(0), np.int32(1), np.int32(0))",8.357807345685931e+24
45,10,2,5,7.543562089119485e+17,"[ 7.82957949e+15  4.12379276e+16  1.18956197e+17  2.53891021e+17
  2.55860013e+16  1.92661093e+17  1.69258512e+17 -6.19810302e+15
  9.61137043e+16  1.48154479e+17  1.78773028e+17 -2.17359972e+16
  1.61990673e+17 -3.92547665e+15  2.07078311e+16  7.14288329e+16
 -2.88863467e+16  4.96191671e+14  2.81398768e+16 -3.26289829e+15
  1.02921522e+17 -4.58438891e+16  1.40490378e+17  1.68725921e+17
 -1.63184564e+16 -3.33425265e+17 -6.92143148e+14 -3.32314657e+17
  3.18405353e+16 -1.19782547e+17  1.78663195e+15 -2.49001332e+15
 -7.14396605e+15 -7.47671904e+16 -5.17577627e+16  8.84328576e+15
  4.01425849e+16  4.17951389e+16 -7.42772588e+16 -1.04477452e+17
  2.04525639e+17  3.68775675e+16  1.74868925e+17 -2.17565079e+16
  8.69147999e+14  2.35821469e+16 -2.95656393e+16  1.69625783e+17
 -1.54901444e+17  8.60651892e+16 -7.64015772e+15 -8.06450075e+16
  1.96716507e+17  9.27230867e+16  1.68368518e+17]",55,70,"(np.int32(0), np.int32(1), np.int32(0), np.int32(0), np.int32(1), np.int32(1), np.int32(1), np.int32(0), np.int32(1), np.int32(0))",8.357807345685931e+24
65,10,2,5,1.554312234475219e-16,"[ 3.92353306e-02  2.73440614e-02 -7.40468937e-03  1.99838350e-02
  9.09515560e-03  2.27952612e-02 -2.74518147e-02  3.75167114e-03
  1.12645341e-02  5.07448674e-03  0.00000000e+00  0.00000000e+00
  0.00000000e+00 -1.13180329e-02  0.00000000e+00  0.00000000e+00
  9.73271636e-03  0.00000000e+00 -1.68051337e-17  0.00000000e+00
  9.88107177e-03  8.78654173e-03  0.00000000e+00  8.58342839e-03
  0.00000000e+00 -9.17675640e-03  0.00000000e+00  0.00000000e+00
  0.00000000e+00 -1.65674309e-02  0.00000000e+00  0.00000000e+00
 -1.94451853e-03  0.00000000e+00  0.00000000e+00  0.00000000e+00
  0.00000000e+00  0.00000000e+00  0.00000000e+00  0.00000000e+00
  0.00000000e+00  0.00000000e+00  0.00000000e+00 -2.60208521e-17
  0.00000000e+00  0.00000000e+00  0.00000000e+00  0.00000000e+00
  0.00000000e+00  0.00000000e+00  0.00000000e+00  3.20691965e-02
  0.00000000e+00  1.73472348e-18  0.00000000e+00]",22,22,"(np.int32(0), np.int32(1), np.int32(0), np.int32(0), np.int32(1), np.int32(1), np.int32(1), np.int32(0), np.int32(1), np.int32(0))",8.357807345685931e+24
85,10,2,5,1.8068879725774422e-16,"[ 3.92353306e-02  2.73440614e-02 -7.40468937e-03  1.99838350e-02
  9.09515560e-03  2.27952612e-02 -2.74518147e-02  3.75167114e-03
  1.12645341e-02  5.07448674e-03  0.00000000e+00  0.00000000e+00
  0.00000000e+00 -1.13180329e-02  0.00000000e+00  0.00000000e+00
  9.73271636e-03  0.00000000e+00  0.00000000e+00  0.00000000e+00
  9.88107177e-03  8.78654173e-03  0.00000000e+00  8.58342839e-03
  0.00000000e+00 -9.17675640e-03  0.00000000e+00  0.00000000e+00
  0.00000000e+00 -1.65674309e-02  0.00000000e+00  0.00000000e+00
 -1.94451853e-03  0.00000000e+00  0.00000000e+00  0.00000000e+00
  0.00000000e+00  0.00000000e+00  0.00000000e+00  0.00000000e+00
  0.00000000e+00  0.00000000e+00  0.00000000e+00 -2.32019265e-17
  0.00000000e+00  0.00000000e+00  0.00000000e+00  0.00000000e+00
  0.00000000e+00  0.00000000e+00  0.00000000e+00  3.20691965e-02
  0.00000000e+00  9.13440330e-18  0.00000000e+00]",21,21,"(np.int32(0), np.int32(1), np.int32(0), np.int32(0), np.int32(1), np.int32(1), np.int32(1), np.int32(0), np.int32(1), np.int32(0))",8.357807345685931e+24
105,10,2,5,2.7616797737550767e-16,"[ 0.03923533  0.02734406 -0.00740469  0.01998384  0.00909516  0.02279526
 -0.02745181  0.00375167  0.01126453  0.00507449  0.          0.
  0.         -0.01131803  0.          0.          0.00973272  0.
  0.          0.          0.00988107  0.00878654  0.          0.00858343
  0.         -0.00917676  0.          0.          0.         -0.01656743
  0.          0.         -0.00194452  0.          0.          0.
  0.          0.          0.          0.          0.          0.
  0.          0.          0.          0.          0.          0.
  0.          0.          0.          0.0320692   0.          0.
  0.        ]",19,19,"(np.int32(0), np.int32(1), np.int32(0), np.int32(0), np.int32(1), np.int32(1), np.int32(1), np.int32(0), np.int32(1), np.int32(0))",8.357807345685931e+24
125,10,2,5,2.020605904817785e-16,"[ 3.92353306e-02  2.73440614e-02 -7.40468937e-03  1.99838350e-02
  9.09515560e-03  2.27952612e-02 -2.74518147e-02  3.75167114e-03
  1.12645341e-02  5.07448674e-03  0.00000000e+00  0.00000000e+00
  0.00000000e+00 -1.13180329e-02  0.00000000e+00  0.00000000e+00
  9.73271636e-03  0.00000000e+00  0.00000000e+00  0.00000000e+00
  9.88107177e-03  8.78654173e-03  0.00000000e+00  8.58342839e-03
  0.00000000e+00 -9.17675640e-03  0.00000000e+00  0.00000000e+00
  0.00000000e+00 -1.65674309e-02  0.00000000e+00  0.00000000e+00
 -1.94451853e-03  0.00000000e+00  0.00000000e+00  0.00000000e+00
  0.00000000e+00  0.00000000e+00  0.00000000e+00  0.00000000e+00
  0.00000000e+00  0.00000000e+00  0.00000000e+00  1.02728156e-17
  0.00000000e+00  0.00000000e+00  0.00000000e+00  0.00000000e+00
  0.00000000e+00  0.00000000e+00  0.00000000e+00  3.20691965e-02
  0.00000000e+00  0.00000000e+00  0.00000000e+00]",20,20,"(np.int32(0), np.int32(1), np.int32(0), np.int32(0), np.int32(1), np.int32(1), np.int32(1), np.int32(0), np.int32(1), np.int32(0))",8.357807345685931e+24
145,10,2,5,1.5681900222830337e-16,"[ 0.03923533  0.02734406 -0.00740469  0.01998384  0.00909516  0.02279526
 -0.02745181  0.00375167  0.01126453  0.00507449  0.          0.
  0.         -0.01131803  0.          0.          0.00973272  0.
  0.          0.          0.00988107  0.00878654  0.          0.00858343
  0.         -0.00917676  0.          0.          0.         -0.01656743
  0.          0.         -0.00194452  0.          0.          0.
  0.          0.          0.          0.          0.          0.
  0.          0.          0.          0.          0.          0.
  0.          0.          0.          0.0320692   0.          0.
  0.        ]",19,19,"(np.int32(0), np.int32(1), np.int32(0), np.int32(0), np.int32(1), np.int32(1), np.int32(1), np.int32(0), np.int32(1), np.int32(0))",8.357807345685931e+24
165,10,2,5,2.6728619317850646e-16,"[ 0.03923533  0.02734406 -0.00740469  0.01998384  0.00909516  0.02279526
 -0.02745181  0.00375167  0.01126453  0.00507449  0.          0.
  0.         -0.01131803  0.          0.          0.00973272  0.
  0.          0.          0.00988107  0.00878654  0.          0.00858343
  0.         -0.00917676  0.          0.          0.         -0.01656743
  0.          0.         -0.00194452  0.          0.          0.
  0.          0.          0.          0.          0.          0.
  0.          0.          0.          0.          0.          0.
  0.          0.          0.          0.0320692   0.          0.
  0.        ]",19,19,"(np.int32(0), np.int32(1), np.int32(0), np.int32(0), np.int32(1), np.int32(1), np.int32(1), np.int32(0), np.int32(1), np.int32(0))",8.357807345685931e+24
185,10,2,5,1.8346435481930713e-16,"[ 0.03923533  0.02734406 -0.00740469  0.01998384  0.00909516  0.02279526
 -0.02745181  0.00375167  0.01126453  0.00507449  0.          0.
  0.         -0.01131803  0.          0.          0.00973272  0.
  0.          0.          0.00988107  0.00878654  0.          0.00858343
  0.         -0.00917676  0.          0.          0.         -0.01656743
  0.          0.         -0.00194452  0.          0.          0.
  0.          0.          0.          0.          0.          0.
  0.          0.          0.          0.          0.          0.
  0.          0.          0.          0.0320692   0.          0.
  0.        ]",19,19,"(np.int32(0), np.int32(1), np.int32(0), np.int32(0), np.int32(1), np.int32(1), np.int32(1), np.int32(0), np.int32(1), np.int32(0))",8.357807345685931e+24
205,10,2,5,2.4841240175987876e-16,"[ 0.03923533  0.02734406 -0.00740469  0.01998384  0.00909516  0.02279526
 -0.02745181  0.00375167  0.01126453  0.00507449  0.          0.
  0.         -0.01131803  0.          0.          0.00973272  0.
  0.          0.          0.00988107  0.00878654  0.          0.00858343
  0.         -0.00917676  0.          0.          0.         -0.01656743
  0.          0.         -0.00194452  0.          0.          0.
  0.          0.          0.          0.          0.          0.
  0.          0.          0.          0.          0.          0.
  0.          0.          0.          0.0320692   0.          0.
  0.        ]",19,19,"(np.int32(0), np.int32(1), np.int32(0), np.int32(0), np.int32(1), np.int32(1), np.int32(1), np.int32(0), np.int32(1), np.int32(0))",8.357807345685931e+24
225,10,2,5,3.352873534367973e-16,"[ 0.03923533  0.02734406 -0.00740469  0.01998384  0.00909516  0.02279526
 -0.02745181  0.00375167  0.01126453  0.00507449  0.          0.
  0.         -0.01131803  0.          0.          0.00973272  0.
  0.          0.          0.00988107  0.00878654  0.          0.00858343
  0.         -0.00917676  0.          0.          0.         -0.01656743
  0.          0.         -0.00194452  0.          0.          0.
  0.          0.          0.          0.          0.          0.
  0.          0.          0.          0.          0.          0.
  0.          0.          0.          0.0320692   0.          0.
  0.        ]",19,19,"(np.int32(0), np.int32(1), np.int32(0), np.int32(0), np.int32(1), np.int32(1), np.int32(1), np.int32(0), np.int32(1), np.int32(0))",8.357807345685931e+24
245,10,2,5,4.743427872710981e-16,"[ 0.03923533  0.02734406 -0.00740469  0.01998384  0.00909516  0.02279526
 -0.02745181  0.00375167  0.01126453  0.00507449  0.          0.
  0.         -0.01131803  0.          0.          0.00973272  0.
  0.          0.          0.00988107  0.00878654  0.          0.00858343
  0.         -0.00917676  0.          0.          0.         -0.01656743
  0.          0.         -0.00194452  0.          0.          0.
  0.          0.          0.          0.          0.          0.
  0.          0.          0.          0.          0.          0.
  0.          0.          0.          0.0320692   0.          0.
  0.        ]",19,19,"(np.int32(0), np.int32(1), np.int32(0), np.int32(0), np.int32(1), np.int32(1), np.int32(1), np.int32(0), np.int32(1), np.int32(0))",8.357807345685931e+24
265,10,2,5,3.6332048480858247e-16,"[ 0.03923533  0.02734406 -0.00740469  0.01998384  0.00909516  0.02279526
 -0.02745181  0.00375167  0.01126453  0.00507449  0.          0.
  0.         -0.01131803  0.          0.          0.00973272  0.
  0.          0.          0.00988107  0.00878654  0.          0.00858343
  0.         -0.00917676  0.          0.          0.         -0.01656743
  0.          0.         -0.00194452  0.          0.          0.
  0.          0.          0.          0.          0.          0.
  0.          0.          0.          0.          0.          0.
  0.          0.          0.          0.0320692   0.          0.
  0.        ]",19,19,"(np.int32(0), np.int32(1), np.int32(0), np.int32(0), np.int32(1), np.int32(1), np.int32(1), np.int32(0), np.int32(1), np.int32(0))",8.357807345685931e+24
285,10,2,5,2.7977620220553945e-16,"[ 0.03923533  0.02734406 -0.00740469  0.01998384  0.00909516  0.02279526
 -0.02745181  0.00375167  0.01126453  0.00507449  0.          0.
  0.         -0.01131803  0.          0.          0.00973272  0.
  0.          0.          0.00988107  0.00878654  0.          0.00858343
  0.         -0.00917676  0.          0.          0.         -0.01656743
  0.          0.         -0.00194452  0.          0.          0.
  0.          0.          0.          0.          0.          0.
  0.          0.          0.          0.          0.          0.
  0.          0.          0.          0.0320692   0.          0.
  0.        ]",19,19,"(np.int32(0), np.int32(1), np.int32(0), np.int32(0), np.int32(1), np.int32(1), np.int32(1), np.int32(0), np.int32(1), np.int32(0))",8.357807345685931e+24
305,10,2,5,4.632405570248466e-16,"[ 0.03923533  0.02734406 -0.00740469  0.01998384  0.00909516  0.02279526
 -0.02745181  0.00375167  0.01126453  0.00507449  0.          0.
  0.         -0.01131803  0.          0.          0.00973272  0.
  0.          0.          0.00988107  0.00878654  0.          0.00858343
  0.         -0.00917676  0.          0.          0.         -0.01656743
  0.          0.         -0.00194452  0.          0.          0.
  0.          0.          0.          0.          0.          0.
  0.          0.          0.          0.          0.          0.
  0.          0.          0.          0.0320692   0.          0.
  0.        ]",19,19,"(np.int32(0), np.int32(1), np.int32(0), np.int32(0), np.int32(1), np.int32(1), np.int32(1), np.int32(0), np.int32(1), np.int32(0))",8.357807345685931e+24
325,10,2,5,2.4924506902834766e-16,"[ 0.03923533  0.02734406 -0.00740469  0.01998384  0.00909516  0.02279526
 -0.02745181  0.00375167  0.01126453  0.00507449  0.          0.
  0.         -0.01131803  0.          0.          0.00973272  0.
  0.          0.          0.00988107  0.00878654  0.          0.00858343
  0.         -0.00917676  0.          0.          0.         -0.01656743
  0.          0.         -0.00194452  0.          0.          0.
  0.          0.          0.          0.          0.          0.
  0.          0.          0.          0.          0.          0.
  0.          0.          0.          0.0320692   0.          0.
  0.        ]",19,19,"(np.int32(0), np.int32(1), np.int32(0), np.int32(0), np.int32(1), np.int32(1), np.int32(1), np.int32(0), np.int32(1), np.int32(0))",8.357807345685931e+24
345,10,2,5,3.450018049022674e-16,"[ 0.03923533  0.02734406 -0.00740469  0.01998384  0.00909516  0.02279526
 -0.02745181  0.00375167  0.01126453  0.00507449  0.          0.
  0.         -0.01131803  0.          0.          0.00973272  0.
  0.          0.          0.00988107  0.00878654  0.          0.00858343
  0.         -0.00917676  0.          0.          0.         -0.01656743
  0.          0.         -0.00194452  0.          0.          0.
  0.          0.          0.          0.          0.          0.
  0.          0.          0.          0.          0.          0.
  0.          0.          0.          0.0320692   0.          0.
  0.        ]",19,19,"(np.int32(0), np.int32(1), np.int32(0), np.int32(0), np.int32(1), np.int32(1), np.int32(1), np.int32(0), np.int32(1), np.int32(0))",8.357807345685931e+24
365,10,2,5,3.0003777240494857e-16,"[ 0.03923533  0.02734406 -0.00740469  0.01998384  0.00909516  0.02279526
 -0.02745181  0.00375167  0.01126453  0.00507449  0.          0.
  0.         -0.01131803  0.          0.          0.00973272  0.
  0.          0.          0.00988107  0.00878654  0.          0.00858343
  0.         -0.00917676  0.          0.          0.         -0.01656743
  0.          0.         -0.00194452  0.          0.          0.
  0.          0.          0.          0.          0.          0.
  0.          0.          0.          0.          0.          0.
  0.          0.          0.          0.0320692   0.          0.
  0.        ]",19,19,"(np.int32(0), np.int32(1), np.int32(0), np.int32(0), np.int32(1), np.int32(1), np.int32(1), np.int32(0), np.int32(1), np.int32(0))",8.357807345685931e+24
385,10,2,5,3.4916514124461173e-16,"[ 0.03923533  0.02734406 -0.00740469  0.01998384  0.00909516  0.02279526
 -0.02745181  0.00375167  0.01126453  0.00507449  0.          0.
  0.         -0.01131803  0.          0.          0.00973272  0.
  0.          0.          0.00988107  0.00878654  0.          0.00858343
  0.         -0.00917676  0.          0.          0.         -0.01656743
  0.          0.         -0.00194452  0.          0.          0.
  0.          0.          0.          0.          0.          0.
  0.          0.          0.          0.          0.          0.
  0.          0.          0.          0.0320692   0.          0.
  0.        ]",19,19,"(np.int32(0), np.int32(1), np.int32(0), np.int32(0), np.int32(1), np.int32(1), np.int32(1), np.int32(0), np.int32(1), np.int32(0))",8.357807345685931e+24
405,10,2,5,3.8691272408186704e-16,"[ 0.03923533  0.02734406 -0.00740469  0.01998384  0.00909516  0.02279526
 -0.02745181  0.00375167  0.01126453  0.00507449  0.          0.
  0.         -0.01131803  0.          0.          0.00973272  0.
  0.          0.          0.00988107  0.00878654  0.          0.00858343
  0.         -0.00917676  0.          0.          0.         -0.01656743
  0.          0.         -0.00194452  0.          0.          0.
  0.          0.          0.          0.          0.          0.
  0.          0.          0.          0.          0.          0.
  0.          0.          0.          0.0320692   0.          0.
  0.        ]",19,19,"(np.int32(0), np.int32(1), np.int32(0), np.int32(0), np.int32(1), np.int32(1), np.int32(1), np.int32(0), np.int32(1), np.int32(0))",8.357807345685931e+24
