sample_size,n,k,repeat,mae,coefficients,non_zero_coef,num_iter,best_x,predicted_best
5,10,2,1,1.9204873390643962,"[-5.07830645e-01 -6.61673692e-01  2.92203264e-01  1.44603457e+00
  0.00000000e+00 -6.17712860e-01 -3.01882542e-16  1.33265356e+00
 -1.22257347e-15 -2.07644939e+00 -4.80127826e-01 -7.98546376e-02
  5.93909782e-02  0.00000000e+00 -4.47932337e-02 -2.94259246e-17
  0.00000000e+00 -7.29887228e-03 -5.22415421e-03 -5.57347679e-18
 -6.94567017e-19  0.00000000e+00  0.00000000e+00  0.00000000e+00
  0.00000000e+00 -0.00000000e+00 -1.69406589e-20  4.85317088e-02
  0.00000000e+00  4.32218345e-02  1.33153579e-17  0.00000000e+00
 -9.69190959e-03 -4.09032681e-04  0.00000000e+00  9.38513508e-03
  1.56277579e-17  3.98596640e-01  1.27839646e-01  4.27798819e-02
  0.00000000e+00  0.00000000e+00  0.00000000e+00  0.00000000e+00
  0.00000000e+00 -1.15803435e-02  0.00000000e+00 -1.10283690e-17
 -1.36132922e-01  0.00000000e+00  9.04219477e-02 -6.02812985e-02
  0.00000000e+00  3.45397501e-03 -4.10965282e-02]",36,4,"(np.int32(0), np.int32(0), np.int32(1), np.int32(1), np.int32(1), np.int32(0), np.int32(0), np.int32(1), np.int32(0), np.int32(0))",9.579487537043907
25,10,2,1,2.386777040763464,"[-0.30418891  0.75075342 -0.38809842  1.20837709 -0.07654524 -0.94930387
  0.85455235 -0.9882285   0.10121372  0.67100578 -1.54727135  0.84700861
 -0.8703701   1.18663673  0.3358924  -0.35461252 -1.4684245   1.42129394
  0.64443235 -0.87483394 -0.01403451 -1.34854814 -0.14508541 -0.14421529
  1.30332342 -0.42431579  0.09453774  1.03197359  0.27411605  0.84702983
  0.74900368 -1.07126456 -0.59613298  0.22860175 -0.05767421  0.25226178
 -0.42553352  2.15284274 -0.77676859 -0.1312683  -0.67072788 -0.04798135
 -0.          1.82579791  0.60201411 -1.17044818 -1.28018647 -0.4366135
  0.16301361 -0.22756914  0.05467546  0.78425523 -0.30251772  0.09724892
 -1.06102699]",54,1000,"(np.int32(1), np.int32(0), np.int32(1), np.int32(0), np.int32(1), np.int32(0), np.int32(1), np.int32(0), np.int32(1), np.int32(1))",11.40499477018749
45,10,2,1,2.5008687453404055,"[-0.37657931  3.84326952  0.20671064  3.86356016 -3.31039588 -0.90854417
  1.10701292 -0.65326256  0.61304045  0.94376777  0.57463295 -1.21179179
 -1.18282426  2.02270368 -0.17701714 -2.91911384 -1.2206046   3.49831114
  0.77902899 -0.22524442 -0.5752523  -1.94763097  1.05274914 -1.77545425
 -1.29528792 -1.73911951 -0.11732035 -0.57486981  0.16193185  1.00324771
  2.88485423  2.01843826 -2.18494097 -0.71381759  0.33035724  2.30545386
 -0.57397091 -0.31509437 -2.14984269 -2.06541612 -0.07851748  1.35699952
  0.70932194  1.06049606  0.97309054 -0.43615679 -2.26589721  0.62145086
 -0.70825371  0.1360547  -0.37338604 -0.65514459  1.75291101  1.57325857
 -0.85891347]",55,1000,"(np.int32(0), np.int32(0), np.int32(1), np.int32(1), np.int32(0), np.int32(0), np.int32(1), np.int32(1), np.int32(0), np.int32(0))",14.851359604473876
65,10,2,1,2.939382307982778,"[ 2.47539352  2.88152622 -2.2415771  -1.67841819 -1.02459104  0.11407266
 -5.96683255 -0.15252109  6.86750635  2.78626136 -0.46177343 -0.89609711
  0.92954962 -0.26619839 -1.54881014 -0.01269896 -1.06793427  0.65793864
 -3.08414832  1.12091688 -0.34327178 -1.55370939  0.18951188  0.83323152
 -2.47237218 -1.05811055 -0.58126623 -0.13059943  1.7788939   0.84096716
  1.860582    1.07895181 -0.45118002  0.63034708 -1.09337482  3.64596638
  0.98528052  0.23828429 -1.20381075 -0.03651685 -0.05922348 -0.64380216
  0.81368765  0.20984732  1.93510875  1.70234893 -1.67798804 -3.19618607
 -2.67740731 -1.11295838  1.30667527  3.95366566  0.42998218  1.8932391
 -5.45993563]",55,1000,"(np.int32(0), np.int32(0), np.int32(1), np.int32(1), np.int32(0), np.int32(0), np.int32(1), np.int32(1), np.int32(0), np.int32(0))",14.851359604473876
85,10,2,1,2.064840999833151,"[ 0.80352409  3.20797542 -0.52842284 -0.0465609  -1.36725526 -0.2172247
 -2.10167567 -0.74893997  4.11505824  1.94426636 -0.08122651 -1.3119605
 -1.59301969  0.9285856   0.67459172  0.32487098 -0.3673053   1.01953433
 -1.07623305  0.17737389 -1.22775853 -1.4289605   0.32399287  0.21798843
 -2.53284991 -0.95645599 -0.75010124  0.37816683  0.35612813  0.16258061
  0.8683798   1.15224232 -0.44078512  0.7264745   0.35882801  1.78007107
 -0.01906739  1.52954343 -1.00136425 -0.52657557 -1.40108677  1.24371258
  1.31511198  0.13709784  0.88345896  0.29633279 -1.16728606 -0.87485275
 -0.93608333  1.12112271 -0.6390026   0.44642095 -0.28481637  0.6570951
 -2.26064375]",55,802,"(np.int32(0), np.int32(0), np.int32(1), np.int32(1), np.int32(0), np.int32(0), np.int32(1), np.int32(1), np.int32(0), np.int32(0))",14.851359604473876
105,10,2,1,1.6866337359360546,"[ 0.11480714  2.27530055  0.35711623  2.65914884  1.13578962 -0.0672595
  0.01382217 -0.08412449  2.66572839  1.08231144  0.47736492 -1.24053635
 -1.43331832  0.53915269  0.50216978  0.43614027 -0.62961251  0.66232719
  0.45343709 -1.08943412 -1.35445055 -1.05985554  0.34463058  0.35439809
 -0.96231826 -1.23950525 -0.35118573  0.70556608  0.64228676 -0.08995735
 -0.22677345  0.80418065  0.07299128  0.42806036 -1.3437273   0.37888659
 -0.85254497  0.37041805 -1.12906166 -1.08879811 -1.34408744 -0.01238516
 -0.17369138  0.66910991  0.26034953  0.19305771 -0.47927458 -0.22179221
 -0.65741813  0.1817856  -0.42005081  0.06314749  0.41165783  0.90745544
 -2.23202451]",55,275,"(np.int32(0), np.int32(0), np.int32(1), np.int32(1), np.int32(0), np.int32(0), np.int32(1), np.int32(1), np.int32(0), np.int32(0))",14.851359604473876
125,10,2,1,1.53917142630477,"[ 2.57422120e-01  1.96727050e+00  4.00177291e-03  1.62579514e+00
  1.62632115e+00 -3.34791003e-01  1.54549392e-01 -2.43636579e-01
  3.18890466e+00  1.75183051e+00  2.64262038e-02 -8.36201567e-01
 -7.06606929e-01  5.56906914e-01  1.48179995e-01  3.62100461e-01
 -5.49621324e-01  5.95769200e-01 -1.25612521e-02 -9.53288712e-01
 -1.14563511e+00 -3.75727861e-01  7.61592233e-01  7.68310611e-02
 -1.16194104e+00 -7.53933838e-01 -3.85419694e-01  7.93539262e-01
 -8.16179863e-02  9.42888876e-02  3.16506286e-01  7.03401265e-01
 -3.81212012e-01  6.53997889e-01 -1.11917655e+00  3.12687238e-01
 -8.77436029e-01  2.98891114e-01 -7.16214641e-01 -5.57532271e-01
 -1.09330444e+00  2.75480593e-02 -2.80197394e-01  4.00899826e-02
 -5.93831085e-01 -2.13709597e-01 -3.48718649e-01  8.34107944e-02
 -4.12440161e-01  4.10166241e-01 -5.73475410e-01 -2.47371190e-03
  3.82801698e-01  7.93897293e-01 -2.84567783e+00]",55,311,"(np.int32(0), np.int32(0), np.int32(1), np.int32(1), np.int32(0), np.int32(0), np.int32(1), np.int32(1), np.int32(0), np.int32(0))",14.851359604473876
145,10,2,1,1.502104955809105,"[ 1.25432107  1.46044632 -1.10154064  0.22768602  1.32721748 -0.18352418
  0.4309395   0.31666762  2.87185632  1.14567555 -0.12399737 -1.03270677
 -0.78269765  0.04382841  0.0264385   0.15872639 -0.97352339  0.22403369
  0.2260672  -0.6580553  -1.00360375 -0.05017527  0.40572903 -0.01701873
 -1.27498931 -0.46720111  0.06624472  1.14738419  0.28090799  0.80924403
  0.47981486  1.04376395 -0.27533173  0.48285483 -0.67987368  0.12727818
 -0.30300943  0.57073012  0.09053095 -0.32859172 -0.95925311 -0.22334489
 -0.57469174 -0.19731858 -0.48510796 -0.35699371 -0.64075729  0.2126576
 -0.2371757   0.07868513 -0.88511578  0.11012507  0.14783722  0.629367
 -2.71319848]",55,285,"(np.int32(0), np.int32(0), np.int32(1), np.int32(1), np.int32(0), np.int32(0), np.int32(1), np.int32(1), np.int32(0), np.int32(0))",14.851359604473876
165,10,2,1,1.4902640750470846,"[ 0.80884739  1.88361164 -1.26951015  0.41841164  0.1278974   0.03250329
 -0.16068009 -0.17043991  1.62284816  0.26314934 -0.04214615 -0.81895539
 -0.79060743  0.18328018  0.11568518  0.3906762  -1.08186757  0.26906355
  0.20148648 -0.2870815  -0.82214677 -0.39579167  0.43367224 -0.25768268
 -1.53991698 -0.74800305 -0.23759953  0.85377183  0.37191919  0.47165904
  0.60856142  1.0816486  -0.28892309  0.53893939 -0.46872481  0.14641254
 -0.34157696  0.41111847  0.13286414 -0.33291381 -0.81217896 -0.14616583
 -0.05561914  0.60203877  0.25843811 -0.33079739 -0.35313602  0.204454
 -0.42914065  0.15770056 -0.27938034  0.34603032  0.45288075  0.98864776
 -1.79203033]",55,192,"(np.int32(0), np.int32(0), np.int32(1), np.int32(1), np.int32(0), np.int32(0), np.int32(1), np.int32(1), np.int32(0), np.int32(0))",14.851359604473876
185,10,2,1,1.4520825053050543,"[ 0.75275332  1.1037004  -0.87074518  0.23056568 -0.1922526  -0.13182396
 -0.00645869 -0.09493232  1.90212378  0.69272066 -0.10210559 -0.86469369
 -0.79421631 -0.00268395  0.45254717  0.39399216 -0.85407451  0.25034628
  0.20769361 -0.15633617 -0.70221284 -0.32206994  0.4479103   0.11972195
 -1.06973961 -0.48689753 -0.12466525  0.53978378  0.31629789  0.56923491
  0.48701396  0.60744366 -0.30497173  0.54889816 -0.05982628  0.35026185
 -0.45109933  0.6593088   0.19657141 -0.41290859 -1.10503065  0.16487724
  0.27287571  0.64760566  0.38440709 -0.3857739  -0.33384224  0.02840385
 -0.17449059  0.06058127 -0.39655163 -0.02087408  0.06557873  0.5007015
 -1.81132432]",55,139,"(np.int32(0), np.int32(0), np.int32(1), np.int32(1), np.int32(0), np.int32(0), np.int32(1), np.int32(1), np.int32(0), np.int32(0))",14.851359604473876
205,10,2,1,1.4427274575688995,"[ 0.65197238  1.20064121 -1.06208694  0.29119192 -0.32779264 -0.27690538
 -0.13850419  0.05316302  1.71925716  1.04989189 -0.33236558 -0.64705008
 -0.84300458  0.15767558  0.33394946  0.3462907  -0.97019492  0.53281478
  0.1735913  -0.05758722 -0.87587854 -0.22372959  0.57717288 -0.18573783
 -0.65345896 -0.39067296 -0.19627117  0.62684577  0.04860182  0.69833141
  0.41046173  0.5803085  -0.40472992  0.56043724 -0.05117283  0.32101008
 -0.34620465  0.48879954  0.23649456 -0.36826879 -0.73364092  0.33437239
  0.39608354  0.62014508  0.13211929 -0.24104237 -0.36480233 -0.05820522
 -0.14510072  0.3310784  -0.19938458 -0.01006885 -0.23142968  0.15144929
 -1.96286468]",55,141,"(np.int32(0), np.int32(0), np.int32(1), np.int32(1), np.int32(0), np.int32(0), np.int32(1), np.int32(1), np.int32(0), np.int32(0))",14.851359604473876
225,10,2,1,1.3789110974790935,"[ 0.81191979  1.02944577 -1.02982625  0.26770664 -0.24938927 -0.52895356
 -0.2989102  -0.15757521  1.9377395   1.0012674  -0.53610707 -0.39013997
 -0.52306428 -0.14918751  0.08323051  0.28830657 -0.8672713   0.34445373
  0.10283967  0.07896769 -0.6319241  -0.23292978  0.36639546 -0.07754022
 -0.39875613 -0.51394006 -0.16383824  0.38977351 -0.00508497  0.66167494
  0.46440536  0.50440583 -0.5369463   0.62940595 -0.11880883  0.3308442
 -0.15367567  0.27611605  0.17503918 -0.15502391 -0.52080222  0.56647656
  0.53139317  0.41569171 -0.03588058 -0.28827838 -0.0587757   0.28126781
 -0.10362378  0.22772866 -0.26056663 -0.04600818 -0.16795362  0.18451256
 -2.03316666]",55,140,"(np.int32(0), np.int32(0), np.int32(1), np.int32(1), np.int32(0), np.int32(0), np.int32(1), np.int32(1), np.int32(0), np.int32(0))",14.851359604473876
245,10,2,1,1.3884867627101591,"[ 0.7662682   0.94765255 -0.89066682  0.51475175  0.0071563  -0.6110528
 -0.34581522 -0.24580006  2.07463962  0.83682905 -0.43751614 -0.34331712
 -0.64085445 -0.32600029  0.04820995  0.22143631 -0.88360347  0.37637089
  0.26160199 -0.01345064 -0.68374759 -0.38065773  0.38586906 -0.06417853
 -0.40040563 -0.34546689 -0.1312842   0.35942176 -0.01159107  0.59585017
  0.34187601  0.52539841 -0.62216717  0.71711798 -0.09182134  0.28304472
 -0.10932874  0.3266729  -0.11887049 -0.1247555  -0.55975484  0.65214676
  0.60560899  0.24035723 -0.09325829 -0.0791482  -0.          0.14721461
  0.0477469   0.20417415 -0.14604558 -0.1583162  -0.14770767  0.10304903
 -1.99892964]",54,143,"(np.int32(0), np.int32(0), np.int32(1), np.int32(1), np.int32(0), np.int32(0), np.int32(1), np.int32(1), np.int32(0), np.int32(0))",14.851359604473876
265,10,2,1,1.3724570703927588,"[ 0.95347502  1.12077464 -0.4296216   0.66377075  0.19751469 -0.39244969
  0.123674    0.10041973  2.54509938  0.67318815 -0.56374586 -0.50359649
 -0.70480113 -0.3331368   0.13877282  0.21175056 -0.85208265  0.15113119
  0.24804755  0.14707198 -0.67308717 -0.46876939  0.26686009 -0.17028342
 -0.5780224  -0.23387533 -0.14734931  0.28398603 -0.19564904  0.38919794
  0.19459954  0.3676158  -0.78136647  0.69194249 -0.07031889  0.26152878
 -0.24575087  0.14986988  0.0209941  -0.05846723 -0.45467897  0.56584105
  0.43931229  0.24052605 -0.05928456 -0.14551623  0.04156627 -0.00281821
  0.18083668  0.18123135 -0.33009075 -0.09462958 -0.41477774  0.16321879
 -2.10209231]",55,133,"(np.int32(0), np.int32(0), np.int32(1), np.int32(1), np.int32(0), np.int32(0), np.int32(1), np.int32(1), np.int32(0), np.int32(0))",14.851359604473876
285,10,2,1,1.2906232477853756,"[ 7.24545960e-01  8.87775208e-01 -7.36118807e-02  6.25195679e-01
  4.97027202e-01 -4.80942532e-01 -1.18564352e-01  1.27216787e-01
  2.01446679e+00  6.84964226e-01 -3.54987765e-01 -5.25285975e-01
 -6.21643578e-01 -2.81702117e-01  5.47416873e-02  4.43499384e-01
 -8.06587061e-01  1.39365781e-01  3.02541119e-01  5.67306166e-02
 -6.70817395e-01 -5.04726969e-01  2.31245190e-01  4.39001366e-02
 -5.42152042e-01 -8.46435893e-02 -1.33948025e-01  1.01889864e-02
 -1.69322736e-01  4.97524654e-01  1.72652419e-01  1.31631648e-01
 -6.00723791e-01  4.15765787e-01 -2.42485589e-01  3.27397790e-01
 -1.29919244e-01  1.12944289e-01  1.35323241e-01 -6.92962145e-02
 -3.71956877e-01  2.32183387e-01  3.37205659e-01  2.30119165e-01
 -1.51125296e-01 -1.33609050e-01  7.34442602e-02  9.01168049e-02
  2.39453807e-01  1.87500548e-01 -2.04129969e-01  1.70803873e-03
 -9.95234193e-02  1.29030389e-01 -2.00047637e+00]",55,135,"(np.int32(0), np.int32(0), np.int32(1), np.int32(1), np.int32(0), np.int32(0), np.int32(1), np.int32(1), np.int32(0), np.int32(0))",14.851359604473876
305,10,2,1,1.2663561023112058,"[ 0.55198676  0.99163147  0.03655165  0.50255725  0.46664324 -0.6318309
 -0.00596285 -0.10640201  1.95768688  0.72855778 -0.25498319 -0.40363419
 -0.51770418 -0.25553707  0.099143    0.39230721 -0.57993554  0.11183205
  0.22728399  0.03029612 -0.56854094 -0.53456477  0.12340453  0.07302076
 -0.50895616 -0.09040721 -0.24265985 -0.08019907 -0.16274369  0.40878369
  0.18438494  0.12829784 -0.46813533  0.39552058 -0.18470335  0.40971538
 -0.19486698  0.21417438  0.17802486 -0.11335211 -0.29551145  0.09173898
  0.24268764  0.2966728  -0.09356447 -0.12412992  0.15129436  0.1624765
  0.19955883  0.15395054 -0.23337928  0.04076184 -0.01579005  0.16041418
 -1.98816669]",55,119,"(np.int32(0), np.int32(0), np.int32(1), np.int32(1), np.int32(0), np.int32(0), np.int32(1), np.int32(1), np.int32(0), np.int32(0))",14.851359604473876
325,10,2,1,1.2585962244128053,"[ 4.08218983e-01  1.07079786e+00  1.90349932e-01  4.30231727e-01
  4.27139724e-01 -7.34002156e-01 -2.76789206e-01 -6.73952775e-03
  2.19245977e+00  8.94357362e-01 -2.30903099e-01 -3.18362249e-01
 -4.88871784e-01 -3.33257456e-01  8.43955156e-02  4.24778264e-01
 -5.10872001e-01  1.04561054e-01  1.92334154e-01 -1.15899368e-01
 -5.82219685e-01 -6.27589097e-01  2.61828269e-01  1.44545458e-01
 -4.81881662e-01 -2.56314810e-01 -1.93425973e-01 -1.44271128e-01
 -1.72705441e-01  3.16716873e-01  1.25071933e-01  7.63047558e-02
 -4.05829254e-01  3.77896905e-01 -1.47504988e-01  4.54641980e-01
 -8.05196774e-02  1.28725129e-01  9.31096885e-02 -1.08316542e-01
 -2.19330879e-01  1.40612644e-01  2.01970851e-01  4.01154950e-01
 -8.81015625e-02 -8.05435736e-04  1.30428541e-01  8.61707122e-02
  1.61391030e-01  2.15445350e-01 -2.46471928e-01 -4.98651218e-05
  4.51984459e-03  6.42482340e-02 -2.16666931e+00]",55,107,"(np.int32(0), np.int32(0), np.int32(1), np.int32(1), np.int32(0), np.int32(0), np.int32(1), np.int32(1), np.int32(0), np.int32(0))",14.851359604473876
345,10,2,1,1.2703361452497492,"[ 0.3167023   1.3160982   0.16330491  0.39160398  0.25872522 -0.74238293
 -0.47604479 -0.17068617  2.11650286  0.6692296  -0.24645656 -0.30028235
 -0.40774203 -0.42824374  0.09086351  0.51394464 -0.48686069  0.14146492
  0.23267416 -0.25948984 -0.6388188  -0.45624141  0.10299095  0.09537692
 -0.55542372 -0.35509511 -0.20445727 -0.19083287 -0.06929814  0.33713198
  0.15734604  0.10927592 -0.37334712  0.43745388 -0.07790309  0.43546878
 -0.01609575  0.03650163  0.15288721 -0.0579101  -0.1733372   0.1602068
  0.21806084  0.38219655 -0.12149938 -0.01309213  0.15101351  0.04827548
  0.29042898  0.37600378 -0.35034719  0.06755201  0.12702123  0.19357572
 -2.09469007]",55,121,"(np.int32(0), np.int32(0), np.int32(1), np.int32(1), np.int32(0), np.int32(0), np.int32(1), np.int32(1), np.int32(0), np.int32(0))",14.851359604473876
365,10,2,1,1.26335680192052,"[ 0.36984144  1.27629338  0.05859303  0.42176479  0.20953296 -0.72395112
 -0.5477637  -0.15217048  2.07850157  0.66202707 -0.238526   -0.27762717
 -0.44067241 -0.40068303  0.13991423  0.4397093  -0.54232335  0.11407769
  0.17622889 -0.25234929 -0.54069673 -0.50365057  0.09670136  0.11530344
 -0.53998324 -0.28933882 -0.23252868 -0.10603035 -0.13628486  0.37889208
  0.24623693  0.13972723 -0.39679813  0.38876392 -0.07854745  0.32549344
 -0.06027746  0.01391166  0.11636987 -0.03843777 -0.12625789  0.22046882
  0.22233167  0.35430865 -0.05607809 -0.06756647  0.12844253 -0.00665822
  0.33657024  0.39950967 -0.25966556  0.08535491  0.11103293  0.14911353
 -2.06391167]",55,114,"(np.int32(0), np.int32(0), np.int32(1), np.int32(1), np.int32(0), np.int32(0), np.int32(1), np.int32(1), np.int32(0), np.int32(0))",14.851359604473876
385,10,2,1,1.2643589129106012,"[ 0.28363272  1.24266019  0.2244227   0.41189606  0.19591522 -0.82113785
 -0.5343151  -0.17067584  1.95114059  0.79545568 -0.27153013 -0.20669193
 -0.4852128  -0.31664032  0.18134006  0.46604765 -0.46707263  0.09753943
  0.13108996 -0.15244634 -0.56980552 -0.47747438  0.15208782  0.11833751
 -0.43970772 -0.35400751 -0.30753938 -0.10396486 -0.18471185  0.31855548
  0.11339589  0.12346682 -0.46115364  0.31680643 -0.1315988   0.36304879
 -0.00324977  0.14976637  0.16488575 -0.12019761 -0.08044558  0.30789475
  0.1760568   0.38174112 -0.08133434 -0.1691907   0.11459811  0.04821826
  0.35322805  0.29766425 -0.13806788  0.10782823  0.10910844  0.05116659
 -1.98237356]",55,109,"(np.int32(0), np.int32(0), np.int32(1), np.int32(1), np.int32(0), np.int32(0), np.int32(1), np.int32(1), np.int32(0), np.int32(0))",14.851359604473876
405,10,2,1,1.2621267464764439,"[ 0.39501457  1.3214572   0.13533023  0.45999282  0.22412854 -0.8310536
 -0.53452885 -0.14230111  2.10784238  0.720433   -0.26802156 -0.21118884
 -0.57241766 -0.32157744  0.21517162  0.44433601 -0.49457136  0.06095663
  0.06724597 -0.11906838 -0.51875989 -0.40398531 -0.00389811  0.032216
 -0.49032956 -0.41105416 -0.23117611 -0.04459267 -0.18738566  0.31450828
  0.05228076  0.23579084 -0.53291645  0.33543621 -0.18793623  0.34443121
  0.05196114  0.06350815  0.07848353 -0.06528114 -0.01030207  0.28873689
  0.10742188  0.32209297 -0.11420212 -0.10116313  0.10492792  0.14560723
  0.36987936  0.31851801 -0.22292572  0.17880779  0.12347987  0.05081741
 -2.03123329]",55,111,"(np.int32(0), np.int32(0), np.int32(1), np.int32(1), np.int32(0), np.int32(0), np.int32(1), np.int32(1), np.int32(0), np.int32(0))",14.851359604473876
5,10,2,2,1.7032263656709548,"[-1.58783920e+00  1.35830075e+00 -3.24382172e-03  8.61408572e-01
  5.84488076e-01 -3.65852319e-01 -3.36889239e-01  1.41659687e-01
  0.00000000e+00 -6.72940190e-01 -1.49479813e-01 -6.62401572e-02
  1.77562051e-01 -8.34914200e-02  0.00000000e+00  9.55644116e-02
 -8.54102967e-03 -0.00000000e+00  0.00000000e+00 -0.00000000e+00
 -0.00000000e+00 -0.00000000e+00 -0.00000000e+00 -0.00000000e+00
 -0.00000000e+00 -1.07817749e-03 -0.00000000e+00 -0.00000000e+00
 -1.48620401e-16 -0.00000000e+00 -1.26820031e-02 -4.61663071e-04
 -1.71589072e-03  0.00000000e+00 -0.00000000e+00  0.00000000e+00
  1.14425299e-02 -0.00000000e+00 -0.00000000e+00 -0.00000000e+00
 -0.00000000e+00 -0.00000000e+00 -0.00000000e+00 -0.00000000e+00
  0.00000000e+00 -0.00000000e+00  0.00000000e+00 -0.00000000e+00
  0.00000000e+00 -0.00000000e+00 -0.00000000e+00 -0.00000000e+00
 -0.00000000e+00  0.00000000e+00  0.00000000e+00]",21,1000,"(np.int32(0), np.int32(0), np.int32(1), np.int32(1), np.int32(0), np.int32(0), np.int32(1), np.int32(1), np.int32(0), np.int32(0))",14.851359604473876
25,10,2,2,1.9062709251340937,"[-1.16023631  1.27541694 -0.22188005  0.67874656 -0.99470675  0.45631336
 -0.53824643  0.07525353  1.77765325  0.01802352 -1.72272653  0.77851614
  0.66283608 -0.207271    0.0509191  -0.42774833  0.59786905  0.04974479
  0.91241665 -0.79270685  0.28884747  0.5092653  -2.63284414  0.31698924
  0.88169981  0.16491967  1.00605156  0.25392829  0.04369163 -0.37581957
 -0.03401042 -1.32061433  1.22687232 -0.60607195  1.24537906 -0.08481094
 -0.20986466 -1.01099854 -0.8945614  -2.11723124  0.09438141  0.17299313
 -0.58499915 -0.99007156  0.41819894  1.2315602   0.69708147  0.30725155
  0.7889226   0.25635633  0.0081906   0.28640309  0.39541118  0.93200745
 -0.20198197]",55,1000,"(np.int32(0), np.int32(0), np.int32(1), np.int32(1), np.int32(0), np.int32(0), np.int32(1), np.int32(1), np.int32(0), np.int32(0))",14.851359604473876
45,10,2,2,3.1095704326671982,"[ 1.79243683  3.10271579 -2.1047108  -0.70623515 -2.7183038  -0.76661988
 -3.71289539 -2.19223464  6.00714979  0.59853292 -0.72253811 -0.83552916
  1.11618866 -2.78555733  1.90014529 -0.86177705  0.68421483 -2.18203185
  1.08069268  0.04371246  1.4051329  -1.60689919 -1.468421    0.55498974
  0.13660135 -2.1437747  -1.30848965  0.49890116  3.12994777  3.68465947
  0.39992031 -0.85930785 -4.13977068 -1.20822354  1.18579804  0.69908564
 -0.34418944 -3.46071261 -0.71347445 -0.79203516 -2.22692036  1.66711152
  1.17685094  2.47643874 -0.23374712  1.78043185 -2.30293749 -0.150636
  0.12804337  3.97352732 -2.52328019  0.48675951  3.69815486  1.32960751
 -1.75045482]",55,1000,"(np.int32(1), np.int32(0), np.int32(0), np.int32(1), np.int32(0), np.int32(1), np.int32(0), np.int32(0), np.int32(1), np.int32(1))",15.78081662260745
65,10,2,2,2.5206403042429755,"[ 3.87298752  1.43364272 -2.42866741  0.41622346 -1.40682629 -0.96551722
 -0.7614245  -4.14279878  3.52324499  2.76833001  0.16341877  0.16635126
 -2.80378996 -1.72940193 -0.21124021 -1.38491544  1.83700325 -1.26112658
 -1.01113363  0.20897222 -0.64351926 -1.27707542 -1.09131748 -0.72094363
  1.06301489 -0.23586263  0.64317849  1.02520016  1.86328071  0.07334093
  1.78702344 -0.17304943 -0.59962449 -0.26589691  1.92360049  2.93416636
 -0.05625225  1.69690817 -0.01985155 -3.66279043 -0.75755089  2.06587265
 -0.27137003  0.16574179  0.75806684 -1.1777877   0.59765822  1.16948399
 -0.46339234 -0.77179598 -0.36900583  1.4614921  -1.59462584  0.39304781
 -2.03867167]",55,1000,"(np.int32(1), np.int32(0), np.int32(0), np.int32(1), np.int32(0), np.int32(1), np.int32(0), np.int32(0), np.int32(1), np.int32(1))",15.78081662260745
85,10,2,2,1.8618845868479523,"[ 0.20242969  0.50104934 -0.92133504 -0.62119459 -0.76215275 -0.4181523
  0.22046539 -0.9067001   3.68186723  1.15729632 -0.52834893  0.92719128
 -0.93782688 -0.12748455 -0.05636007 -0.09958623  1.64574613 -0.44365216
 -0.87768017  0.20170692 -0.36365976 -1.41189889  0.37422763  0.21305392
  0.07551266 -0.35147224  0.84258669  1.75193915  0.87072159 -0.45663071
  0.06441564 -0.51453242 -0.549931    0.06877757  0.6133139   1.51625825
  1.00079485  1.33644468 -0.92274426 -1.77565891 -1.37691991  1.20489899
 -0.79342751  0.96641139  1.86722438 -0.14236003 -0.75229598  0.37523315
  0.09571297 -2.2646768  -0.61283127  0.11905914 -0.63807176  0.41006967
 -1.52275878]",55,332,"(np.int32(1), np.int32(0), np.int32(0), np.int32(1), np.int32(0), np.int32(1), np.int32(0), np.int32(0), np.int32(1), np.int32(1))",15.78081662260745
105,10,2,2,1.5586227148002312,"[ 1.73424904  1.42232241 -0.05391477 -0.18086478 -1.80578621 -1.34522448
 -0.46551916 -2.03356601  2.19735864  0.77647685 -0.53639156 -0.36919173
 -0.57195149 -0.3425263  -1.03478357 -0.17660071 -0.07443123  0.58424629
 -0.51998884 -0.2644383  -1.0497913  -0.51137964  0.18995094  0.03034176
  0.1048031  -0.73000295  0.59058439  0.59908672  0.58916276  0.50874523
 -0.63859028  0.58498497 -0.03563283 -0.79531625  0.18393435  1.53306457
 -1.11122999  0.88957205  0.57789498 -0.17751503  0.25393016  0.80787601
  0.33235472  0.34918559  1.10785837  0.44913603  0.69510303 -0.69125471
 -0.29049416  0.13418417  0.3237577   0.53633838 -0.65278431  0.26946003
 -2.1517816 ]",55,231,"(np.int32(1), np.int32(0), np.int32(0), np.int32(1), np.int32(0), np.int32(1), np.int32(0), np.int32(0), np.int32(1), np.int32(1))",15.78081662260745
125,10,2,2,1.499213606743648,"[ 2.09084733  1.4437567  -0.70468849  0.40345561 -1.23458023 -0.69265374
 -0.01069391 -1.38359068  1.47691905  1.20971823 -0.3582737  -0.27626102
 -0.83363528 -0.21958818 -1.24461087 -0.66420476 -0.61257664  0.8128918
 -0.55773049 -0.28502917 -0.88959231 -0.42282372 -0.26564724  0.08065271
  0.43554749 -0.37437629  0.22385815  0.35325452  0.58591356  0.45089619
  0.09051731  0.87605331  0.18320483 -0.25153562  0.64325886  0.75734849
 -0.78568506  0.19570345  0.3953029   0.02505375  0.03952588  0.73864286
  0.23132587 -0.28425946  0.1917614   0.2819426   0.49093856  0.15610869
  0.3396131   0.63471327  0.01998875 -0.34068728 -0.85631314  0.30100244
 -1.67290242]",55,220,"(np.int32(1), np.int32(0), np.int32(0), np.int32(1), np.int32(0), np.int32(1), np.int32(0), np.int32(0), np.int32(1), np.int32(1))",15.78081662260745
145,10,2,2,1.4534808748604175,"[ 1.37529573  0.8122135  -0.26813885 -0.02970832 -1.16410075 -1.04206306
 -0.67872743 -1.25643628  1.34275571  0.41508173  0.10891893 -0.115771
 -0.41272258 -0.66910272 -0.87897531 -0.65722516 -0.69464409  1.01798688
 -0.33541565 -0.18698169 -0.621359   -0.35723845 -0.11289083  0.13586493
  0.26852922 -0.56019384  0.23371169  0.26081526  0.59406337  0.34648382
  0.27142527  0.3823474  -0.1256299  -0.1964547   0.50610196  0.91841057
 -0.2185431   0.16101992  0.27474278  0.05329842 -0.15004068  0.88588504
  0.33813156 -0.06428624  0.47327502  0.0888421   0.1740623   0.19536123
  0.80289085  0.58371552  0.32418293 -0.14433679 -0.57198271  0.54535966
 -1.98397913]",55,158,"(np.int32(1), np.int32(0), np.int32(0), np.int32(1), np.int32(0), np.int32(1), np.int32(0), np.int32(0), np.int32(1), np.int32(1))",15.78081662260745
165,10,2,2,1.4825797521709492,"[ 1.03923624  0.94194489  0.30896546 -0.4015817  -0.77826477 -1.2337584
 -0.40848834 -0.93975558  2.41340641  0.43918378 -0.25764593 -0.51923393
 -0.45666141 -0.22389778 -0.6610603   0.00588957 -0.73638325  0.74881772
 -0.27915612 -0.3112974  -0.41167261 -0.6164097   0.21294698 -0.13778909
  0.38406498 -0.66617782  0.60216948  0.25671274  0.2654604   0.49066019
  0.12412342  0.55173498 -0.78182214  0.23254675  0.43256186  1.22382044
 -0.06825004  0.71922414  0.06247872 -0.12123734 -0.06223513  0.94301976
  0.11070636  0.23657984 -0.21750953 -0.31616758 -0.1054013   0.46020143
  0.5677282   0.04442078 -0.32666661  0.24147512 -0.606554    0.35481095
 -2.21862258]",55,161,"(np.int32(1), np.int32(0), np.int32(0), np.int32(1), np.int32(0), np.int32(1), np.int32(0), np.int32(0), np.int32(1), np.int32(1))",15.78081662260745
185,10,2,2,1.4461498398729473,"[ 0.85688266  0.73341673 -0.06393819  0.0547012  -1.05847314 -1.45123958
 -1.10646738 -1.40689564  2.10104921  0.84394842 -0.31847528 -0.38027774
 -0.67029961 -0.39888985 -0.13059778 -0.04334867 -0.53588909  0.75381169
 -0.21639778 -0.05310974 -0.5822378  -0.37021481  0.24535024  0.16711859
  0.36081856 -0.64635855  0.13720985  0.10392391  0.67968967  0.2462552
  0.47535178  0.33622617 -0.53142009  0.11904248  0.67899882  0.98646503
  0.06726307  0.59391222  0.02007875 -0.57929848 -0.26052413  0.90096194
  0.23655363  0.17464752 -0.19729845  0.01217004  0.08164642  0.36224654
  0.7278201   0.43766423 -0.46310547  0.03322832 -0.28749123  0.3351285
 -1.85426749]",55,152,"(np.int32(1), np.int32(0), np.int32(0), np.int32(1), np.int32(0), np.int32(1), np.int32(0), np.int32(0), np.int32(1), np.int32(1))",15.78081662260745
205,10,2,2,1.4153285792169212,"[ 0.61377209  0.48654046  0.         -0.24499117 -1.29614002 -1.33225963
 -1.52723105 -1.36207472  2.21148593  0.52765336  0.04204882 -0.31225578
 -0.43154183 -0.37726067 -0.37040056 -0.02001189 -0.6718667   0.56410821
  0.04342956 -0.15088088 -0.49449071 -0.39919571  0.24446773  0.39840949
  0.23308929 -0.65069005  0.25490134  0.19878927  0.57743017  0.22925811
  0.49922338  0.53651559 -0.48772755  0.05379638  0.62809231  0.84262113
  0.31300681  0.48881457 -0.11346642 -0.26191413 -0.11955799  0.79683358
  0.30862935  0.30638572 -0.01286908  0.06943325  0.04616035  0.41155308
  0.55480612  0.52971924 -0.46825068  0.30547156 -0.21166198  0.24264406
 -1.92941433]",54,147,"(np.int32(1), np.int32(0), np.int32(0), np.int32(1), np.int32(0), np.int32(1), np.int32(0), np.int32(0), np.int32(1), np.int32(1))",15.78081662260745
225,10,2,2,1.3893944490021441,"[ 1.26960412  1.10106542  0.644751    0.34729918 -0.23262232 -0.62560954
 -0.59069975 -0.40073039  2.08550061  0.04900704 -0.57375517 -0.72027822
 -1.13321871 -0.30379653 -0.39508483  0.39893322 -0.54436359  0.37094859
  0.19667845  0.03910023 -0.22365254 -0.82291763  0.19961204 -0.01586142
 -0.07449346 -0.72564292  0.33016912  0.38600847  0.15367602 -0.10138262
  0.11964715  0.1054209  -0.28143263  0.17078711  0.24914976  0.67056168
 -0.15519329  0.12729542  0.09605692 -0.14534906 -0.36721818  0.54783467
  0.10472493  0.42403464  0.06577222 -0.1278826   0.0027964   0.21272788
  0.92300652  0.28468322 -0.36048432  0.27493933 -0.13841485  0.22567206
 -2.03567858]",55,134,"(np.int32(1), np.int32(0), np.int32(0), np.int32(1), np.int32(0), np.int32(1), np.int32(0), np.int32(0), np.int32(1), np.int32(1))",15.78081662260745
245,10,2,2,1.330405086679029,"[ 1.08195531  1.14099662  0.65736479  0.33483301 -0.51883652 -0.47754374
 -0.49935149 -0.40710437  1.94661497  0.33368259 -0.32059069 -0.5759617
 -0.98058502 -0.297877   -0.33563067  0.31854172 -0.55965833  0.26332191
  0.23245297 -0.13645649 -0.48596971 -0.58071891  0.14917343 -0.06905727
 -0.10762457 -0.52479656  0.1110074   0.12207752  0.21983343 -0.17076724
 -0.06693525  0.24877359 -0.44446869  0.27781953  0.42372025  0.54286723
  0.0076417   0.26128895  0.18663879 -0.24235553 -0.1974835   0.51799793
  0.15849822  0.37297047  0.05824724 -0.22078591  0.16705692  0.31338408
  0.60570067  0.2818653  -0.14542115  0.25475832 -0.1775506  -0.03656428
 -1.91287354]",55,135,"(np.int32(1), np.int32(0), np.int32(0), np.int32(1), np.int32(0), np.int32(1), np.int32(0), np.int32(0), np.int32(1), np.int32(1))",15.78081662260745
265,10,2,2,1.3494208159567154,"[ 1.19916675  1.14713314  0.65737345  0.39524662 -0.47036415 -0.45022076
 -0.25179554 -0.43509622  2.17158441  0.43795246 -0.31733525 -0.47426913
 -1.08217657 -0.30540712 -0.35185931  0.32647426 -0.71756715  0.23716482
  0.13945081 -0.21512005 -0.35320448 -0.58106137  0.20360248 -0.1407436
  0.00743988 -0.62078162  0.05282056  0.13346347  0.23612134 -0.24169219
  0.01868018  0.29638759 -0.51764734  0.34673654  0.3432346   0.40701904
 -0.03615178  0.17628749  0.19684726 -0.12512155 -0.17812794  0.5439381
  0.26511108  0.40999151 -0.03928339 -0.26171359  0.28848452  0.29749683
  0.60331856  0.23528595 -0.30949785  0.08351688 -0.22156974  0.06773484
 -2.09230199]",55,130,"(np.int32(1), np.int32(0), np.int32(0), np.int32(1), np.int32(0), np.int32(1), np.int32(0), np.int32(0), np.int32(1), np.int32(1))",15.78081662260745
285,10,2,2,1.317280074694182,"[ 0.78064034  1.18526487  0.35907929  0.54367175 -0.202448   -0.33004721
 -0.18131878 -0.27515092  2.11271976  0.65841088 -0.25324817 -0.42334529
 -0.86701695 -0.29228114 -0.11191525  0.43818904 -0.45903988  0.09444307
  0.12082359 -0.22712136 -0.42542561 -0.443976    0.18668206 -0.1507242
 -0.07426381 -0.60746146 -0.08438504  0.09925022  0.40036713 -0.14514379
  0.14576866  0.26487855 -0.61416286  0.40814833  0.21090684  0.1979033
  0.00525853  0.01704083  0.186372   -0.09874072 -0.21185625  0.38821623
  0.10708932  0.43877339 -0.19678013 -0.34653461  0.12364259  0.33366703
  0.56118465  0.18761782 -0.14338467 -0.04037007 -0.0334225   0.06840305
 -2.11440596]",55,120,"(np.int32(1), np.int32(0), np.int32(0), np.int32(1), np.int32(0), np.int32(1), np.int32(0), np.int32(0), np.int32(1), np.int32(1))",15.78081662260745
305,10,2,2,1.3061854224912974,"[ 6.56532178e-01  1.11153914e+00  4.26358222e-01  7.09711380e-01
 -3.22218573e-01 -3.78631193e-01 -3.35411206e-01 -1.04929204e-01
  2.07288093e+00  6.97926358e-01 -2.22568365e-01 -3.66383379e-01
 -7.57408347e-01 -3.29484191e-01 -4.74475196e-02  3.47673479e-01
 -5.71077836e-01  1.40590713e-01  1.46318098e-01 -2.54747545e-01
 -5.09277594e-01 -3.16458749e-01  2.94667018e-01  2.60220772e-02
 -2.19843042e-01 -5.34756488e-01 -1.48780403e-01  1.35666984e-01
  2.16922439e-01 -7.08149818e-02  8.83445621e-03  2.15476520e-01
 -5.53534312e-01  3.31973900e-01  1.25775043e-01  4.53872238e-02
  2.62117765e-03  2.08693119e-02  1.09396342e-01 -6.90933632e-02
 -9.03763857e-02  4.28388796e-01  2.67943737e-01  4.13899408e-01
 -7.01739839e-02 -2.44082787e-01 -1.26755853e-03  3.31592045e-01
  4.81841626e-01  2.39447873e-01 -1.85472573e-01  3.87828016e-02
 -9.52926519e-02  9.09728870e-02 -2.14771799e+00]",55,132,"(np.int32(1), np.int32(0), np.int32(0), np.int32(1), np.int32(0), np.int32(1), np.int32(0), np.int32(0), np.int32(1), np.int32(1))",15.78081662260745
325,10,2,2,1.2953646199472317,"[ 0.59647273  1.18113675  0.51539823  0.73825491 -0.33682931 -0.46094841
 -0.47287016 -0.04758643  2.12178296  0.71885015 -0.10502466 -0.3811397
 -0.66778903 -0.40515677  0.0126647   0.26774225 -0.63280886  0.23745097
  0.13984923 -0.31793873 -0.57972756 -0.34259574  0.26740238  0.0828993
 -0.30169345 -0.56552138 -0.22457441  0.0393518   0.11686913 -0.06132286
 -0.0118933   0.20295784 -0.43495498  0.3176954   0.17912267  0.06285664
  0.06864468 -0.00651421  0.04993442 -0.10197698 -0.0084645   0.43357894
  0.27386605  0.37131501 -0.03289007 -0.0764826  -0.03874757  0.19595133
  0.45268937  0.32928057 -0.16230153  0.06382698 -0.13888185  0.10725324
 -2.12860471]",55,133,"(np.int32(1), np.int32(0), np.int32(0), np.int32(1), np.int32(0), np.int32(1), np.int32(0), np.int32(0), np.int32(1), np.int32(1))",15.78081662260745
345,10,2,2,1.265757023869756,"[ 5.81966962e-01  1.26791103e+00  4.32483749e-01  6.46833590e-01
 -1.54436604e-01 -4.85307914e-01 -4.87758365e-01 -7.42402170e-03
  1.96380669e+00  7.63929583e-01 -1.60593538e-01 -3.59012278e-01
 -5.76948941e-01 -3.35133303e-01  9.08751367e-02  3.40359965e-01
 -6.67136385e-01  1.07936793e-01  1.00134792e-01 -2.81768366e-01
 -6.36070927e-01 -4.24487931e-01  1.56119250e-01  6.84252683e-02
 -3.70934743e-01 -4.39619345e-01 -2.63259401e-01  3.34047161e-02
  6.43793955e-05 -5.27720857e-02 -9.64952005e-03  1.36466096e-01
 -3.14531793e-01  3.36442154e-01 -7.45242618e-03  1.30783934e-01
  1.01493526e-01 -3.38052325e-02  1.41773807e-01 -1.25449704e-01
  4.05887161e-02  4.22485676e-01  1.79214360e-01  4.29143502e-01
 -6.03388608e-02 -9.65675251e-03 -1.22061867e-02  1.26890553e-01
  3.83294081e-01  3.74312887e-01 -2.54286285e-01  2.58551611e-02
 -2.72682794e-02  3.34338991e-02 -2.01587416e+00]",55,127,"(np.int32(1), np.int32(0), np.int32(0), np.int32(1), np.int32(0), np.int32(1), np.int32(0), np.int32(0), np.int32(1), np.int32(1))",15.78081662260745
365,10,2,2,1.2664770853248637,"[ 0.47475669  1.38480749  0.29387527  0.48681103  0.05433937 -0.5357357
 -0.48668557 -0.05114679  1.78589285  0.70207308 -0.21029254 -0.30863583
 -0.56104177 -0.32974045  0.11191441  0.42864184 -0.56377531  0.01892415
  0.10457357 -0.24301464 -0.5540097  -0.49049213  0.08420828  0.05469653
 -0.42251541 -0.44942216 -0.33938018 -0.01808495 -0.03847702  0.05660358
 -0.02232878  0.1203175  -0.24603696  0.43622527 -0.04736463  0.217482
  0.0888164  -0.09384338  0.25025262 -0.00911286 -0.06223331  0.40282835
  0.18451408  0.3979105  -0.17752744 -0.05139462  0.04183407  0.16698215
  0.34817298  0.32803334 -0.17271399  0.08057411  0.08973557  0.05872936
 -2.00025448]",55,111,"(np.int32(1), np.int32(0), np.int32(0), np.int32(1), np.int32(0), np.int32(1), np.int32(0), np.int32(0), np.int32(1), np.int32(1))",15.78081662260745
385,10,2,2,1.2623591970466999,"[ 0.3530587   1.36731726  0.19166608  0.54104973  0.23722455 -0.77599532
 -0.4892483  -0.14472221  1.93263328  0.69071766 -0.18829665 -0.15487298
 -0.5075122  -0.34023073  0.22774554  0.41031078 -0.52923746 -0.01619196
  0.04559167 -0.21854866 -0.59955598 -0.44390841  0.07996339 -0.01860471
 -0.41859413 -0.39066746 -0.31183949 -0.10324614 -0.17599257  0.20257476
  0.08373591  0.25376242 -0.41066669  0.41245897 -0.11425355  0.32208932
  0.06148341 -0.00822572  0.16172922 -0.04624467 -0.09115527  0.28310902
  0.1037467   0.36775306 -0.03537903 -0.05171662  0.0977076   0.15338081
  0.39799137  0.34017837 -0.16262333  0.06957399  0.0761247   0.05554621
 -1.99031237]",55,111,"(np.int32(1), np.int32(0), np.int32(0), np.int32(1), np.int32(0), np.int32(1), np.int32(0), np.int32(0), np.int32(1), np.int32(1))",15.78081662260745
405,10,2,2,1.2621267464764436,"[ 0.39501457  1.3214572   0.13533023  0.45999282  0.22412854 -0.8310536
 -0.53452885 -0.14230111  2.10784238  0.720433   -0.26802156 -0.21118884
 -0.57241766 -0.32157744  0.21517162  0.44433601 -0.49457136  0.06095663
  0.06724597 -0.11906838 -0.51875989 -0.40398531 -0.00389811  0.032216
 -0.49032956 -0.41105416 -0.23117611 -0.04459267 -0.18738566  0.31450828
  0.05228076  0.23579084 -0.53291645  0.33543621 -0.18793623  0.34443121
  0.05196114  0.06350815  0.07848353 -0.06528114 -0.01030207  0.28873689
  0.10742188  0.32209297 -0.11420212 -0.10116313  0.10492792  0.14560723
  0.36987936  0.31851801 -0.22292572  0.17880779  0.12347987  0.05081741
 -2.03123329]",55,111,"(np.int32(1), np.int32(0), np.int32(0), np.int32(1), np.int32(0), np.int32(1), np.int32(0), np.int32(0), np.int32(1), np.int32(1))",15.78081662260745
5,10,2,3,1.696646236435836,"[ 6.61905504e-01 -1.39521310e+00 -1.16027463e+00  6.77673071e-01
  1.38812938e-01  1.64920028e-01 -1.12678622e-01  2.24011165e-01
  6.87487810e-02 -4.28228804e-02  1.76126143e-01  3.21914872e-15
  1.11817062e-01  2.20945103e-02  1.13833827e-02  0.00000000e+00
  0.00000000e+00 -3.35003704e-03  1.43123417e-02  6.31866157e-03
  6.36270835e-02  1.59067709e-02  6.10946181e-03  0.00000000e+00
  0.00000000e+00  0.00000000e+00  0.00000000e+00 -5.42232198e-02
 -8.63360087e-03 -9.82445281e-17 -3.99799351e-04  0.00000000e+00
  0.00000000e+00  0.00000000e+00 -1.66763438e-03 -4.06570017e-03
 -6.51142461e-17 -5.98750092e-03 -7.77030073e-03 -8.79389606e-17
 -6.02057869e-03 -0.00000000e+00  0.00000000e+00 -3.65051490e-03
 -9.16997869e-17 -0.00000000e+00 -4.47562279e-04 -6.69156028e-19
 -2.54109884e-20 -0.00000000e+00 -8.47032947e-21 -8.47032947e-21
 -8.47032947e-21 -0.00000000e+00 -2.63747865e-03]",41,83,"(np.int32(1), np.int32(0), np.int32(0), np.int32(1), np.int32(0), np.int32(1), np.int32(0), np.int32(0), np.int32(1), np.int32(1))",15.78081662260745
25,10,2,3,1.9266398187021088,"[ 0.32562393  0.4040091  -0.34578535  1.96756946 -1.25021454 -0.42193681
 -0.82378445 -1.0178819   1.11622128  0.67776322 -0.93991602 -0.09336795
 -0.45518713 -0.08475502  1.88432456  1.18888281 -1.06304452  0.8410506
  0.43031586  0.67069699 -0.13696828  0.16510483 -1.26228818  0.16644558
  0.00497411 -1.09206229  0.69451917 -0.06438648  0.08371721  0.49788539
  0.79386698  1.05273558  0.06906319 -0.5098848  -0.22069879  0.15652253
  0.80954921 -1.84894247  1.09230515 -0.28801764 -0.19974012 -0.22904568
  1.05450563 -0.10370156 -0.4645976  -0.31993401  0.47671432  0.62875438
  1.53705263 -0.15795772 -0.77235413 -1.03796226  1.54879905 -0.51693271
 -1.15026108]",55,1000,"(np.int32(1), np.int32(0), np.int32(0), np.int32(1), np.int32(0), np.int32(1), np.int32(0), np.int32(0), np.int32(1), np.int32(1))",15.78081662260745
45,10,2,3,2.401954057949201,"[ 1.85365791  2.00308486 -1.59264854  2.06186908 -0.18492744  0.6368863
 -0.66761238 -0.11630616  3.7523282  -1.65454124 -1.12897077 -0.76989434
 -1.82481286  0.62963286 -0.27244398 -0.17290135 -1.30030215  0.69945486
  2.14552059  1.71646023 -0.29221887  0.30606657 -2.70521939  0.72731377
  0.8738339  -0.63936925  1.81831077  1.39398072 -0.63776594  0.94862083
 -0.34644829  1.75822726 -0.93038542 -0.26991563  0.49113208  0.47925185
  0.46748958 -1.60086324 -1.59925129  0.4059645  -0.45752553 -0.62424789
  0.81906024  0.59313093 -1.98381562 -0.6241353  -0.97001129 -0.33120489
  2.63352408  1.6982137   0.16836495 -1.52750347 -0.01011681 -1.60185827
 -2.04134784]",55,467,"(np.int32(1), np.int32(0), np.int32(0), np.int32(1), np.int32(0), np.int32(1), np.int32(0), np.int32(0), np.int32(1), np.int32(1))",15.78081662260745
65,10,2,3,2.935707953753,"[-0.5863303   1.78807552 -5.2990632   0.10432695 -0.42462584  0.68982291
 -3.5495245   0.98464115  4.106388   -4.58472838 -1.46010788 -0.04297012
 -1.76530668  1.60465384  0.59768524  1.26260087 -2.36026051  0.62421841
  4.10528532 -2.44059165 -1.7844491   0.12371063 -0.72530154  2.58408625
 -0.07852003 -2.51186074  2.72888053  3.25067541 -0.8423861   3.22624128
  2.09941903  1.98188181  1.03185384  1.83565498  1.62587818 -1.1613281
 -0.66392052 -0.60723103  0.94879933  1.17292485  0.48051334 -0.97948273
 -0.18451081 -1.65098234 -2.53991271 -1.09859748 -3.21006256  2.00964779
  0.96892753  2.65908458 -0.53862625  1.93576899 -0.81187113 -0.30212162
 -3.22191845]",55,1000,"(np.int32(1), np.int32(0), np.int32(0), np.int32(1), np.int32(0), np.int32(1), np.int32(0), np.int32(0), np.int32(1), np.int32(1))",15.78081662260745
85,10,2,3,2.3920302136844698,"[ 3.21667139 -0.42334924 -4.59046241  3.61320524  3.47616076 -0.53790166
 -0.54170999  0.40432468  4.88842069 -1.08445165  0.642777   -0.90606898
 -2.41484015 -1.46802638  0.85928237  1.38689873 -2.70515309 -1.74860851
  1.00843186 -1.86790475 -2.18736738  0.97452997  0.5841878   2.31713091
 -1.98929576  0.14325385  2.08253852  0.83547801  0.80500199  1.59628504
  2.08230356  2.18754454  1.70901113  1.77881137 -1.07432974 -0.16126488
 -1.10775758  0.6121352  -2.47340553  0.6882183  -0.92766318 -2.83033535
 -0.58853862 -1.45010793 -0.73945135  0.68313328 -1.06955061  0.33810769
  0.20188083  0.13784238 -0.70033885 -1.12060969 -0.13735245 -1.0171429
 -1.16359811]",55,618,"(np.int32(1), np.int32(0), np.int32(0), np.int32(1), np.int32(0), np.int32(1), np.int32(0), np.int32(0), np.int32(1), np.int32(1))",15.78081662260745
105,10,2,3,1.677721473555807,"[ 1.29689809  1.47916989 -3.32564478  2.1244335   0.62000556 -0.42979558
 -2.088346   -0.5406107   4.908162   -0.80783651 -0.37701636  0.09413687
 -1.57853406 -0.97625356  0.37477377  0.71079628 -0.5000248  -0.29597353
  0.69695309  0.370674   -1.14860756 -0.77982337 -0.37720229  0.36848151
 -0.03731454 -1.40353399  1.18914354  0.46292844  0.60590618  1.12470725
  1.11839843  1.5477401  -0.97160481  1.84476168 -0.32378306 -0.65426432
 -0.03389267  0.78561378 -1.01556247 -0.14555898  0.29486404  0.06043366
 -0.4577146  -0.26546515 -0.18899387  0.25915432 -0.77162118 -0.33462209
  0.93408537  0.9048695   0.01231414  0.06532066 -1.18106074 -0.60556216
 -1.7496789 ]",55,296,"(np.int32(1), np.int32(0), np.int32(0), np.int32(1), np.int32(0), np.int32(1), np.int32(0), np.int32(0), np.int32(1), np.int32(1))",15.78081662260745
125,10,2,3,1.6735096728131589,"[ 1.20836852e+00  2.18348185e+00 -2.90986189e+00  1.28287627e+00
  1.64872063e-01 -9.43999894e-01 -1.86877562e+00 -9.15534576e-01
  4.33786513e+00 -7.91280596e-01 -4.04325564e-01  2.42559591e-02
 -1.44221729e+00 -5.73203417e-01  7.28941012e-01  3.50885148e-01
 -2.74254569e-01 -2.88624992e-01  2.93312077e-01  3.61004993e-01
 -1.25856642e+00 -9.45063854e-01 -5.14531600e-01  2.18644235e-01
 -4.27600205e-01 -1.41206631e+00  9.19222379e-01  8.64132521e-01
  2.24029843e-02  8.79850671e-01  1.07787043e+00  1.15638911e+00
 -9.58758384e-01  1.61951658e+00 -2.57248793e-01 -2.62159808e-01
  4.30859026e-01  9.57480142e-01 -9.72760311e-01  1.25225919e-03
  1.64720299e-01  4.58445370e-01  2.15891178e-01 -3.44784127e-01
  2.19530615e-01  3.53683669e-01 -5.69322584e-01 -4.04513323e-01
  9.10635425e-01  9.28527276e-01 -1.25053135e-02 -4.40062095e-01
 -8.80386356e-01 -6.79570851e-01 -1.08566289e+00]",55,198,"(np.int32(1), np.int32(0), np.int32(0), np.int32(1), np.int32(0), np.int32(1), np.int32(0), np.int32(0), np.int32(1), np.int32(1))",15.78081662260745
145,10,2,3,1.7201868935302604,"[ 0.57797655  1.80216757 -1.79622977  0.76981656  0.19800982 -0.85922023
 -1.59892128 -0.81182509  4.36734784  0.03890468 -0.26585048 -0.06292678
 -1.22631976 -0.46888205  0.80759322  0.3003511  -0.60049036  0.37537198
  0.04465801  0.34771517 -0.83334006 -0.80877803 -0.43725486 -0.14343248
 -0.38707969 -1.22092369  0.47768402  0.69003192 -0.58800379  0.66046468
  1.14434614  1.2253505  -1.67199227  1.51784006 -0.1329739  -0.10357006
  0.32950896  0.76453523 -0.3489071  -0.31606393 -0.08258051  0.55662891
  0.6769394  -0.38767533  0.11708642  0.26630761 -0.39355098 -0.64171582
  0.8443591   0.99537005 -0.20096601 -0.0167516  -1.02798072 -0.25564495
 -1.84600146]",55,146,"(np.int32(1), np.int32(0), np.int32(0), np.int32(1), np.int32(0), np.int32(1), np.int32(0), np.int32(0), np.int32(1), np.int32(1))",15.78081662260745
165,10,2,3,1.492526008095597,"[ 0.17227951  0.66753028 -1.22950257  1.04981     0.51541933 -0.47332404
 -1.26147792 -0.90663373  3.69855392  0.19080425  0.3062577  -0.10490703
 -1.04203205 -0.64633869  0.27302751  0.51519478 -0.36463783 -0.01211137
  0.37003979  0.41848099 -0.62416368 -0.41850403 -0.01580476  0.0542941
 -0.5871835  -0.58597049  0.24702513  0.48037352 -0.6285833   0.72056457
  0.69406121  1.104176   -1.20314865  0.87093086 -0.20139386 -0.16080766
 -0.14170854  0.53726452 -0.41337772 -0.08420952 -0.23355364  0.25457291
  0.71420598 -0.07454325 -0.12596666 -0.17601353 -0.03736257 -0.46573442
  0.62404054  0.65498908 -0.0116217   0.23682294 -0.4353306  -0.44042056
 -2.15350367]",55,151,"(np.int32(1), np.int32(0), np.int32(0), np.int32(1), np.int32(0), np.int32(1), np.int32(0), np.int32(0), np.int32(1), np.int32(1))",15.78081662260745
185,10,2,3,1.5130605285899201,"[ 0.4345077   1.08366452 -1.36166089  0.84713831  0.33264211 -1.08610424
 -0.88319812 -0.78266547  3.72338501  0.7513796   0.19543496 -0.29522008
 -1.07758235 -0.64419154  0.11037758  0.63296917 -0.60991213  0.07380267
  0.41478158  0.27529785 -0.80034115 -0.67922991  0.07284647 -0.08092012
 -0.41927844 -0.80005301  0.25336687  0.59268955 -0.32202873  1.08216766
  0.45712731  1.09426727 -1.17942181  0.58371526 -0.26364523  0.10738375
 -0.29406036  0.55416697 -0.22866247 -0.30768612 -0.11764935  0.33035288
  0.71569764 -0.04793783 -0.12518076 -0.08485444  0.17884073 -0.25696603
  0.36428687  0.19901609 -0.23043892  0.37849551 -0.54740431 -0.56167352
 -2.23907149]",55,157,"(np.int32(1), np.int32(0), np.int32(0), np.int32(1), np.int32(0), np.int32(1), np.int32(0), np.int32(0), np.int32(1), np.int32(1))",15.78081662260745
205,10,2,3,1.4655591558661751,"[ 0.83132131  0.80851344 -1.11385859  0.58831491  0.17454262 -0.94186555
 -0.68113308 -0.65299612  3.35048165  0.51739041  0.18842513 -0.41979858
 -1.15238123 -0.60851395  0.07488471  0.34809969 -0.44061121  0.14630844
  0.41380356  0.2741217  -0.73075067 -0.46478723  0.06816778  0.06963231
 -0.40826794 -0.67964212  0.24058066  0.62207149 -0.49177047  1.05277749
  0.58700383  0.67002777 -1.06239507  0.5421065   0.137076    0.36829731
 -0.08407796  0.48837356 -0.41880317 -0.36816864 -0.05195829  0.30084453
  0.52255002  0.13521422 -0.30329323 -0.62547577 -0.0100305  -0.15152896
  0.51373692  0.19972352 -0.24415248  0.41564444 -0.11284846 -0.41455342
 -2.17578794]",55,150,"(np.int32(1), np.int32(0), np.int32(0), np.int32(1), np.int32(0), np.int32(1), np.int32(0), np.int32(0), np.int32(1), np.int32(1))",15.78081662260745
225,10,2,3,1.4571866439703753,"[ 0.64704034  0.71370069 -1.15714415  0.64014555  0.36996495 -0.73538297
 -0.4370932  -0.41463944  3.0694551   0.6884778   0.04415107 -0.23949404
 -1.14222906 -0.56500036  0.28592245  0.28414805 -0.45344614  0.14898291
  0.4178359   0.30884403 -0.76388979 -0.40190792  0.22038592  0.14152804
 -0.43008095 -0.81037476  0.304146    0.49396346 -0.49856112  1.02104814
  0.61647892  0.73288193 -1.09311646  0.5898223   0.20366535  0.17939487
  0.08504218  0.53435361 -0.42620782 -0.34758248 -0.16293992  0.08000004
  0.35220328  0.3205707  -0.48886751 -0.81468617 -0.13701776 -0.01525232
  0.39123035  0.06272798 -0.14144186  0.33825792 -0.13479119 -0.43249366
 -2.04171998]",55,145,"(np.int32(1), np.int32(0), np.int32(0), np.int32(1), np.int32(0), np.int32(1), np.int32(0), np.int32(0), np.int32(1), np.int32(1))",15.78081662260745
245,10,2,3,1.4068093534540163,"[ 0.39332005  1.06975405 -0.45796421  0.31703533 -0.13206098 -0.74539939
 -1.17707451 -0.35460861  2.93643104  0.6206984   0.02352272 -0.49079991
 -0.90215994 -0.19133378  0.30819387  0.53036499 -0.58015191  0.12109774
  0.43226504  0.08362624 -0.89897912 -0.11418132 -0.07127357  0.28003457
 -0.65648015 -0.77749256  0.16127222  0.22594148 -0.33378593  0.59500934
  0.6092865   0.55730823 -0.72843114  0.40971464  0.41976408  0.3039867
  0.39189443  0.53610976 -0.32286539 -0.26888324  0.04566154 -0.22424277
  0.4596094   0.18575292 -0.46271208 -0.32116119 -0.33224899  0.02010937
  0.29884373  0.5092864  -0.50559914  0.38416057  0.03026196 -0.38040396
 -1.96410857]",55,139,"(np.int32(1), np.int32(0), np.int32(0), np.int32(1), np.int32(0), np.int32(1), np.int32(0), np.int32(0), np.int32(1), np.int32(1))",15.78081662260745
265,10,2,3,1.3689872335025768,"[ 0.36219405  0.72841643 -0.09441242  0.32892197  0.11688202 -0.83526248
 -1.38270894 -0.38725744  2.60922412  0.51925397  0.14141767 -0.39061327
 -0.8291015  -0.45476319  0.17499395  0.52307329 -0.65561502  0.26611963
  0.30414212  0.13551644 -0.80865585 -0.13969654  0.0373444   0.48546228
 -0.5440493  -0.74680259  0.05936247  0.08203365 -0.3340005   0.40961874
  0.38785715  0.34522899 -0.68726841  0.26092511  0.19294432  0.32199738
  0.36961458  0.43949007 -0.09060745 -0.24247104  0.11023113 -0.14609184
  0.52719543  0.19545345 -0.29229849 -0.21805681 -0.22008476  0.03975184
  0.52785913  0.61060032 -0.45701953  0.5066898   0.07347334 -0.25763714
 -2.08034852]",55,132,"(np.int32(1), np.int32(0), np.int32(0), np.int32(1), np.int32(0), np.int32(1), np.int32(0), np.int32(0), np.int32(1), np.int32(1))",15.78081662260745
285,10,2,3,1.321530082144407,"[ 0.33707338  0.2946005  -0.16304831  0.16593003  0.36944125 -0.82144667
 -1.21670053 -0.29201468  2.59124018  0.68850743  0.11443914 -0.14497794
 -0.51224922 -0.62368426  0.11665456  0.38795543 -0.56376671  0.22842767
  0.00918112  0.2830638  -0.62720918 -0.24068237  0.1526595   0.58061596
 -0.33224811 -0.68273719  0.06946149 -0.11385925 -0.29913245  0.46528379
  0.42024346  0.06821146 -0.66294154  0.32244721  0.25185275  0.43141673
  0.3583904   0.29969661 -0.1416065  -0.07861316 -0.02331014 -0.12045283
  0.46792785  0.18266766 -0.36586462 -0.21742687 -0.21807247 -0.07556931
  0.44849947  0.50159785 -0.38500068  0.38176208  0.31333866 -0.22055221
 -2.11168711]",55,122,"(np.int32(1), np.int32(0), np.int32(0), np.int32(1), np.int32(0), np.int32(1), np.int32(0), np.int32(0), np.int32(1), np.int32(1))",15.78081662260745
305,10,2,3,1.2927209476353858,"[ 3.00228251e-01  3.53350340e-01  1.50344226e-01  3.67681778e-01
  1.85736057e-01 -8.68711267e-01 -1.21665607e+00 -6.01248499e-01
  2.60984462e+00  9.70421863e-01 -2.91744095e-02 -8.14396860e-02
 -3.84370696e-01 -5.62402346e-01  5.70514693e-02  2.94958545e-01
 -4.51542596e-01  2.40971783e-01 -2.06239501e-03  1.54095384e-01
 -5.70425928e-01 -1.01495097e-01  1.37130217e-01  5.34055786e-01
 -1.74526980e-01 -5.85658601e-01 -8.59167226e-02 -2.75695680e-01
 -3.17036240e-01  4.04009736e-01  2.87042687e-01  1.13491609e-01
 -7.30899682e-01  2.56891507e-01  1.96353421e-01  4.24378161e-01
  3.65197719e-01  2.50932326e-01 -3.55465992e-01 -9.97397284e-02
  1.43960256e-01  2.92365100e-02  4.30420538e-01  2.05908553e-01
 -4.02822870e-01 -1.80398308e-01 -1.88693725e-02 -3.52976428e-02
  3.47963469e-01  6.80352046e-01 -2.44617812e-01  2.15972245e-01
  3.09427307e-01 -2.42472205e-01 -2.10992775e+00]",55,125,"(np.int32(1), np.int32(0), np.int32(0), np.int32(1), np.int32(0), np.int32(1), np.int32(0), np.int32(0), np.int32(1), np.int32(1))",15.78081662260745
325,10,2,3,1.2853518287757728,"[ 3.64118080e-01  5.79638337e-01  3.45370390e-01  5.72945125e-01
  9.37407027e-02 -7.82860323e-01 -9.21246716e-01 -6.97992363e-01
  2.57933367e+00  9.11635197e-01 -1.54957706e-01 -1.77616382e-01
 -3.86781335e-01 -4.61870338e-01  2.28926109e-01  3.38374243e-01
 -4.83715858e-01  1.00185863e-01  6.55805680e-02  1.41333469e-01
 -4.59933047e-01 -2.91186897e-01  1.29411064e-01  3.24419643e-01
 -2.23534620e-01 -5.33385726e-01 -1.81895774e-01 -2.45774357e-01
 -3.81281929e-01  1.69913920e-01  1.50885606e-01  2.08272761e-01
 -7.26932734e-01  3.26899510e-01  9.30845059e-02  2.17766108e-01
  2.87376563e-03  2.87350236e-01 -2.37146573e-01 -2.13071089e-01
  1.79982559e-01  3.06823113e-01  4.31482945e-01  9.35184397e-02
 -1.53741959e-01 -5.15053781e-02  8.15230272e-02  1.16917915e-03
  3.00271654e-01  7.08680631e-01 -2.53335671e-01  1.12676806e-01
  2.15827787e-01 -9.39620597e-02 -2.05126101e+00]",55,119,"(np.int32(1), np.int32(0), np.int32(0), np.int32(1), np.int32(0), np.int32(1), np.int32(0), np.int32(0), np.int32(1), np.int32(1))",15.78081662260745
345,10,2,3,1.2872491626733336,"[ 0.46425174  0.68373871  0.06313533  0.41517255 -0.13071017 -0.96098551
 -1.02477279 -0.54302004  2.1798671   0.72887634 -0.22067788 -0.25240714
 -0.39702125 -0.50619237  0.14462285  0.39316667 -0.32495883  0.03652324
  0.00448057  0.16039882 -0.49833184 -0.381684    0.19419445  0.37118444
 -0.28599556 -0.5298326  -0.25056385 -0.09101067 -0.31272072  0.25108847
  0.22175324  0.21576026 -0.64092318  0.35397188  0.04813712  0.23350691
  0.01159293  0.15572873 -0.03877452 -0.11271683  0.21961042  0.39265902
  0.3997506   0.24685374  0.05447903 -0.04126504  0.01759668  0.17982432
  0.38222479  0.56494018 -0.2401095   0.14053769  0.23534853 -0.09675477
 -1.98186868]",55,118,"(np.int32(1), np.int32(0), np.int32(0), np.int32(1), np.int32(0), np.int32(1), np.int32(0), np.int32(0), np.int32(1), np.int32(1))",15.78081662260745
365,10,2,3,1.2914379139705132,"[ 3.86675629e-01  9.67112986e-01 -3.90202315e-02  5.53581361e-01
  3.07736037e-02 -7.37497650e-01 -6.78515186e-01 -2.28940094e-01
  2.37667749e+00  8.65872820e-01 -2.37661902e-01 -2.56753845e-01
 -4.74724569e-01 -4.28313111e-01  2.06378022e-01  4.03362448e-01
 -4.21148944e-01  1.34632958e-01  9.57530288e-02  2.18443614e-01
 -5.70539139e-01 -3.16036437e-01  8.51345093e-02  2.16774441e-01
 -4.01146019e-01 -5.44986658e-01 -2.68373800e-01 -1.08947756e-01
 -2.17402340e-01  2.74510065e-01  1.54251588e-01  3.09699617e-01
 -5.67979125e-01  3.76918135e-01 -1.93816695e-02  3.32307023e-01
 -2.85976618e-03  3.05561196e-02  2.08534861e-03 -1.48018344e-01
  9.71022700e-02  3.17713357e-01  2.43130145e-01  1.93084032e-01
 -8.88572888e-02 -5.50925045e-02 -5.20932845e-03 -2.28495817e-02
  3.15873446e-01  4.79683270e-01 -3.40221455e-01  1.06140169e-01
  1.61429198e-01 -4.98915271e-02 -2.06882721e+00]",55,115,"(np.int32(1), np.int32(0), np.int32(0), np.int32(1), np.int32(0), np.int32(1), np.int32(0), np.int32(0), np.int32(1), np.int32(1))",15.78081662260745
385,10,2,3,1.2677799519568174,"[ 3.63520425e-01  1.21643237e+00  1.36521003e-01  5.35905710e-01
  1.46605401e-01 -7.01879281e-01 -5.54728014e-01 -1.83857887e-01
  2.12498029e+00  6.24808596e-01 -2.80760014e-01 -2.58780317e-01
 -5.10616867e-01 -3.59722181e-01  1.65936783e-01  4.17777269e-01
 -4.61418456e-01  2.40025414e-01  9.20992061e-02  6.06147355e-02
 -5.51969706e-01 -3.75022111e-01  3.44388818e-02  1.21383642e-01
 -4.97809919e-01 -5.64419174e-01 -2.40219068e-01 -1.35623947e-02
 -2.42839713e-01  2.25786974e-01 -7.90427041e-04  2.11923530e-01
 -5.27809297e-01  4.17064357e-01 -1.54003449e-01  2.09025902e-01
 -3.62438632e-02  8.79078787e-02  1.40272864e-01 -8.31197319e-02
  1.19721175e-02  3.30683229e-01  1.71707807e-01  3.45403492e-01
 -7.45003906e-02 -6.53237973e-03  6.49429187e-02  9.07507778e-02
  3.79380353e-01  3.96717076e-01 -2.88848603e-01  1.35746963e-01
  1.24079498e-01  1.14485903e-01 -2.09048077e+00]",55,102,"(np.int32(1), np.int32(0), np.int32(0), np.int32(1), np.int32(0), np.int32(1), np.int32(0), np.int32(0), np.int32(1), np.int32(1))",15.78081662260745
405,10,2,3,1.2621267464764432,"[ 0.39501457  1.3214572   0.13533023  0.45999282  0.22412854 -0.8310536
 -0.53452885 -0.14230111  2.10784238  0.720433   -0.26802156 -0.21118884
 -0.57241766 -0.32157744  0.21517162  0.44433601 -0.49457136  0.06095663
  0.06724597 -0.11906838 -0.51875989 -0.40398531 -0.00389811  0.032216
 -0.49032956 -0.41105416 -0.23117611 -0.04459267 -0.18738566  0.31450828
  0.05228076  0.23579084 -0.53291645  0.33543621 -0.18793623  0.34443121
  0.05196114  0.06350815  0.07848353 -0.06528114 -0.01030207  0.28873689
  0.10742188  0.32209297 -0.11420212 -0.10116313  0.10492792  0.14560723
  0.36987936  0.31851801 -0.22292572  0.17880779  0.12347987  0.05081741
 -2.03123329]",55,111,"(np.int32(1), np.int32(0), np.int32(0), np.int32(1), np.int32(0), np.int32(1), np.int32(0), np.int32(0), np.int32(1), np.int32(1))",15.78081662260745
5,10,2,4,1.3975804074282974,"[ 0.00000000e+00 -5.01456578e-01  4.15021233e-01 -1.32032984e+00
 -3.35862011e-01  1.09847359e-01  1.51161168e-01  2.61593456e-03
  1.10783925e-01 -5.58279516e-02  6.46766408e-02 -4.78097215e-02
  1.61948503e-02 -2.80088605e-02  1.97926427e-02  4.31587277e-02
 -1.78940346e-02  4.51645717e-02 -1.95999468e-02  6.98773238e-03
  2.60480571e-02 -7.17216548e-04 -4.16374836e-03  3.97322368e-03
 -1.08856826e-03 -8.47032947e-19 -2.58470655e-03 -2.10349137e-02
 -1.45241899e-02 -3.46259453e-03  9.15382465e-03 -5.13407122e-03
  0.00000000e+00 -1.07498425e-02 -1.14672980e-02  8.94971127e-04
  1.01643954e-18 -1.49161855e-04 -5.04115594e-03 -7.19978005e-19
  8.59012521e-03  3.11143436e-18  6.72223768e-04  3.16589478e-03
  1.34678239e-18  5.90590113e-04 -2.35721614e-03  0.00000000e+00
 -1.34474662e-03 -3.36186655e-04  0.00000000e+00  0.00000000e+00
 -0.00000000e+00 -0.00000000e+00 -0.00000000e+00]",47,5,"(np.int32(1), np.int32(0), np.int32(0), np.int32(1), np.int32(0), np.int32(1), np.int32(0), np.int32(0), np.int32(1), np.int32(1))",15.78081662260745
25,10,2,4,1.8847579859400942,"[-0.61782126  0.42664237 -0.46724606 -0.34236069 -0.98140857  0.47215987
  0.43508531 -0.409631   -0.17034728  0.00826108  1.14030674 -0.712313
 -0.00375553 -0.48934227  1.04806609  0.61647966  0.03457921 -0.58639427
  0.43642657  0.08935868  0.32592805  0.621316    0.07229238 -1.05403281
 -1.86961429  1.08391017 -0.72955999 -0.31214894  0.44556899 -0.84885805
 -0.01771646  1.72366125  1.46401957 -0.9705552  -0.4964378   0.42051236
 -0.01272855  1.45527897  0.58377536  0.04966356  0.60426002  0.57003478
 -0.83163527 -0.66380889  0.20397637 -1.25669156 -1.53105131 -0.
  1.05356388  0.90676181 -0.42361898  1.05947706 -0.62143832  0.45915153
  0.38473368]",54,1000,"(np.int32(1), np.int32(0), np.int32(0), np.int32(1), np.int32(0), np.int32(1), np.int32(0), np.int32(0), np.int32(1), np.int32(1))",15.78081662260745
45,10,2,4,3.2884200624309052,"[-2.41664857 -0.74376827 -1.13743163  1.35162524 -2.41985521  2.51490115
 -0.76482891  1.00207795  0.44899675  2.95490741  2.14088326  0.78747239
 -2.48695604 -2.29897168  1.16564486  3.16160733  2.15406665 -2.53075397
 -2.00050532  1.12958067  0.2925852   0.69251812 -0.41901945 -1.40039773
 -2.20030661  1.92820522 -1.11150022  3.38455241 -0.9411352  -1.85115339
 -2.53971975  0.83549611  1.7203794  -0.79512439  1.68237739 -1.74269738
 -0.67561326  1.98473442  0.33637064 -1.56187341 -0.99748956  2.80445341
  2.90068004  1.76876161  0.16174169 -0.58243316 -1.36446403 -1.56964793
 -0.05215446 -4.34149792  2.52677816  1.91797197 -0.70210004 -1.64699712
 -1.51313399]",55,1000,"(np.int32(0), np.int32(0), np.int32(0), np.int32(0), np.int32(1), np.int32(0), np.int32(0), np.int32(1), np.int32(0), np.int32(0))",19.14644973053031
65,10,2,4,2.2118222021210894,"[-2.61817729 -3.54372557 -2.51078252 -0.05267195  0.95121284 -2.50161403
 -4.94163259 -5.49135382  6.59874983  3.91467691  0.18961645  0.8765398
  0.43017866 -1.84135614  1.41993863  1.57446967  0.88983978  0.21404797
  1.23357825  2.35376078  1.03632412  0.01082497 -0.11128548  1.4010106
  0.21358398  0.63219206  0.01655783  0.06068508 -0.67604409  0.8491926
  0.96432833  0.74466681 -0.9697892  -1.01958052 -2.83029645  0.64709149
  1.22396466  0.90359409 -1.17364482 -0.72528512  1.74154135  2.37315414
  2.31199986 -2.17357968 -1.36151927  0.37165172  1.90334306 -1.58533506
 -1.62131511  0.85434418 -1.17622574  0.56121149  1.43541591  0.37950936
 -4.74512991]",55,1000,"(np.int32(0), np.int32(0), np.int32(0), np.int32(0), np.int32(1), np.int32(0), np.int32(0), np.int32(1), np.int32(0), np.int32(0))",19.14644973053031
85,10,2,4,1.9036579649325487,"[-0.95734644 -2.01615748 -1.26286358 -2.08176358 -0.26098323 -0.01434445
 -2.48970488 -2.41875304  5.85833473  3.16175583  0.40859637  0.08595561
 -0.82439038 -2.18243724  0.761612    2.6531518   0.27275368 -0.88290379
  0.64479043  1.09656301 -0.56362262 -0.18557105  0.18211697  2.41876214
  1.07718432 -0.71625314  0.10445627  1.12780379 -0.21221852  0.11782214
 -1.02673794 -0.02455958  0.0588228  -0.58903925  0.27643623  1.07480761
  1.4585553   1.90730673 -0.21860473 -0.10335316  0.2873055   0.98429465
  1.17049061  0.08170495 -0.43814568 -0.51034899  1.0346187  -1.93964833
 -2.15635633  0.71165874 -1.26467485 -0.23138974 -0.88082627 -0.34776535
 -2.81314934]",55,962,"(np.int32(0), np.int32(0), np.int32(0), np.int32(0), np.int32(1), np.int32(0), np.int32(0), np.int32(1), np.int32(0), np.int32(0))",19.14644973053031
105,10,2,4,1.9467561762071264,"[ 1.34322723  1.91221115  0.41681569  1.09911302 -1.64961034  0.52228317
 -0.79202986  0.38400664  4.74145598  2.93510298 -0.20566689 -0.30306334
 -1.7963572  -1.58001374 -0.07437622  1.99401718 -0.99239781 -0.93611902
  0.76670303  0.06090371 -1.45471561 -0.42714272 -0.89709362  1.88890689
  0.76825662 -1.82777578 -0.49680116  0.66338227  0.23617023 -0.0461656
 -1.6855181   0.19743294  0.48848241 -0.95244483  0.79986784  0.43723
  0.00763999  0.76448655 -0.11141599 -0.4366919   0.67629198  0.63665112
  0.95186462  1.22281791 -0.34578182 -0.14715546 -0.19111638 -1.12140465
 -1.2129817   1.18544494 -1.40521217 -0.32486138 -1.60537605 -1.04799409
 -1.9535982 ]",55,624,"(np.int32(0), np.int32(0), np.int32(0), np.int32(0), np.int32(1), np.int32(0), np.int32(0), np.int32(1), np.int32(0), np.int32(0))",19.14644973053031
125,10,2,4,1.9115480116335388,"[ 2.42990279  2.25296142  0.06690945  1.45642591 -0.66713201  0.2925744
  0.34571199  1.62894179  5.66686541  2.09954978 -0.40476952 -0.4160964
 -1.7757593  -2.15228425  0.24254579  1.36384441 -1.68491081 -0.5754065
  0.82123233  0.58116105 -1.34767004 -0.34317032 -1.06487247  1.22217441
  0.6386502  -1.89943609 -0.5858051   0.53937726  0.29847036 -0.09080552
 -1.20351043  0.13130575  0.22655412 -0.59239521  0.59079606  0.56264607
 -0.53755875  0.3999592  -0.03785749 -0.33275003  0.86101314  0.24790504
  0.58324602  0.67069065 -0.3835915  -0.02021473 -0.3507019  -0.8386122
 -0.74772368  1.18070363 -2.29149137  0.01861962 -2.25472478 -0.87158219
 -1.86486068]",55,336,"(np.int32(0), np.int32(0), np.int32(0), np.int32(0), np.int32(1), np.int32(0), np.int32(0), np.int32(1), np.int32(0), np.int32(0))",19.14644973053031
145,10,2,4,1.6443607372791984,"[ 0.81459223  2.30171711 -0.13540467  1.33463616  0.25903493  0.80862627
  0.29406549  0.88531526  3.73570582  1.81466754 -0.7854392  -0.08666285
 -1.31136193 -1.44394669  0.52899806  1.64532937 -0.90157153 -0.47491719
  0.66568221  0.38582001 -1.04912724 -0.85493551 -0.28084454  0.826617
  0.42958613 -1.35140822 -0.70102136  0.28898026  0.18382582 -0.17259354
 -0.91363645  0.45910711  0.20462609 -0.65771788  0.28291906  0.0283183
 -0.14750668  0.4660728   0.0308811  -0.43566029  0.03390056 -0.35860263
  0.24003953  0.65321414  0.02650893 -0.58242478 -0.98506329 -0.2056697
 -0.51154438  0.50897388 -1.27744404  0.0845855  -0.82295474 -0.43002868
 -2.1894519 ]",55,269,"(np.int32(0), np.int32(0), np.int32(0), np.int32(0), np.int32(1), np.int32(0), np.int32(0), np.int32(1), np.int32(0), np.int32(0))",19.14644973053031
165,10,2,4,1.5997226401485927,"[ 0.7859549   2.20724231  0.23856695  0.78533555  0.77810237  0.26123726
  0.20208246  0.66736088  3.17473078  1.81360058 -0.80734678 -0.4729381
 -0.95795633 -1.67739259  0.81747982  1.3867541  -0.76018134 -0.23387187
  0.52630301  0.43152694 -0.90082638 -0.72961228 -0.41025867  0.52628193
  0.2705739  -0.97206594 -0.81632157 -0.01750043  0.48342821 -0.33940146
 -0.7306927   0.34523176 -0.13575616 -0.4443374  -0.056461    0.17756785
  0.10802283  0.35948614  0.25851169 -0.20965906  0.03190359 -0.45790757
 -0.09897638  0.6945905  -0.10763935 -0.26178727 -0.43998838 -0.16469351
 -0.49663035  0.76608373 -1.29898297  0.11755681 -0.65747625 -0.3460584
 -2.20238455]",55,225,"(np.int32(0), np.int32(0), np.int32(0), np.int32(0), np.int32(1), np.int32(0), np.int32(0), np.int32(1), np.int32(0), np.int32(0))",19.14644973053031
185,10,2,4,1.6290983766818135,"[ 3.41420552e-01  2.18715694e+00  6.23821299e-01  7.91200302e-01
  5.17158878e-01  9.23748325e-01  1.19890300e-01  6.18388874e-01
  2.74021411e+00  1.61128632e+00 -6.96152321e-01 -6.96751374e-01
 -9.87403055e-01 -1.25004907e+00  4.87769011e-01  1.74396923e+00
 -4.14686474e-01 -3.51896911e-01  5.79788002e-01  1.82510628e-01
 -1.01159682e+00 -7.78129499e-01 -4.12140350e-01  5.21893271e-01
  3.73725663e-01 -9.08094290e-01 -8.49014535e-01 -2.01587013e-01
  3.35650794e-01 -3.10609799e-01 -7.39048059e-01  2.03774480e-01
  5.33706475e-02 -2.97370308e-01  1.63952884e-04  3.02531225e-01
  2.92833048e-02  4.08329716e-01  3.67847402e-01 -2.57811236e-01
 -1.87867826e-01 -5.73954947e-01 -2.84794034e-01  1.08628100e+00
 -5.58574547e-02 -3.98504943e-01 -6.53262432e-01 -2.42550784e-01
 -6.18723390e-01  8.51476424e-01 -1.32045602e+00  2.51952451e-01
 -6.28573040e-01 -3.46029290e-01 -2.06923929e+00]",55,220,"(np.int32(0), np.int32(0), np.int32(0), np.int32(0), np.int32(1), np.int32(0), np.int32(0), np.int32(1), np.int32(0), np.int32(0))",19.14644973053031
205,10,2,4,1.5338589486825542,"[-0.25275894  1.6938226   0.2095419   0.54820551 -0.04191441  0.36042673
  0.08795925  0.25041804  2.73191631  1.32133166 -0.16439053 -0.39180517
 -0.86641923 -0.89998577  0.48504816  1.59534949 -0.25653486 -0.49505519
  0.58665634 -0.19804058 -0.63371003 -1.03589086 -0.15798101  0.59678927
  0.27323031 -0.95708303 -0.59873362  0.10173199  0.20440906  0.26675706
 -0.56567857  0.20468356 -0.09318656  0.01775826  0.18757668  0.24976058
 -0.35025313  0.287967    0.34135637 -0.23576736  0.1745698  -0.18319233
 -0.03719539  1.05178574  0.20865066 -0.36567233 -0.67001389 -0.15879586
 -0.53026475  0.60234352 -1.05227811  0.15990702 -0.50654986 -0.20745673
 -1.95748888]",55,200,"(np.int32(0), np.int32(0), np.int32(0), np.int32(0), np.int32(1), np.int32(0), np.int32(0), np.int32(1), np.int32(0), np.int32(0))",19.14644973053031
225,10,2,4,1.4347649770965387,"[-0.03487663  0.96224046 -0.4371566   0.36499295 -0.44691753 -0.19982733
 -0.21061205  0.40446169  2.00068365  1.08209458 -0.45867249 -0.29135473
 -0.84129873 -0.62485715  0.68470186  1.07332372 -0.24632828 -0.11345377
  0.19508848  0.2020443  -0.49753753 -0.6214969   0.42539367  0.36060791
 -0.08945503 -0.37846651 -0.45719945  0.25283129  0.27584408  0.19181926
 -0.07759839  0.20425761 -0.27259293  0.39963849  0.17295114  0.34288811
 -0.36851164  0.14163614  0.48900245 -0.18071113 -0.15297203  0.2356885
 -0.05814429  0.75366672  0.45768418 -0.02891587 -0.33876131 -0.51788472
 -0.34354277  0.28235587 -0.54264509 -0.007964   -0.23652664 -0.43423931
 -1.66598857]",55,170,"(np.int32(0), np.int32(0), np.int32(0), np.int32(0), np.int32(1), np.int32(0), np.int32(0), np.int32(1), np.int32(0), np.int32(0))",19.14644973053031
245,10,2,4,1.4099071944324246,"[ 0.11042051  1.05929329 -0.28450765  0.57222895 -0.32128019 -0.46734361
 -0.63026661  0.29479726  2.03344462  1.23538903 -0.48267997 -0.46273293
 -0.93539937 -0.51577194  0.52655255  1.10043146 -0.25669661 -0.08707474
  0.25364492  0.06980678 -0.48373146 -0.52446009  0.45518485  0.38693443
 -0.27469227 -0.31160063 -0.37821955  0.16781416  0.19782703  0.25454085
  0.06284992  0.21613427 -0.19774812  0.31752236  0.13235157  0.27314723
 -0.20052183  0.1770164   0.32966534 -0.16521996 -0.16564053  0.30643173
  0.05916981  0.52127829  0.25639938  0.02682414 -0.15383183 -0.28758749
 -0.17744257  0.34136057 -0.46716348 -0.07873607 -0.1549804  -0.4562885
 -1.84388641]",55,146,"(np.int32(0), np.int32(0), np.int32(0), np.int32(0), np.int32(1), np.int32(0), np.int32(0), np.int32(1), np.int32(0), np.int32(0))",19.14644973053031
265,10,2,4,1.3583964793725578,"[-0.07148998  0.88659765 -0.31946226  0.44771015 -0.52500925 -0.41026819
 -0.63456363  0.29512426  1.89568683  1.02585903 -0.38965897 -0.28759971
 -0.7913447  -0.62624107  0.53550519  0.97640407 -0.02035486  0.04137353
  0.16702625  0.02734521 -0.41565618 -0.35093123  0.31462432  0.31699331
 -0.37871322 -0.16623142 -0.39014125  0.18839758  0.2282842   0.17205894
  0.25635729  0.07117578 -0.26851072  0.28169364  0.21679933  0.22833177
 -0.11907278  0.05363673  0.1851324  -0.1365055  -0.01924987  0.49079259
  0.05571729  0.5240744   0.2480223  -0.22666538 -0.20482257 -0.25186208
 -0.01510475  0.23723833 -0.47256023 -0.03051331 -0.08914629 -0.25471281
 -1.68526027]",55,145,"(np.int32(0), np.int32(0), np.int32(0), np.int32(0), np.int32(1), np.int32(0), np.int32(0), np.int32(1), np.int32(0), np.int32(0))",19.14644973053031
285,10,2,4,1.356384968550758,"[-0.06621355  1.12540129 -0.13205761  0.61793699 -0.30729706 -0.54478862
 -0.39437985  0.19319125  1.60893336  0.74829075 -0.35585865 -0.30595066
 -0.68838362 -0.60617792  0.45811421  0.94969509 -0.09648508  0.11914133
  0.13721786 -0.00231028 -0.59414137 -0.44640832  0.36928838  0.20056342
 -0.45942878 -0.18801762 -0.32690424  0.05671298  0.14392928  0.20554747
  0.1386929   0.19037537 -0.36215979  0.25385625  0.23425903  0.15342955
 -0.29953556 -0.04675942  0.24151155  0.09163288  0.01910115  0.18087515
  0.02848702  0.53382198  0.26857204 -0.14358737 -0.17908929 -0.24375234
  0.1096743   0.29504041 -0.30514734 -0.08167755  0.05687859 -0.12506292
 -1.71128849]",55,142,"(np.int32(0), np.int32(0), np.int32(0), np.int32(0), np.int32(1), np.int32(0), np.int32(0), np.int32(1), np.int32(0), np.int32(0))",19.14644973053031
305,10,2,4,1.3640796858244557,"[ 2.31547890e-01  1.44204248e+00  2.11015431e-01  7.41099364e-01
 -2.29813336e-01 -6.27419884e-01 -2.79878317e-01  1.86439017e-01
  1.79772755e+00  7.76245527e-01 -3.54803917e-01 -3.69933313e-01
 -6.71351132e-01 -5.24966062e-01  3.52903583e-01  8.42083254e-01
 -3.03815552e-01 -5.15828721e-02  1.14174735e-01 -1.69744522e-01
 -7.66730968e-01 -4.13625648e-01  3.18730734e-01  1.44986138e-01
 -5.71955268e-01 -3.43308962e-01 -2.80762995e-01 -1.12548404e-01
  8.28130078e-02  1.61964818e-01  1.85686171e-02  2.30970424e-01
 -4.24920780e-01  3.37864405e-01  1.57678788e-01  1.91888554e-01
 -2.84206691e-01  3.58510083e-02  3.20004336e-01 -4.14507326e-02
 -6.43202808e-02  2.32922030e-01 -1.71977163e-03  4.22078671e-01
  3.59226054e-01 -1.24377998e-01  2.39497798e-02 -1.50800943e-01
  1.97919385e-01  3.00782287e-01 -3.29400838e-01 -8.85661848e-02
  8.61432993e-02 -1.51205786e-01 -1.77303870e+00]",55,131,"(np.int32(0), np.int32(0), np.int32(0), np.int32(0), np.int32(1), np.int32(0), np.int32(0), np.int32(1), np.int32(0), np.int32(0))",19.14644973053031
325,10,2,4,1.3246962967879714,"[ 0.12635561  1.09000322  0.24910553  0.56870293 -0.27033415 -0.71803937
 -0.32520154  0.34230391  1.86989722  0.84698732 -0.29489803 -0.4298416
 -0.55800561 -0.44596069  0.50794618  0.8089808  -0.42882703  0.03595141
  0.1257568  -0.0386219  -0.69098123 -0.35672834  0.23251836  0.21324026
 -0.47221074 -0.33190547 -0.16633726  0.03199067 -0.02050593  0.10361791
 -0.11465856  0.17836198 -0.49464455  0.39025541  0.08685178  0.1956823
 -0.22926097  0.13620321  0.28058937 -0.13984747  0.01702433  0.19196853
  0.02841584  0.57217444  0.20086423  0.01110709  0.03728242 -0.08526448
  0.17409233  0.19536284 -0.25783073 -0.08048715 -0.04038278 -0.19346896
 -1.92784079]",55,135,"(np.int32(0), np.int32(0), np.int32(0), np.int32(0), np.int32(1), np.int32(0), np.int32(0), np.int32(1), np.int32(0), np.int32(0))",19.14644973053031
345,10,2,4,1.3096080522864184,"[ 0.09588525  1.06202269  0.1110836   0.46009788 -0.27655806 -0.53325705
 -0.32682908  0.27902373  2.08247649  0.98912876 -0.33366562 -0.39602357
 -0.53719856 -0.46693836  0.52216425  0.8070095  -0.43009591  0.01528655
  0.11952561 -0.02737986 -0.6288044  -0.32700512  0.09170719  0.20361998
 -0.46340849 -0.3257574  -0.164107    0.12276712  0.03047018  0.17515101
 -0.12372704  0.16633633 -0.5391674   0.44132162  0.17522259  0.11798025
 -0.15086082  0.16199762  0.17048489 -0.1392417   0.02470053  0.27158307
  0.14194896  0.42833769  0.07188298 -0.16825424 -0.07365189  0.0362461
  0.13500944  0.17266529 -0.27525682 -0.09755327  0.0361335  -0.18282424
 -1.9950154 ]",55,125,"(np.int32(0), np.int32(0), np.int32(0), np.int32(0), np.int32(1), np.int32(0), np.int32(0), np.int32(1), np.int32(0), np.int32(0))",19.14644973053031
365,10,2,4,1.2883693777536889,"[ 0.12401185  1.18098682  0.24154281  0.38800715 -0.23795621 -0.39974309
 -0.22987571  0.25260688  2.07877094  0.99641965 -0.29364561 -0.38535024
 -0.45347357 -0.45291221  0.38010969  0.6796314  -0.46873352  0.03193206
  0.16687738 -0.15139814 -0.50539151 -0.35658626  0.06538559  0.04068584
 -0.45769603 -0.33458463 -0.17558113  0.06725904  0.00688802  0.20439998
 -0.0607014   0.18005937 -0.53576446  0.34109735  0.15477403  0.0625577
 -0.08481522  0.12012365  0.14034809 -0.14826628  0.05732959  0.30094735
  0.11650834  0.40587764  0.08367421 -0.25171328 -0.04349598  0.0787811
  0.11773262  0.20969193 -0.21000173 -0.06251188  0.03586848 -0.11334793
 -2.0624238 ]",55,126,"(np.int32(0), np.int32(0), np.int32(0), np.int32(0), np.int32(1), np.int32(0), np.int32(0), np.int32(1), np.int32(0), np.int32(0))",19.14644973053031
385,10,2,4,1.261399254761266,"[ 0.3318526   1.33864235  0.24080334  0.23371098  0.11469022 -0.72238437
 -0.53817486 -0.07699712  2.09579468  0.74350143 -0.2647872  -0.31210642
 -0.47707422 -0.30572071  0.20856101  0.51911516 -0.54767978 -0.01484693
  0.13648505 -0.18523814 -0.50028685 -0.39738871  0.02803938  0.03686671
 -0.52312862 -0.44156737 -0.24115893 -0.01971267 -0.13929733  0.25170348
  0.07365236  0.1583995  -0.59081458  0.35995804 -0.07288568  0.21611475
  0.12751531  0.17978382  0.10421018 -0.06090952  0.01885648  0.28017389
  0.0380574   0.41876628 -0.10837031 -0.15929784  0.22151212  0.0885994
  0.27974879  0.27502872 -0.19824515  0.10269069  0.1213449   0.02067408
 -2.00180106]",55,119,"(np.int32(0), np.int32(0), np.int32(0), np.int32(0), np.int32(1), np.int32(0), np.int32(0), np.int32(1), np.int32(0), np.int32(0))",19.14644973053031
405,10,2,4,1.2621267464764436,"[ 0.39501457  1.3214572   0.13533023  0.45999282  0.22412854 -0.8310536
 -0.53452885 -0.14230111  2.10784238  0.720433   -0.26802156 -0.21118884
 -0.57241766 -0.32157744  0.21517162  0.44433601 -0.49457136  0.06095663
  0.06724597 -0.11906838 -0.51875989 -0.40398531 -0.00389811  0.032216
 -0.49032956 -0.41105416 -0.23117611 -0.04459267 -0.18738566  0.31450828
  0.05228076  0.23579084 -0.53291645  0.33543621 -0.18793623  0.34443121
  0.05196114  0.06350815  0.07848353 -0.06528114 -0.01030207  0.28873689
  0.10742188  0.32209297 -0.11420212 -0.10116313  0.10492792  0.14560723
  0.36987936  0.31851801 -0.22292572  0.17880779  0.12347987  0.05081741
 -2.03123329]",55,111,"(np.int32(0), np.int32(0), np.int32(0), np.int32(0), np.int32(1), np.int32(0), np.int32(0), np.int32(1), np.int32(0), np.int32(0))",19.14644973053031
5,10,2,5,2.0950293155820394,"[-6.67063826e-01 -1.11804425e+00 -2.24135074e+00  1.76576685e-01
 -1.01755349e+00 -3.38934498e-01  1.34892163e+00  9.22834848e-01
  5.15158008e-01  3.56335467e-16 -1.98860935e-01 -7.95394454e-01
 -1.98848613e-01  2.18163089e-01  1.08706544e-01 -1.23980223e-01
  5.68988852e-02  1.21434610e-01  4.96276604e-17  0.00000000e+00
 -6.31689356e-02 -4.75642017e-02  2.35321008e-02  1.78365756e-02
  0.00000000e+00  1.31883030e-17  1.88041314e-18  0.00000000e+00
 -1.32738502e-01  0.00000000e+00 -6.34851194e-17 -8.47032947e-21
  0.00000000e+00  0.00000000e+00 -4.85156054e-02 -3.81699522e-02
 -5.93974858e-03  3.33401408e-02 -1.66700704e-02 -1.71383000e-17
  1.22948676e-02 -3.08258702e-02  2.70999275e-02  1.28508410e-02
  9.49523934e-18  9.29734531e-04 -3.22300898e-04  1.61150449e-04
  1.27054942e-18 -2.45127025e-02  4.08545042e-03  2.52415818e-18
  1.48245763e-02  7.21672071e-18 -7.16228813e-03]",49,3,"(np.int32(0), np.int32(0), np.int32(0), np.int32(0), np.int32(1), np.int32(0), np.int32(0), np.int32(1), np.int32(0), np.int32(0))",19.14644973053031
25,10,2,5,2.0432878081763635,"[-5.90077702e-01 -5.47682164e-01 -6.47752342e-01  1.12440733e+00
 -7.95517950e-01 -1.07662861e+00  2.66923364e-01  9.31196837e-02
  2.37134563e+00  4.67427188e-01 -1.07232131e+00 -8.46309820e-01
 -4.72343803e-01  2.20830713e+00  2.74523935e+00 -5.64170310e-01
  4.85170867e-01 -1.30842687e+00 -2.70945045e-01  5.92676795e-01
  2.62533926e-02 -3.77753053e-01  4.05611483e-01  3.92547869e-01
 -6.20403234e-01 -4.33928551e-01 -4.37751286e-01 -1.64940368e+00
 -1.50488925e+00  1.19642995e+00  3.76577088e-01  3.98173841e-01
  1.26649455e+00 -4.34691950e-01 -2.44752929e-01  6.18275809e-01
 -4.57099070e-01 -1.02294707e-01  6.86912256e-01 -6.38675324e-01
  1.73436274e-01  1.41899403e-01 -9.61310386e-02 -8.35788829e-02
  8.58773776e-01 -4.04302980e-01 -7.10833504e-01  5.80853724e-01
  4.09467531e-01  3.80309092e-01 -6.31901249e-01  5.82162290e-01
  2.55460382e-01  1.42376588e-03 -4.65710219e-01]",55,35,"(np.int32(0), np.int32(0), np.int32(0), np.int32(0), np.int32(1), np.int32(0), np.int32(0), np.int32(1), np.int32(0), np.int32(0))",19.14644973053031
45,10,2,5,2.670868201985796,"[-0.5049874  -0.38917866 -1.26589125  1.85880037  1.58452803 -1.66391143
  1.037498   -0.69343289  6.76483775  1.41755034  0.14029715 -1.31639833
  0.51019128  0.94016045  0.88819482 -1.23995463 -0.75580918 -0.27972887
  1.0988007   3.97432054  1.6508178  -1.28545052  0.9519823   1.38229327
 -3.63721226 -2.72600708 -0.92050343 -3.00193495 -1.55783536  1.48947527
  0.77711595  1.14634287  2.57275638 -1.15992476  0.55822486 -0.81662313
 -1.86371358  2.10074957  0.34896708 -1.2575128  -1.86667881  0.28529209
  2.00861353 -1.62971951  0.40351224  0.20756568  1.94257594 -0.90955065
  0.6186722   0.13826026 -0.350806   -1.44116896 -3.44711949  1.17729849
 -1.9302516 ]",55,1000,"(np.int32(0), np.int32(0), np.int32(0), np.int32(0), np.int32(1), np.int32(0), np.int32(0), np.int32(1), np.int32(0), np.int32(0))",19.14644973053031
65,10,2,5,3.460847494168586,"[ 1.48594387e+00  3.07058972e+00 -2.90228939e+00  9.52776697e-01
 -4.12637225e-01 -1.47298234e+00 -2.01442897e+00  1.90999930e+00
  2.94510730e+00  8.44782111e-01 -1.28138643e+00 -2.13694261e+00
  2.36654482e-01  1.35663902e+00  1.72194670e+00  2.51165218e-01
 -2.36699949e+00 -1.44572019e+00 -1.61397681e+00  7.18931456e+00
 -2.64362916e+00 -4.29777040e+00 -4.74115219e-01  5.06597974e-01
 -4.94523811e-01 -2.50847183e+00 -1.73776716e+00 -1.56760656e+00
 -5.71584030e-02  1.83706803e+00  6.02010677e-01  2.46944760e+00
  2.68082052e+00 -2.89806139e+00  2.01427414e+00  2.03195667e+00
 -7.13863737e-01 -2.09318906e+00 -4.58863452e-01 -1.59072434e+00
 -1.16703348e-01  9.20240186e-01 -1.64668927e+00 -2.22186167e-01
  9.02502639e-01 -8.19538517e-04 -1.75260895e+00 -1.14962497e+00
  1.49118476e+00  1.58127549e+00  3.39971751e+00 -7.75653019e-01
 -6.58033188e+00  2.86919688e+00  8.31594519e-01]",55,1000,"(np.int32(0), np.int32(0), np.int32(0), np.int32(0), np.int32(1), np.int32(0), np.int32(0), np.int32(1), np.int32(0), np.int32(0))",19.14644973053031
85,10,2,5,1.8885325170207552,"[-0.97506757  0.58655077 -3.41510334  1.10667913 -2.17099084 -2.25366007
 -2.55216059 -0.25808753  3.25953895  1.94675262  0.10754724  0.19187929
  0.0646176   0.32717153  1.06445491  1.04442765 -0.15376887  0.31539475
 -1.02180078  2.17159631 -1.60354003 -2.0323126   0.78906111  1.69441752
 -0.1272061  -2.34681984 -0.63864708  2.06139466  0.98928363 -0.25208547
 -1.29716798  0.32132657  1.3919747   1.34700451 -0.70911641  0.45464811
 -0.37161089 -1.88437879 -1.35133745 -0.02345803  2.27318484  2.29337301
  1.34099376 -0.49947491 -0.02424092 -0.60166969  0.25582729  0.69119942
 -0.35977528  1.50819326  1.44219214 -0.23136334 -1.60479307  0.01183296
 -2.30775147]",55,539,"(np.int32(0), np.int32(0), np.int32(0), np.int32(0), np.int32(1), np.int32(0), np.int32(0), np.int32(1), np.int32(0), np.int32(0))",19.14644973053031
105,10,2,5,1.5497744554276829,"[-0.81659665  1.09904818 -1.57189458  1.3562054  -1.05922835 -1.61678606
 -1.23300761  0.01159759  2.57940634  2.6349723  -0.36058522  0.86805495
 -0.54246542 -0.60640856  1.13957524  1.13076109  0.46731507 -0.24577939
 -1.04184466  0.59915856 -0.25809344 -1.33704876  0.50429448  0.44437621
 -0.54360348 -1.38368404 -0.64925795  1.74357549  0.49250098 -0.22460667
 -1.00985942 -0.3056221   0.49890666  1.14780898 -0.31792033 -0.14410558
 -0.40578105 -1.28186571 -0.93526881 -0.16421211  0.91697189  1.40777639
  1.04279537  0.47055608  0.22228708  0.37211407  0.12612009  0.73324919
 -0.65043968  0.67397609  0.68122182 -0.80180576 -0.58810314 -0.44309416
 -1.83222951]",55,262,"(np.int32(0), np.int32(0), np.int32(0), np.int32(0), np.int32(1), np.int32(0), np.int32(0), np.int32(1), np.int32(0), np.int32(0))",19.14644973053031
125,10,2,5,1.4484331020371022,"[-1.53480039e-01  1.17204689e+00 -2.00393274e+00  4.99229947e-01
 -8.98725933e-01 -7.72820674e-01 -2.01951682e-01  3.55419205e-01
  1.84301683e+00  1.93550746e+00 -6.27113592e-01  6.75274402e-01
 -4.86327937e-01 -2.63656601e-01  9.08667058e-01  1.01705826e+00
 -5.77462819e-01 -5.94721509e-01 -5.70927801e-01  1.31825714e+00
  1.86694119e-01 -9.86870669e-01  3.07697084e-01 -2.68103245e-01
 -9.11495886e-01 -4.61497011e-01 -7.64275346e-01  7.88970432e-01
  5.36300122e-01  1.07212509e+00 -1.69973230e-01  3.09089952e-01
  8.80677600e-02 -1.36753939e-01  1.31635616e-01  3.43259554e-01
 -3.83947920e-01 -1.20403846e+00 -2.12412944e-02 -2.41967469e-01
 -3.86659711e-04  4.76037784e-01  8.15196367e-01  9.53452617e-01
 -1.52685802e-01 -3.07262435e-01 -1.24000056e-01  3.10067978e-01
 -8.09243496e-01  9.26429962e-02  1.74168375e-01 -9.04555472e-02
  6.78067806e-02  5.90652020e-01 -1.96342547e+00]",55,215,"(np.int32(0), np.int32(0), np.int32(0), np.int32(0), np.int32(1), np.int32(0), np.int32(0), np.int32(1), np.int32(0), np.int32(0))",19.14644973053031
145,10,2,5,1.3982162652554075,"[-0.07219087  1.5831055  -1.62407005  0.56961159 -0.63510728 -0.44768745
 -0.28313124  0.12705229  2.23307893  1.55481837 -0.40440776  0.73872479
 -0.47107614  0.20827595  0.25326059  1.05912355 -0.6181201  -0.66599444
 -0.24138304  0.57034345  0.11558735 -1.10766835 -0.06360945 -0.53492771
 -0.77418629 -0.78670618 -0.22338394  0.27302113  0.26443697  1.02336103
 -0.12367404  0.12919573  0.1061094   0.491       0.01691398  0.12003699
 -0.35657084 -0.58778384 -0.12963961 -0.04628453 -0.03175781  0.44683814
  0.57325766  0.71979399  0.05273817 -0.21786333  0.33883095  0.35801447
 -0.80959441  0.29344376  0.36003975 -0.06008921  0.25458903 -0.06839885
 -2.14528007]",55,170,"(np.int32(0), np.int32(0), np.int32(0), np.int32(0), np.int32(1), np.int32(0), np.int32(0), np.int32(1), np.int32(0), np.int32(0))",19.14644973053031
165,10,2,5,1.3549163545136265,"[-2.68570352e-01  1.22055531e+00 -1.29488083e+00  3.52760500e-01
 -5.27049282e-01 -8.13058566e-01 -3.74664673e-01  9.35953426e-02
  2.26896442e+00  1.25191457e+00 -1.53071366e-01  3.74192683e-01
 -1.94312178e-01  1.54391823e-01  3.75226970e-01  9.27265952e-01
 -5.85681186e-01 -5.69235591e-01 -2.06114860e-01  6.89109701e-01
 -4.80459346e-02 -9.79997696e-01 -9.62860732e-02 -5.29055034e-01
 -6.89013977e-01 -7.75777750e-01 -1.68231663e-02  1.39102907e-01
  3.84542104e-02  1.04339800e+00  2.03137755e-02  1.49219592e-01
 -2.98602359e-01  5.11664368e-01  4.08292694e-01  1.42210455e-01
 -5.11914071e-01 -7.36837143e-01 -7.19036303e-02 -9.04851620e-03
  1.29482237e-01  3.93118249e-01  3.13339627e-01  6.34891689e-01
 -2.28772263e-01 -2.80571882e-01  3.65628686e-01  3.45919528e-01
 -4.96267011e-01  7.35130626e-01  4.75346629e-01 -2.45909444e-02
  1.08261623e-03 -6.96061170e-03 -1.93891315e+00]",55,157,"(np.int32(0), np.int32(0), np.int32(0), np.int32(0), np.int32(1), np.int32(0), np.int32(0), np.int32(1), np.int32(0), np.int32(0))",19.14644973053031
185,10,2,5,1.295065581598756,"[-0.19258727  0.94418195 -0.74053676  0.04522333 -0.5060363  -0.69174957
 -0.19540175  0.54845384  2.3221134   0.84340388  0.00610166  0.24453514
 -0.0594017  -0.11320833  0.46175847  0.8707374  -0.60287129 -0.51118109
 -0.24804046  0.54778441  0.13359563 -0.77149973 -0.15357602 -0.35015998
 -0.73490297 -0.88502901  0.0550587   0.48621352  0.08992314  0.77047828
 -0.39027408  0.08775961 -0.39631914  0.29561202  0.35666654  0.02149561
 -0.4607214  -0.53618709 -0.23977885  0.10136846  0.12145549  0.52235089
  0.23643755  0.6493761  -0.13834218 -0.49140205  0.0146125   0.33434256
 -0.08718197  0.3729335   0.33637891  0.20444346  0.05631498  0.02484589
 -1.79561557]",55,162,"(np.int32(0), np.int32(0), np.int32(0), np.int32(0), np.int32(1), np.int32(0), np.int32(0), np.int32(1), np.int32(0), np.int32(0))",19.14644973053031
205,10,2,5,1.3031792062064012,"[-0.24136395  1.1801286  -0.43362883 -0.03176217 -0.66428504 -0.99121893
 -0.30320822  0.20139008  2.07761407  0.87120263 -0.14303402  0.09561584
 -0.21740516 -0.14567137  0.66103001  0.88926129 -0.33984665 -0.50510109
 -0.16734731  0.42620645  0.06805643 -0.65295875 -0.26540783 -0.28439603
 -0.84637339 -0.62308323 -0.10900449  0.46825141 -0.04945757  0.69072502
 -0.50119326  0.16663714 -0.4148791   0.3016947   0.30843873  0.08224602
 -0.31843142 -0.27435823 -0.12586304  0.07047724  0.22040157  0.53965682
  0.33673168  0.5651342   0.049013   -0.41386674  0.10089798  0.51428412
  0.13556254  0.36807476  0.26803821  0.03231145  0.00642334 -0.02306919
 -1.89050253]",55,137,"(np.int32(0), np.int32(0), np.int32(0), np.int32(0), np.int32(1), np.int32(0), np.int32(0), np.int32(1), np.int32(0), np.int32(0))",19.14644973053031
225,10,2,5,1.3387993375576956,"[-0.30771499  1.03890557 -0.16485718 -0.18006244 -0.83274298 -1.13868174
 -0.36202291 -0.15812364  1.86944768  0.94189529 -0.08637815 -0.07987984
 -0.22983274 -0.28784722  0.73042542  0.85809536 -0.28130077 -0.32204344
 -0.09317745  0.31425167  0.03474211 -0.61167434 -0.20531286 -0.13221896
 -0.52828242 -0.53391225 -0.19998628  0.30120058 -0.19324235  0.69990191
 -0.37739786  0.30912032 -0.3320912   0.16323839  0.35215401  0.1877785
 -0.24267379 -0.08393045  0.05977276  0.03001912  0.32656916  0.72809665
  0.54297796  0.62964536  0.05918557 -0.40356853 -0.01780296  0.3635875
  0.09519477  0.34716426  0.19661244 -0.0483341  -0.26401854  0.03983675
 -1.72076832]",55,133,"(np.int32(0), np.int32(0), np.int32(0), np.int32(0), np.int32(1), np.int32(0), np.int32(0), np.int32(1), np.int32(0), np.int32(0))",19.14644973053031
245,10,2,5,1.316911724373866,"[-0.15231056  1.29074037  0.12169613  0.28956229 -0.59863992 -1.03900648
 -0.10259189  0.23198594  2.2490438   0.57390857  0.00819425 -0.12834768
 -0.39667818 -0.37026547  0.60961991  0.79004806 -0.31427051 -0.33680151
 -0.03160503  0.23749496 -0.1192063  -0.65973006 -0.19359345 -0.29968472
 -0.82690736 -0.58879776  0.00948941  0.12897383 -0.44886183  0.6566899
 -0.31928875  0.17600937 -0.43541942  0.16905629  0.11794038  0.28754789
 -0.28980874 -0.13065297 -0.05832828  0.02696366  0.3821539   0.80744484
  0.45282228  0.48994875  0.14252754 -0.43743506 -0.01194673  0.24563301
  0.19749843  0.22613134  0.06109915  0.0071517  -0.20187699  0.04110693
 -1.71146215]",55,137,"(np.int32(0), np.int32(0), np.int32(0), np.int32(0), np.int32(1), np.int32(0), np.int32(0), np.int32(1), np.int32(0), np.int32(0))",19.14644973053031
265,10,2,5,1.3053557644066967,"[ 0.11554876  1.31631566  0.10331717  0.63582696 -0.53143297 -0.61563011
  0.05788593  0.22425527  2.07152024  0.66178062 -0.10237114 -0.09960929
 -0.55980873 -0.30659735  0.32023029  0.77025601 -0.29593881 -0.23505448
 -0.04588239  0.25696006 -0.31700682 -0.5757864  -0.27328787 -0.17425291
 -0.72607077 -0.54843649 -0.06166389 -0.07818581 -0.36555466  0.53994563
 -0.26379095  0.27001996 -0.27658083  0.19693103  0.03935786  0.23117529
 -0.20623941 -0.20776692  0.24375564  0.04545462  0.28115201  0.61090151
  0.51001289  0.47541898  0.07518572 -0.44778317 -0.14924489  0.22690641
  0.32353681  0.14667895 -0.09543245 -0.06534964 -0.23016061  0.10585727
 -1.79789125]",55,131,"(np.int32(0), np.int32(0), np.int32(0), np.int32(0), np.int32(1), np.int32(0), np.int32(0), np.int32(1), np.int32(0), np.int32(0))",19.14644973053031
285,10,2,5,1.2685712137724026,"[ 4.08464513e-01  9.73993226e-01  7.29778864e-02  8.88326493e-01
  1.61537064e-02 -9.15280267e-01 -1.25221568e-01  1.98045666e-02
  2.27594199e+00  8.29830343e-01 -1.34557337e-01  1.58157529e-02
 -5.50050910e-01 -2.31641621e-01  1.96948699e-02  4.77949757e-01
 -5.77044285e-01  6.69768027e-03  1.16455413e-03  8.68133912e-02
 -4.12950288e-01 -5.96637673e-01 -2.22191091e-02  1.31949661e-01
 -3.94418783e-01 -6.69465011e-01 -2.33983736e-02  2.86173408e-02
 -3.60500619e-01  5.31815905e-01 -3.05312806e-01  3.96148814e-01
 -5.29990352e-01  2.53637331e-01 -1.79541376e-01  1.73064366e-01
 -2.55963682e-01 -1.97368989e-01  1.71598733e-02 -9.15822023e-02
  2.46366059e-01  5.21715364e-01  3.54714990e-01  3.85789310e-01
 -2.25847400e-01 -2.21022181e-01  3.01133023e-02  3.38505496e-01
  4.59700299e-01  3.93017068e-01 -1.15761645e-01 -4.75931710e-02
 -1.59059007e-01  7.52449704e-02 -2.05748408e+00]",55,125,"(np.int32(0), np.int32(0), np.int32(0), np.int32(0), np.int32(1), np.int32(0), np.int32(0), np.int32(1), np.int32(0), np.int32(0))",19.14644973053031
305,10,2,5,1.2725275105273919,"[ 0.24574624  0.81251827 -0.05416094  0.69927279 -0.11595557 -0.87990866
 -0.56061654 -0.1823901   1.98789969  0.58925532 -0.17928167  0.02189663
 -0.56541596 -0.24501248  0.197976    0.51231173 -0.6126313   0.04200792
  0.15461577  0.06229242 -0.32776239 -0.61847526 -0.08869493  0.19900937
 -0.24574771 -0.51637298 -0.04437991  0.01397695 -0.12925732  0.51748781
 -0.20455505  0.30518804 -0.55242209  0.2699421  -0.21558204  0.1734466
 -0.10942405 -0.15838317  0.08550796 -0.05584614  0.15302027  0.68562766
  0.34289658  0.39844162 -0.21369599 -0.24634099 -0.06485802  0.26375622
  0.52717246  0.48942044 -0.01279413  0.01587216 -0.00798181  0.15651934
 -2.00483103]",55,108,"(np.int32(0), np.int32(0), np.int32(0), np.int32(0), np.int32(1), np.int32(0), np.int32(0), np.int32(1), np.int32(0), np.int32(0))",19.14644973053031
325,10,2,5,1.2641228818797237,"[ 0.2342434   1.00809765 -0.04677537  0.63189791 -0.12546675 -0.76139723
 -0.83937632 -0.11193342  2.2880782   0.74094033 -0.23578271  0.04388085
 -0.62411876 -0.28867544  0.23860715  0.66027596 -0.49973858 -0.01112903
  0.02431705 -0.00727288 -0.39251958 -0.57518444 -0.19984032  0.14103973
 -0.3467146  -0.4246223  -0.05096629  0.01470511 -0.14488585  0.46161663
 -0.04173956  0.28354561 -0.70397291  0.23656282 -0.16504849  0.23444349
  0.1057395  -0.13700184 -0.09008649 -0.12700659  0.19101015  0.64033605
  0.21392911  0.39877135 -0.13200142 -0.24667502 -0.05927793  0.24387647
  0.43134487  0.41906867 -0.10158543  0.08690835  0.05311493  0.12712566
 -2.10900895]",55,116,"(np.int32(0), np.int32(0), np.int32(0), np.int32(0), np.int32(1), np.int32(0), np.int32(0), np.int32(1), np.int32(0), np.int32(0))",19.14644973053031
345,10,2,5,1.2552157198050347,"[ 0.17034581  0.88491119  0.05576769  0.42146167  0.1470864  -0.76438707
 -0.8123337  -0.19348011  2.42485946  0.80253159 -0.18267924 -0.07094955
 -0.49947564 -0.31495804  0.29467645  0.64077151 -0.43040507 -0.05404311
 -0.02861952 -0.01046826 -0.35811286 -0.48379772 -0.16767926  0.20317296
 -0.24286684 -0.5304384  -0.13682205  0.01098645 -0.11408594  0.41603204
 -0.01255273  0.12641041 -0.71982919  0.29535249 -0.18848873  0.26544276
  0.19267774 -0.03165125 -0.12675213 -0.15885225  0.06122986  0.49831124
  0.07137192  0.41468894 -0.22151991 -0.26737071 -0.04000969  0.2453051
  0.49725619  0.42174778 -0.19413886  0.105176    0.09182132  0.12614384
 -2.13362766]",55,108,"(np.int32(0), np.int32(0), np.int32(0), np.int32(0), np.int32(1), np.int32(0), np.int32(0), np.int32(1), np.int32(0), np.int32(0))",19.14644973053031
365,10,2,5,1.2721333260335452,"[ 0.3742914   1.27315367 -0.00412878  0.48007222  0.47196762 -0.79570211
 -0.68042959 -0.19427587  2.19179166  0.64439523 -0.27982909 -0.12651399
 -0.61008969 -0.39922814  0.18241259  0.55000315 -0.5253862   0.09567773
  0.12636186 -0.07029585 -0.38351841 -0.60282477 -0.14054544  0.02595307
 -0.35866133 -0.57839416 -0.21741698 -0.05084138 -0.14971051  0.44585402
  0.04664058  0.28842409 -0.70662445  0.35654182 -0.38424565  0.25265551
  0.19907036  0.05874836 -0.01853741 -0.03618326 -0.10554221  0.42347085
 -0.03353873  0.49343601 -0.09174289 -0.12075008  0.05110565  0.31084613
  0.4868848   0.37075321 -0.18108716  0.0558698   0.09359196  0.10079639
 -2.10738652]",55,108,"(np.int32(0), np.int32(0), np.int32(0), np.int32(0), np.int32(1), np.int32(0), np.int32(0), np.int32(1), np.int32(0), np.int32(0))",19.14644973053031
385,10,2,5,1.2651758924301364,"[ 0.45260598  1.38309198  0.05419779  0.58071329  0.28051784 -0.85604674
 -0.5954897  -0.07914316  2.05590917  0.70528319 -0.33389744 -0.16371111
 -0.58988126 -0.30646997  0.18515303  0.46470432 -0.5996286   0.15220127
  0.11183765 -0.13078498 -0.49786161 -0.46010551 -0.08746612  0.03048521
 -0.45013132 -0.4994175  -0.23049901 -0.07972105 -0.15469702  0.46790604
  0.02658361  0.29586817 -0.5923779   0.34088734 -0.22312974  0.2684266
  0.07033279  0.01914653  0.05796962 -0.09312175 -0.02409544  0.30397793
  0.00936263  0.3322417  -0.08458914 -0.05222386  0.0606283   0.26206255
  0.4033561   0.38186146 -0.20002121  0.1537859   0.18275949  0.03244799
 -2.05574022]",55,112,"(np.int32(0), np.int32(0), np.int32(0), np.int32(0), np.int32(1), np.int32(0), np.int32(0), np.int32(1), np.int32(0), np.int32(0))",19.14644973053031
405,10,2,5,1.2621267464764432,"[ 0.39501457  1.3214572   0.13533023  0.45999282  0.22412854 -0.8310536
 -0.53452885 -0.14230111  2.10784238  0.720433   -0.26802156 -0.21118884
 -0.57241766 -0.32157744  0.21517162  0.44433601 -0.49457136  0.06095663
  0.06724597 -0.11906838 -0.51875989 -0.40398531 -0.00389811  0.032216
 -0.49032956 -0.41105416 -0.23117611 -0.04459267 -0.18738566  0.31450828
  0.05228076  0.23579084 -0.53291645  0.33543621 -0.18793623  0.34443121
  0.05196114  0.06350815  0.07848353 -0.06528114 -0.01030207  0.28873689
  0.10742188  0.32209297 -0.11420212 -0.10116313  0.10492792  0.14560723
  0.36987936  0.31851801 -0.22292572  0.17880779  0.12347987  0.05081741
 -2.03123329]",55,111,"(np.int32(0), np.int32(0), np.int32(0), np.int32(0), np.int32(1), np.int32(0), np.int32(0), np.int32(1), np.int32(0), np.int32(0))",19.14644973053031
