sample_size,n,k,repeat,mae,coefficients,non_zero_coef,num_iter,best_x,predicted_best
5,10,2,1,1.9449863750000003,"[ 0.        0.        0.        0.        0.        0.        0.
  0.        0.999975  0.        0.        0.        0.        0.
  0.        0.        0.        0.999975  0.        0.        0.
  0.        0.        0.        0.        0.        0.        0.
  0.        0.        0.        0.        0.        0.        0.
  0.        0.        0.        0.        0.        0.        0.
  0.        0.       -1.999975  0.        0.        0.        0.
  0.        0.        0.        0.        0.        0.      ]",3,3,"(np.int32(1), np.int32(0), np.int32(0), np.int32(0), np.int32(1), np.int32(0), np.int32(1), np.int32(0), np.int32(1), np.int32(0))",3.9999499999999997
25,10,2,1,1.4900637190000106,"[ 6.18912650e-01  0.00000000e+00 -7.20368400e-01  0.00000000e+00
  0.00000000e+00  9.18534900e-01  1.35930420e+00 -1.22041465e+00
  0.00000000e+00  0.00000000e+00 -1.41921115e+00  0.00000000e+00
  0.00000000e+00  0.00000000e+00  0.00000000e+00  0.00000000e+00
  0.00000000e+00  3.60436700e-01  4.60000000e-04  0.00000000e+00
  0.00000000e+00  0.00000000e+00 -6.39465800e-01 -1.99997500e+00
  2.54025005e+00  0.00000000e+00  4.78735600e-01  0.00000000e+00
  0.00000000e+00  0.00000000e+00  0.00000000e+00  1.06057195e+00
  0.00000000e+00  0.00000000e+00  1.99236500e-01  0.00000000e+00
  0.00000000e+00  0.00000000e+00 -3.93563000e-02  0.00000000e+00
  0.00000000e+00  0.00000000e+00  6.99200250e-01 -9.40473050e-01
  2.41097800e-01  6.40825800e-01 -1.15968270e+00  1.58014135e+00
  0.00000000e+00 -4.00040500e-01  0.00000000e+00  0.00000000e+00
 -1.58008635e+00  0.00000000e+00  0.00000000e+00]",23,33,"(np.int32(1), np.int32(0), np.int32(0), np.int32(0), np.int32(0), np.int32(1), np.int32(1), np.int32(0), np.int32(1), np.int32(1))",5.999919999999993
45,10,2,1,2.891078378141591,"[ 1.10088727e+00  0.00000000e+00 -4.39474479e-01 -4.74991797e-01
  0.00000000e+00  2.25945816e+00  2.47068594e+00 -2.01193317e-04
  7.39305523e-01  0.00000000e+00 -5.06640339e+00 -9.66330556e-01
  2.90547464e+00  2.82056912e+00 -1.04827415e+00 -1.05209851e+00
 -3.81106209e-02  0.00000000e+00  1.16148216e+00  4.88682748e+00
  0.00000000e+00 -4.88540015e+00  1.11113138e+00 -3.47777651e-01
 -3.93700127e-01  2.04132125e-01  1.47472115e+00  0.00000000e+00
  3.05848295e-01 -1.23927064e+00 -1.65609158e+00  0.00000000e+00
 -1.89093077e+00  8.66568960e-01  6.08639717e-01 -7.87660781e-01
  1.66562447e-01  9.13157241e-01 -6.22527277e+00  0.00000000e+00
  0.00000000e+00  8.77705753e-01 -3.04295942e-05  2.84598762e-01
 -1.46869134e+00  0.00000000e+00  3.96076090e-01  6.61438439e-01
 -8.73842196e-01 -1.83360082e-01  8.69161007e-01 -2.90801218e-01
 -3.77759467e-01 -3.11116999e-01  0.00000000e+00]",44,82,"(np.int32(0), np.int32(0), np.int32(0), np.int32(0), np.int32(0), np.int32(1), np.int32(1), np.int32(1), np.int32(1), np.int32(0))",10.934752099129007
65,10,2,1,1.8757536458285677,"[ 3.07116133 -1.5498314  -0.91744822 -3.3503768  -0.98417173  3.20558556
  0.27082865 -0.92761497  0.47367328  0.89182278 -1.57767535 -1.31080511
 -1.13461957  1.53423701 -1.84392702 -1.49109286  1.63730914  0.46739595
 -1.68423627  2.19356075  2.08231736 -1.27618424 -0.35794479  0.23376755
  0.44779615 -0.89277215  0.54706602  0.10186284  1.77487297 -1.66332561
 -0.79524444  1.25875522 -0.90063838 -0.46983091  1.56995662 -0.25152615
  0.16889458  1.66384852 -1.42087464  0.24088655 -0.31065298  0.06031344
 -0.14522734  0.48574062 -0.37323053 -0.4701491  -0.24357228  0.00972445
 -0.20592776 -1.22977659  0.54869759  2.19564042  0.87575461 -1.72867531
 -1.31530437]",55,79,"(np.int32(0), np.int32(0), np.int32(0), np.int32(0), np.int32(0), np.int32(1), np.int32(1), np.int32(1), np.int32(1), np.int32(0))",10.934752099129007
85,10,2,1,1.3594963264587347,"[-8.56110662e-01 -2.29629367e+00 -2.49622174e+00 -1.19386878e+00
 -1.14381066e-01  2.56776716e+00  1.11228550e+00 -2.12033378e+00
  1.08991365e+00  1.23895497e+00 -7.24439517e-02 -5.18123241e-01
 -3.18814424e-02  5.01137549e-01 -8.89740756e-01  7.38092312e-01
  1.17538153e+00  4.44295353e-02 -1.33082533e-01  2.36665380e+00
  1.21161701e+00  1.64218714e-01 -6.20229714e-01 -9.06458959e-01
  1.24704031e+00 -5.49815983e-01  7.46293647e-01  5.98448015e-01
  1.08074441e+00 -1.07815365e+00 -3.77265824e-01  1.84502073e+00
 -4.92495094e-01 -1.27102082e-01 -1.37784061e-01 -3.16362681e-02
  4.73545551e-01  5.34848140e-01 -4.88565837e-01 -1.26187488e+00
 -5.65610136e-01 -2.18701124e-02 -8.08430052e-04 -1.42755800e-01
 -4.99523332e-01 -8.65295450e-01 -3.42269960e-01  2.28971399e-01
 -2.81511969e-01 -5.06840034e-01  3.83407517e-01 -2.47523515e-01
 -4.55847850e-01  5.45375649e-02 -7.04337162e-01]",55,61,"(np.int32(0), np.int32(0), np.int32(0), np.int32(0), np.int32(0), np.int32(1), np.int32(1), np.int32(1), np.int32(1), np.int32(0))",10.934752099129007
105,10,2,1,1.348910670729475,"[ 0.21577799 -2.4211143  -2.75614824 -1.96148869 -0.36652496  3.04988109
  0.89709496 -1.65668205  0.42564333  1.48276211 -0.36863696 -0.46323056
 -0.31821171 -0.1652725  -0.89666451 -0.21161861  1.27929073  0.60951071
 -0.71452611  2.3444618   1.48723295  0.61510006 -0.3846769  -0.4776852
  0.86194192 -0.61138279  0.59672699  1.35952897  0.97098012 -0.86518932
 -0.63230115  1.19352261 -0.14916339 -0.24110116  0.19875334 -0.34959133
 -0.26134745  0.71018114 -0.08930623 -0.84790873 -0.81100419  0.11606911
  0.30804367  0.09510936  0.17568632 -0.43648968 -0.61129113  0.22102395
 -1.06313584  0.1941085  -0.18917056  0.68135601  0.02183666 -0.56341129
 -0.77848617]",55,65,"(np.int32(0), np.int32(0), np.int32(0), np.int32(0), np.int32(0), np.int32(1), np.int32(1), np.int32(1), np.int32(1), np.int32(0))",10.934752099129007
125,10,2,1,1.26525424141917,"[ 0.49662743 -2.70410488 -2.63243472 -1.85816948 -0.92831838  2.45319635
  0.4671597  -1.54540904  0.46027181  1.27616503 -0.13248579 -0.43363043
 -0.61911916 -0.0255592  -0.85327134  0.09383247  0.66875214  0.29464602
 -0.58527629  2.52484295  1.46931811  0.88524435 -0.37844202 -0.5497615
  0.96345698 -0.49077414  0.3870861   1.36448651  1.30623204 -0.79251378
 -0.49678976  0.92597839  0.07865302 -0.59116125  0.22950432 -0.07178457
  0.24481049  0.41047367 -0.11791837 -0.8175984  -0.50833846 -0.14054658
  0.46377375  0.20122344  0.08897774 -0.21514814 -0.58346492  0.23971695
 -0.96900069  0.24902808 -0.48999869  0.70944669 -0.14746768  0.01977678
 -0.52302384]",55,73,"(np.int32(0), np.int32(0), np.int32(0), np.int32(0), np.int32(0), np.int32(1), np.int32(1), np.int32(1), np.int32(1), np.int32(0))",10.934752099129007
145,10,2,1,1.2085761557999506,"[ 0.50668638 -2.45625613 -2.54669175 -2.04043693 -0.52578989  1.35807399
 -0.10063149 -1.5660574   1.12441576  1.20508812 -0.02769025 -0.49302575
 -0.71482497 -0.14268711 -0.40593326  0.19049318  0.56883627 -0.05685994
 -0.6224399   2.31173448  1.43949858  0.81112596 -0.44670914 -0.29269133
  1.00275683 -0.51593988  0.00586053  0.94518893  1.18743121 -0.17266701
  0.15754936  0.91333838 -0.70866202 -0.37940509  0.29035365  0.45786085
  0.7836812   0.80979762 -0.68094084 -0.74320244 -0.22289254  0.1575675
  0.24660228 -0.39513664 -0.03137692 -0.71569673 -0.65364993  0.50299652
 -0.54213092  0.03849314  0.05470107  0.40366601  0.03560776  0.07123622
 -0.58538607]",55,59,"(np.int32(0), np.int32(0), np.int32(0), np.int32(0), np.int32(0), np.int32(1), np.int32(1), np.int32(1), np.int32(1), np.int32(0))",10.934752099129007
165,10,2,1,1.2034852776090927,"[ 1.45634507 -1.101155   -1.38994762 -0.84869133 -1.22666307  1.43667995
 -1.05992364  0.27630939  1.70037354  1.29002096 -0.63014981 -0.81949234
 -1.10538865  0.01877839 -0.41640556  0.51277334  0.05860413 -0.12663852
 -0.68886363  2.17867996  1.2092881   0.65530391 -0.72431195 -0.30064888
  0.33352507 -0.58158433 -0.27047679  0.95186228  0.90347895 -0.44696084
 -0.0218197  -0.03268811 -0.53205146 -0.62893079  0.27478331 -0.24451791
  0.74141456  0.06750743 -0.53752181 -0.85180886  0.19323648  0.72645333
  0.15813529 -0.53785376  0.41518004 -0.22886456 -0.47011511  0.11024314
 -0.54821587 -0.04884292  0.10648354  0.51550807 -0.29123108 -0.16758214
 -0.47108905]",55,61,"(np.int32(0), np.int32(0), np.int32(0), np.int32(0), np.int32(0), np.int32(1), np.int32(1), np.int32(1), np.int32(1), np.int32(0))",10.934752099129007
185,10,2,1,1.1325552642604086,"[ 1.76155809 -0.93207486 -0.69969415 -1.05844304 -1.44131507  1.03073563
 -0.43520014  0.32186817  1.17025306  0.90424403 -0.80232693 -0.82307018
 -0.9111279   0.13748673 -0.55686444  0.0650338  -0.14532157  0.06810838
 -0.38723052  2.06368069  1.20943951  0.58784615 -0.39156948 -0.26140619
  0.09719542 -0.56279553 -0.46821661  0.90456262  0.73454723 -0.47652583
 -0.28266249 -0.38980324 -0.45739972 -0.66291232  0.37672401 -0.2319613
  0.35915408  0.10293252 -0.20100218 -0.6368141   0.10617618  0.66250733
  0.23117666 -0.42146708  0.54606852 -0.03486395 -0.15355959 -0.03452059
 -0.50077887 -0.20502553  0.024325    0.41554719 -0.15353238 -0.16197522
 -0.34466452]",55,59,"(np.int32(0), np.int32(0), np.int32(0), np.int32(0), np.int32(0), np.int32(1), np.int32(1), np.int32(1), np.int32(1), np.int32(0))",10.934752099129007
205,10,2,1,1.1201907595391964,"[ 1.67018539 -1.14353507 -0.58964202 -1.17022889 -1.147934    0.85554765
 -0.48122571  0.28308445  1.47200662  0.67530783 -0.55982949 -0.56759283
 -0.80923154 -0.3139742  -0.52686588  0.1921142  -0.01405179 -0.23284507
 -0.12821215  2.16006303  1.40476643  0.50586144 -0.32532294 -0.17034683
 -0.11459414 -0.55883945 -0.30379192  0.99896648  0.57993726 -0.57425664
 -0.4045836  -0.32054143 -0.52003106 -0.58869681  0.30087894 -0.05736821
  0.17960994 -0.07102402 -0.04689721 -0.31233049  0.22051114  0.47367253
  0.25828825 -0.2589933   0.27876066  0.10702084 -0.10229896 -0.10106221
 -0.33076159  0.08766783 -0.07672229  0.43175771 -0.46352023 -0.19224271
 -0.49887387]",55,61,"(np.int32(0), np.int32(0), np.int32(0), np.int32(0), np.int32(0), np.int32(1), np.int32(1), np.int32(1), np.int32(1), np.int32(0))",10.934752099129007
225,10,2,1,1.1075391997080637,"[ 1.64089676e+00 -1.44294162e+00 -9.29083447e-01 -1.44410933e+00
 -1.17513826e+00  5.36205063e-01 -2.11917530e-01  1.92343332e-01
  1.42944894e+00  7.96132050e-01 -3.83957726e-01 -4.59994355e-01
 -6.05286276e-01 -4.02911669e-01 -4.59441154e-01  6.69773427e-02
 -7.00587354e-02 -3.21008749e-01 -1.23243766e-01  2.18468948e+00
  1.32576150e+00  6.90173787e-01 -3.01715179e-01 -7.94261086e-02
 -4.64774989e-02 -4.69833527e-01 -4.26894872e-01  9.90228143e-01
  7.29779045e-01 -4.34053500e-01 -3.44335630e-01 -1.27765935e-01
 -4.49703370e-01 -7.06436833e-01  4.38040340e-01 -1.56381815e-02
  1.95576985e-01  9.72288349e-02 -6.44551943e-02 -2.33954615e-01
  3.70317615e-01  2.83332504e-01  2.07124455e-01 -3.09934186e-01
  2.01876975e-01  2.75818201e-02  1.32373675e-02 -5.53008872e-04
 -2.46061998e-01 -8.17448840e-02 -8.99805776e-02  3.92867702e-01
 -4.08778747e-01 -1.60435401e-01 -5.75816870e-01]",55,61,"(np.int32(0), np.int32(0), np.int32(0), np.int32(0), np.int32(0), np.int32(1), np.int32(1), np.int32(1), np.int32(1), np.int32(0))",10.934752099129007
245,10,2,1,1.0844831323660638,"[ 1.24792736 -1.4939343  -1.28719883 -1.40797066 -1.05561848  0.58513759
 -0.08742566  0.07306823  1.33683658  0.60440404 -0.29409556 -0.40270435
 -0.51567753 -0.17531905 -0.39551766 -0.07970331 -0.06482768 -0.16467522
 -0.02884648  2.16792308  1.3301181   0.68471238 -0.3845235  -0.14397103
 -0.00453804 -0.36699206 -0.40972584  1.08522574  0.82144621 -0.43101043
 -0.26159281 -0.02854089 -0.43002252 -0.61731628  0.3290653  -0.07054018
  0.24020331  0.04640399 -0.03504151 -0.38457131  0.20276249  0.25061238
  0.21469279 -0.35517663  0.19225408  0.11340852  0.08874881  0.05717263
 -0.32929328 -0.06558127 -0.20249554  0.29817497 -0.51946751  0.02857154
 -0.36570034]",55,65,"(np.int32(0), np.int32(0), np.int32(0), np.int32(0), np.int32(0), np.int32(1), np.int32(1), np.int32(1), np.int32(1), np.int32(0))",10.934752099129007
265,10,2,1,1.067170140946996,"[ 1.19525241e+00 -1.82513737e+00 -1.54773893e+00 -1.37772895e+00
 -8.87144524e-01  8.44207127e-01  1.39280071e-01 -1.34168039e-01
  9.72631891e-01  3.62883985e-01 -2.08646949e-01 -3.35515493e-01
 -5.81824213e-01 -5.51828675e-02 -3.63461279e-01 -8.00810152e-02
 -5.36948999e-03 -8.61039343e-02 -1.77873430e-01  2.31181965e+00
  1.42206231e+00  6.62595883e-01 -5.04799155e-01 -3.21102517e-01
  1.21861153e-03 -1.77615974e-01 -1.67886086e-01  1.15825786e+00
  7.53243213e-01 -5.54063117e-01 -3.38541537e-01 -1.14290313e-01
 -3.39303488e-01 -3.10080603e-01  6.42723577e-02 -1.70957194e-01
  1.21828405e-01  1.64991267e-02  1.91515554e-03 -2.76613553e-01
  3.44790072e-01  1.29698212e-01  1.70034974e-01 -2.94276298e-01
  8.24860791e-02  5.42126049e-02  1.23967360e-01 -2.03816321e-02
 -5.23945563e-01  4.62294362e-02 -1.79913167e-01  1.98318571e-01
 -2.97751750e-01  1.02705532e-01 -2.35967493e-01]",55,63,"(np.int32(0), np.int32(0), np.int32(0), np.int32(0), np.int32(0), np.int32(1), np.int32(1), np.int32(1), np.int32(1), np.int32(0))",10.934752099129007
285,10,2,1,1.073007514656176,"[ 1.06392958 -1.88243187 -1.71430429 -1.25217566 -0.83112972  1.04587168
  0.20034184 -0.03182921  0.90252204  0.45601632 -0.29178923 -0.37983855
 -0.37418792 -0.09676788 -0.40967699 -0.06992374  0.07914884 -0.09720559
 -0.14192274  2.32963999  1.3673246   0.60681675 -0.45653571 -0.20329435
  0.09404054 -0.17559233 -0.14461831  1.15432142  0.67950205 -0.49851231
 -0.20077383 -0.02381207 -0.30490145 -0.29047387  0.1195704  -0.25550269
 -0.00341486 -0.01874478 -0.02207278 -0.47040026  0.17400034  0.07436956
  0.17391802 -0.21198834  0.19022718  0.05987309 -0.03618547 -0.0239483
 -0.53548975 -0.07782579 -0.13919459  0.14464811 -0.2858297   0.06885128
 -0.18658729]",55,63,"(np.int32(0), np.int32(0), np.int32(0), np.int32(0), np.int32(0), np.int32(1), np.int32(1), np.int32(1), np.int32(1), np.int32(0))",10.934752099129007
305,10,2,1,1.052624429774511,"[ 0.96049696 -1.98339071 -1.76481328 -1.30324751 -0.66605743  0.80068282
  0.24002773  0.02537619  0.67524654  0.54306163 -0.26987928 -0.28234761
 -0.31331207 -0.22934422 -0.36163918  0.01340115  0.05546056 -0.12329848
 -0.13597889  2.35457776  1.41942996  0.58394141 -0.36240734 -0.12873831
  0.05020005 -0.16705073 -0.12289922  1.25366636  0.53427606 -0.43081587
 -0.15817968 -0.07509294 -0.21347901 -0.35355675  0.15940466 -0.27218381
 -0.01307307 -0.04148676 -0.12752544 -0.38520694  0.24244654 -0.00335362
  0.11972903 -0.17403982  0.17448513  0.07430172  0.08620819  0.02461202
 -0.49095576 -0.11156276 -0.07779908  0.02822037 -0.16173574 -0.02079773
 -0.07632274]",55,57,"(np.int32(0), np.int32(0), np.int32(0), np.int32(0), np.int32(0), np.int32(1), np.int32(1), np.int32(1), np.int32(1), np.int32(0))",10.934752099129007
325,10,2,1,1.0671565889486074,"[ 1.1198398  -2.10069493 -1.84612625 -1.42317815 -0.56633657  0.83832503
  0.31399058  0.00469861  0.30023177  0.3482832  -0.30229775 -0.27185141
 -0.35704315 -0.29476783 -0.45276973 -0.15556258  0.1459751  -0.0979371
  0.05099503  2.28238387  1.44644386  0.55940363 -0.33779661 -0.08826925
  0.07140504  0.04113865 -0.11951422  1.29381711  0.41706943 -0.428135
 -0.22541943 -0.01509161  0.01805533 -0.20963044  0.14191765 -0.25176482
 -0.09661785 -0.0821387   0.03681703 -0.25357519  0.17559994 -0.06429884
  0.18754462 -0.01263885  0.16695836  0.05874749  0.06665779  0.04283576
 -0.44284651 -0.08538564 -0.02290423  0.03363805 -0.27802798 -0.03616007
 -0.11127457]",55,59,"(np.int32(0), np.int32(0), np.int32(0), np.int32(0), np.int32(0), np.int32(1), np.int32(1), np.int32(1), np.int32(1), np.int32(0))",10.934752099129007
345,10,2,1,1.0662333965564113,"[ 1.01039834e+00 -1.95452608e+00 -1.81894040e+00 -1.55261987e+00
 -6.71992609e-01  8.61806377e-01  1.94782263e-01 -6.19610316e-02
  3.21660392e-01  3.94811977e-01 -2.86181938e-01 -2.53052101e-01
 -3.37159684e-01 -2.43752956e-01 -5.13477041e-01 -5.60400017e-02
  2.24479926e-01 -1.93545554e-01  2.46173111e-02  2.17924960e+00
  1.47284192e+00  4.94111812e-01 -3.43344918e-01 -7.00568037e-02
  9.71075119e-02 -1.33867345e-02 -1.52511182e-01  1.31770205e+00
  4.03195895e-01 -4.18342454e-01 -1.45305180e-01  4.35358902e-02
 -1.29276360e-02 -2.52753109e-01  2.52097098e-01 -2.82333344e-01
 -1.73452822e-02 -2.48672981e-02 -5.99872791e-02 -2.24444301e-01
  1.96823191e-01 -7.60485279e-02  1.96542351e-01  9.39822416e-03
  1.64988977e-01 -1.49723204e-19  4.57425463e-02  7.09421953e-02
 -3.34579783e-01 -1.39857576e-01  7.17785801e-02  2.99677183e-02
 -2.59336972e-01 -5.78765187e-02 -1.19037547e-01]",55,58,"(np.int32(0), np.int32(0), np.int32(0), np.int32(0), np.int32(0), np.int32(1), np.int32(1), np.int32(1), np.int32(1), np.int32(0))",10.934752099129007
365,10,2,1,1.0551060373992167,"[ 0.94585465 -1.99844828 -1.9675039  -1.56452544 -0.75033821  0.80413205
 -0.00672044  0.03944609  0.24574236  0.42492052 -0.38061006 -0.24825134
 -0.36192025 -0.13220454 -0.32831406  0.03419181  0.20325463 -0.11311055
 -0.00553351  2.12261146  1.50325435  0.55892071 -0.30845426 -0.02888143
  0.08971674  0.12926983 -0.23201037  1.39193235  0.47353934 -0.38842739
 -0.05628817  0.05147099  0.06457465 -0.20620995  0.21347937 -0.3056237
  0.00403434 -0.04532873  0.03646252 -0.19876378  0.2435541  -0.04318107
  0.15739858 -0.05212655  0.12451001  0.09036869  0.0538783  -0.07097657
 -0.35710817 -0.07855465  0.0326982   0.0685576  -0.31421137 -0.12197908
 -0.07042378]",55,55,"(np.int32(0), np.int32(0), np.int32(0), np.int32(0), np.int32(0), np.int32(1), np.int32(1), np.int32(1), np.int32(1), np.int32(0))",10.934752099129007
385,10,2,1,1.044175988061334,"[ 8.03507485e-01 -2.17036420e+00 -2.28704749e+00 -1.69274973e+00
 -5.62287629e-01  6.11873552e-01 -1.74197298e-01 -1.51788165e-01
  5.06913261e-02  4.82463931e-01 -3.41387584e-01 -1.73427559e-01
 -3.20619585e-01 -1.09881904e-01 -3.44174538e-01  1.06219977e-01
  1.80419065e-01 -8.20199118e-02  4.98170316e-02  2.19747430e+00
  1.43220755e+00  5.76284437e-01 -2.90460951e-01 -2.70017633e-02
  1.12978309e-01  2.48652780e-01 -2.35130852e-01  1.39249141e+00
  4.89229959e-01 -3.66123713e-01  1.41420039e-02  1.50964713e-01
  1.70910636e-01 -1.30367893e-01  9.59139535e-02 -2.68385562e-01
  7.66434552e-02  8.36414023e-02  1.03558714e-01 -1.72901657e-01
  1.97753313e-01 -1.05161111e-01  4.39216969e-02 -8.90286332e-02
  1.32133470e-01  2.07425469e-01  1.31593547e-01  1.53002678e-02
 -4.01622708e-01 -4.22434539e-04  6.63915044e-02 -1.66236826e-02
 -2.66832570e-01 -7.94124639e-02 -1.19187907e-01]",55,57,"(np.int32(0), np.int32(0), np.int32(0), np.int32(0), np.int32(0), np.int32(1), np.int32(1), np.int32(1), np.int32(1), np.int32(0))",10.934752099129007
405,10,2,1,1.0556558811830028,"[ 0.72061225 -1.99698996 -2.1557768  -1.60197745 -0.46677555  0.76445362
 -0.3857488  -0.11362399  0.04051633  0.63126235 -0.40791619 -0.22925982
 -0.28298221 -0.12266571 -0.25816758  0.12587585  0.25331145  0.02230928
  0.10671176  2.13536845  1.29529111  0.5363711  -0.30670472  0.05079843
  0.10548336  0.23930894 -0.21461358  1.24944334  0.44463689 -0.37335492
  0.09185484  0.16488029  0.15792416 -0.10106467  0.08555116 -0.2684074
  0.10613613  0.03689982  0.18872627 -0.19098924  0.03297748  0.00335082
  0.04498176 -0.0608305   0.02871707  0.18329331  0.04245254 -0.0553555
 -0.44438038  0.10743033  0.03404439 -0.02391351 -0.32980159 -0.14671325
 -0.25669392]",55,57,"(np.int32(0), np.int32(0), np.int32(0), np.int32(0), np.int32(0), np.int32(1), np.int32(1), np.int32(1), np.int32(1), np.int32(0))",10.934752099129007
5,10,2,2,1.414993,"[ 0.00000000e+00  0.00000000e+00  0.00000000e+00  0.00000000e+00
  0.00000000e+00  0.00000000e+00 -9.99975000e-01  1.01637273e-15
  0.00000000e+00  0.00000000e+00  0.00000000e+00  0.00000000e+00
  0.00000000e+00  2.99995000e+00  0.00000000e+00  0.00000000e+00
  0.00000000e+00  0.00000000e+00  0.00000000e+00  0.00000000e+00
  0.00000000e+00  0.00000000e+00  0.00000000e+00  0.00000000e+00
  0.00000000e+00  0.00000000e+00  0.00000000e+00  0.00000000e+00
  0.00000000e+00  0.00000000e+00  0.00000000e+00  0.00000000e+00
  0.00000000e+00  0.00000000e+00  0.00000000e+00  0.00000000e+00
  0.00000000e+00  0.00000000e+00  0.00000000e+00  0.00000000e+00
  0.00000000e+00  0.00000000e+00  0.00000000e+00  0.00000000e+00
  0.00000000e+00  0.00000000e+00  0.00000000e+00  0.00000000e+00
  0.00000000e+00  0.00000000e+00  0.00000000e+00  0.00000000e+00
  0.00000000e+00  0.00000000e+00  0.00000000e+00]",3,3,"(np.int32(0), np.int32(0), np.int32(0), np.int32(0), np.int32(0), np.int32(1), np.int32(1), np.int32(1), np.int32(1), np.int32(0))",10.934752099129007
25,10,2,2,1.8025529264528806,"[ 0.         -0.35954547  0.          0.          0.          0.
  0.          0.         -0.34136179  0.         -0.24926923  0.
  0.          0.          0.          0.          1.75032799 -0.12116294
  0.33582121  0.          0.          0.         -0.81621767  0.
  0.         -0.01116448 -0.18997569  0.5608523   0.91328135 -2.38463083
 -0.05126046 -1.26555763  0.          0.10297926  0.          0.
  0.          0.         -1.00006944  0.         -0.53601694 -1.46303862
  1.24907479  0.          0.          1.43582185  0.          0.
  1.29018466 -0.06468135  0.          1.93708894  0.         -1.12135738
  0.        ]",24,46,"(np.int32(0), np.int32(0), np.int32(0), np.int32(0), np.int32(0), np.int32(1), np.int32(1), np.int32(1), np.int32(1), np.int32(0))",10.934752099129007
45,10,2,2,1.9955102302332868,"[ 1.10069486 -1.18273672 -2.51625431  0.         -1.58473477  0.75106335
  0.35044967  0.          0.          3.34001919 -1.09125248 -1.26408999
 -0.36261966  0.         -1.2426396   0.99178892  0.5351324   0.
  0.          2.74752409  2.36942463  0.02915999 -0.77049859  0.72758595
 -0.48329394  0.50336925 -2.45977972  1.17003722  0.30937453  0.
 -0.29014763  0.          1.75024981  0.         -0.77526697 -1.3712706
  0.         -0.68289097 -1.13935813 -1.0936773   0.         -0.91044167
  2.53759292 -0.20343894  0.70331026 -2.01921177  0.01807705  0.11913099
  1.91820542  0.24673881  0.12405092  0.54749853 -0.53032524 -2.82351409
 -2.12898388]",44,76,"(np.int32(0), np.int32(0), np.int32(0), np.int32(0), np.int32(0), np.int32(1), np.int32(1), np.int32(1), np.int32(1), np.int32(0))",10.934752099129007
65,10,2,2,2.0698887277044364,"[ 0.35229604  0.33325902 -1.43186084 -0.4435684  -0.16483698 -1.06272513
 -0.35378779 -2.47760518 -0.90654364  0.84103026 -1.1579747   1.32454397
 -1.55278881  0.1775576  -0.20580117 -1.03676897  1.43137863  0.2153504
  2.25520396  2.68998051  0.63370295  0.08360208 -0.99961023  0.9737927
 -1.22868998  0.4600988  -2.63210853 -0.76474716  0.40505028 -0.70082267
  0.87801272  0.30139672 -1.30710726  0.76214737 -1.00714511  0.021133
  1.38630206  1.42815361 -0.05661664  0.57051442  1.37713989 -0.85910942
  2.36414769 -0.09853938 -0.87325732 -0.83991223  0.72332842  1.8069888
  0.68802433 -0.70626745  1.59541696  0.44294431  0.9274733   0.90100499
 -0.4721786 ]",55,79,"(np.int32(0), np.int32(0), np.int32(0), np.int32(0), np.int32(0), np.int32(1), np.int32(1), np.int32(1), np.int32(1), np.int32(0))",10.934752099129007
85,10,2,2,1.5689369288553303,"[ 0.92934861 -0.05697466 -0.77191187 -0.4413065  -0.35231138 -0.40357212
 -0.5925628  -0.58951557 -0.64090382  1.58826427 -0.68636325 -0.0865387
 -1.15282805  0.17995208 -0.70716453 -0.75780315  0.71859302 -0.10533484
  1.97315522  2.49282074  0.80858988  0.1300032  -0.17366328  0.17542956
  0.11231652  0.04035503 -2.3544102  -0.05999757 -0.05708599  0.33369959
  0.27030636 -0.22277895 -0.28446826  0.38775008 -0.24189489  0.97183882
  1.07326098  0.920851   -0.81061537 -0.10908387 -0.04435494  0.67863559
  0.99164386  0.30336211 -1.30493436 -0.36888992 -0.66989658  1.34711589
  0.09722959 -0.65866708  1.14365939  0.36634235  0.20469932  0.05309823
 -0.18952274]",55,59,"(np.int32(0), np.int32(0), np.int32(0), np.int32(0), np.int32(0), np.int32(1), np.int32(1), np.int32(1), np.int32(1), np.int32(0))",10.934752099129007
105,10,2,2,1.531658520537357,"[ 1.02018865 -1.27782097 -0.7367771   0.68515695  0.44497748  0.6551951
 -0.89216198 -0.34465822  0.09787965  2.32724233 -0.70492162  0.59821517
 -1.45594004  0.6104795  -0.85351331 -0.66522065  0.36932092 -0.29212149
  1.85032935  2.71552177  0.53659083  0.14615569  0.53051701  0.25390755
  0.54012206  0.00574144 -1.13760923 -0.6798912   0.2517192   0.53475941
 -0.56485278 -0.09839087 -0.36289663  0.64369871 -0.12230123  0.49750819
  0.74322774  0.66864594 -0.40929646 -1.30079251 -0.79893767  0.95113148
  0.43033419 -0.21446241 -2.00220045 -0.11505473 -1.13603594  0.62245709
 -0.52252081 -0.65784294  1.25024346  0.57340087 -0.01108108  0.22254493
 -0.86916991]",55,59,"(np.int32(0), np.int32(0), np.int32(0), np.int32(0), np.int32(0), np.int32(1), np.int32(1), np.int32(1), np.int32(1), np.int32(0))",10.934752099129007
125,10,2,2,1.4493850724396389,"[ 0.50388023 -0.78888412 -1.0612492   0.58134492 -0.64911988  0.17296751
 -0.58339317 -0.01849887  0.77302901  1.86593708 -0.26847473  0.56171231
 -1.22223645 -0.03149488 -0.87343278 -0.23478352  0.58186278 -0.06064548
  1.6139919   1.99433312  0.38937316  0.36694573  0.06226473 -0.1593169
  0.58092381 -0.4664052  -0.72764076 -0.24112049  0.17502473  0.15825179
 -0.1208621   0.27926189 -0.27126028  0.35038134  0.24012413  0.53166249
  0.50939399 -0.04942411 -0.43813136 -1.29938562 -0.7604701   1.46017843
  0.89295781  0.10569879 -1.39723993  0.54948805 -0.28644922  0.72645161
 -0.65611245 -1.34917541  0.26128944  0.78836812 -0.63872232  0.26634315
 -0.92858291]",55,63,"(np.int32(0), np.int32(0), np.int32(0), np.int32(0), np.int32(0), np.int32(1), np.int32(1), np.int32(1), np.int32(1), np.int32(0))",10.934752099129007
145,10,2,2,1.2544603675951302,"[ 0.95124262 -1.54654762 -1.69569436 -0.41925552 -0.53141438  0.51353629
 -0.93809234  0.02447891  0.34011263  1.35528783 -0.10205033  0.38388475
 -1.08325769 -0.27381812 -0.83398877 -0.28250051  0.18699214  0.13267385
  0.84922828  2.24196919  0.9139065   0.3023202  -0.26742811  0.1047032
  0.89722006 -0.29871842 -0.63584809  0.61037614  0.21282095 -0.17148646
  0.10960902  0.5289017  -0.32486799  0.22427058 -0.00513365  0.236758
  0.8696409   0.15958184 -0.24377752 -1.086855   -0.12576118  0.99196053
  0.30389097  0.21090512 -0.66306924  0.1434468  -0.3417756   0.56945464
 -0.22186906 -0.74428623  0.35399919  0.42211231 -0.73589316  0.04854385
 -0.51901544]",55,63,"(np.int32(0), np.int32(0), np.int32(0), np.int32(0), np.int32(0), np.int32(1), np.int32(1), np.int32(1), np.int32(1), np.int32(0))",10.934752099129007
165,10,2,2,1.2108275360380027,"[ 9.02617299e-01 -1.48274968e+00 -2.32272045e+00 -1.39719469e+00
 -1.07593800e+00  8.30096751e-01 -8.44612233e-01  5.84183405e-01
  6.09032113e-01  7.12759538e-01 -2.65162690e-01 -3.89008627e-01
 -5.51992584e-01 -5.86121432e-01 -7.27270618e-01 -5.70874846e-02
  3.68388386e-01  2.46077873e-01  4.89659284e-01  2.47164360e+00
  1.18378953e+00  4.00319136e-01 -3.19704231e-01 -3.86819586e-02
  4.40069930e-01 -4.95223976e-01 -2.44428743e-01  1.18759882e+00
  4.80048982e-01 -9.92934172e-02  2.65134133e-01  5.49070736e-01
  3.70162172e-04  1.52733878e-01  3.64821335e-01  9.53111850e-02
  8.58965321e-01  1.62983300e-01 -5.10264544e-01 -3.89377133e-01
  2.09383631e-01  9.50405267e-01 -1.45872261e-01  2.55411741e-01
 -2.48252751e-01 -2.51565487e-01 -5.55080151e-01  2.18822240e-01
 -1.29733727e-01 -6.80306157e-01  3.45243900e-01  3.68317064e-01
 -6.68695131e-01 -2.37854246e-01 -6.32970016e-01]",55,57,"(np.int32(0), np.int32(0), np.int32(0), np.int32(0), np.int32(0), np.int32(1), np.int32(1), np.int32(1), np.int32(1), np.int32(0))",10.934752099129007
185,10,2,2,1.1584680363963502,"[ 1.00309855 -2.21169973 -2.59473048 -1.48921109 -1.18103468  0.65387298
 -0.64896502  0.00623687  0.52236001  0.33138347 -0.13247253 -0.18519596
 -0.63042844 -0.59608622 -0.62184584  0.15839029  0.26555387  0.08055294
  0.23650889  2.39762826  1.17399662  0.65567175 -0.06877571 -0.04566412
  0.55720114 -0.2257105  -0.00322736  1.0599541   0.78445385 -0.10113969
  0.02161361  0.54855541  0.08313477  0.2934127   0.33121592 -0.10743079
  0.75041238  0.32195675 -0.28957516 -0.22977327  0.18849915  0.64847023
  0.02917335  0.00263756 -0.10241211 -0.30239301 -0.25039109  0.12145867
  0.04285401 -0.64334602  0.38468138  0.34997485 -0.43284836 -0.07422188
 -0.61358432]",55,55,"(np.int32(0), np.int32(0), np.int32(0), np.int32(0), np.int32(0), np.int32(1), np.int32(1), np.int32(1), np.int32(1), np.int32(0))",10.934752099129007
205,10,2,2,1.1194577634455503,"[ 0.74985789 -2.13118845 -2.57347355 -1.50087312 -1.12593309  0.60299621
 -0.81925778 -0.08934614  0.65049014  0.32064066 -0.04613126 -0.0074672
 -0.40861763 -0.38856566 -0.82271912  0.18343965  0.27628874  0.13856062
  0.14156902  2.17224268  1.15496108  0.47872996 -0.09713713 -0.02523326
  0.58588799 -0.26397673 -0.05113908  1.24892949  0.69173517 -0.03762078
 -0.10298509  0.43832538 -0.090351    0.33616246  0.36311301 -0.13925166
  0.56166429  0.25560434 -0.29445175 -0.46414001  0.23619406  0.65046343
 -0.08266124 -0.06851493  0.09241825 -0.08195886 -0.04887163  0.14662628
 -0.05997425 -0.50921216  0.4790117   0.23544984 -0.61423054  0.16890766
 -0.60294111]",55,57,"(np.int32(0), np.int32(0), np.int32(0), np.int32(0), np.int32(0), np.int32(1), np.int32(1), np.int32(1), np.int32(1), np.int32(0))",10.934752099129007
225,10,2,2,1.1318495317364357,"[ 0.77341471 -2.18993977 -2.88838568 -1.48898615 -0.88546275  0.80645265
 -0.67962557  0.18991148  0.52617802  0.33322622 -0.19501577 -0.02943517
 -0.46611094 -0.24577043 -0.48766115  0.16697009  0.38609236 -0.00482833
  0.11917872  2.24409044  1.20961377  0.5617442  -0.37227388 -0.11011855
  0.54448919 -0.07859051  0.02841536  1.40539896  0.79210863 -0.25283137
 -0.08502508  0.45554724  0.10710501  0.43720884  0.1842064  -0.30540134
  0.47415872 -0.04447581 -0.09590842 -0.38112653  0.38354502  0.57991252
 -0.20917487 -0.1693464  -0.07623563  0.10627043  0.07359227 -0.08270455
 -0.21425442 -0.42084619  0.33597931  0.15560065 -0.80126758  0.08321714
 -0.5107924 ]",55,55,"(np.int32(0), np.int32(0), np.int32(0), np.int32(0), np.int32(0), np.int32(1), np.int32(1), np.int32(1), np.int32(1), np.int32(0))",10.934752099129007
245,10,2,2,1.135426764981284,"[ 0.88774967 -2.1536339  -2.66968637 -1.66820376 -0.74463246  0.96354342
 -0.50956894  0.07702813  0.36119886  0.5285152  -0.36983883 -0.1325621
 -0.3643927  -0.32903476 -0.6222612   0.18337997  0.37315934  0.08380281
  0.13349198  2.27209401  1.27555867  0.51971928 -0.3638101  -0.12885947
  0.57193584  0.01390512  0.00642695  1.46475716  0.71227213 -0.35991451
 -0.2594865   0.44231699  0.14908415  0.42518933  0.21959671 -0.20935828
  0.51824313 -0.03989226 -0.0475464  -0.43284179  0.27457389  0.49456548
 -0.16651953 -0.07698048 -0.11415955  0.          0.02341597 -0.07529854
 -0.13972157 -0.41226568  0.35047585  0.07022767 -0.67373344  0.03783817
 -0.59369724]",54,60,"(np.int32(0), np.int32(0), np.int32(0), np.int32(0), np.int32(0), np.int32(1), np.int32(1), np.int32(1), np.int32(1), np.int32(0))",10.934752099129007
265,10,2,2,1.147757776242953,"[ 7.62940577e-01 -2.23263414e+00 -2.52546010e+00 -1.76639528e+00
 -8.29444755e-01  8.85244185e-01 -6.64257642e-01  2.96214335e-01
  3.75845616e-01  2.75630422e-01 -4.40941022e-01 -2.28549506e-01
 -3.59103461e-01 -2.50152050e-01 -6.28621370e-01  2.69361904e-01
  3.79009243e-01  4.19667132e-02  2.72735892e-01  2.27148149e+00
  1.45016862e+00  6.20656121e-01 -4.47859443e-01 -9.23474817e-03
  4.29673936e-01 -2.20574239e-04 -6.89830367e-03  1.53065545e+00
  7.00920129e-01 -4.57665921e-01 -1.98234809e-01  2.42226943e-01
  1.84397656e-01  3.06957416e-01  5.20027212e-02 -2.79668658e-01
  3.82605415e-01 -2.35685057e-02  1.47011246e-01 -4.37937221e-01
  3.83508036e-01  5.30853832e-01 -1.57977947e-01 -1.46495433e-01
  6.21781148e-03  6.15579103e-02 -1.68953117e-02  4.71372295e-02
 -8.02244849e-02 -2.41272614e-01  2.51774802e-01  1.95138484e-01
 -8.04647870e-01  4.58068122e-02 -5.91885748e-01]",55,59,"(np.int32(0), np.int32(0), np.int32(0), np.int32(0), np.int32(0), np.int32(1), np.int32(1), np.int32(1), np.int32(1), np.int32(0))",10.934752099129007
285,10,2,2,1.1149162509472592,"[ 1.02436869 -2.15306931 -2.48697681 -1.58390256 -0.75224308  0.98624724
 -0.51242818  0.38774652  0.19122577  0.4133057  -0.53920012 -0.33318316
 -0.44286021 -0.17078319 -0.4790807   0.2296837   0.20145517  0.04909159
  0.06773428  2.31662673  1.45863959  0.53806365 -0.48519944 -0.13548943
  0.39475566  0.01125632  0.03967926  1.45690427  0.65282665 -0.3710223
 -0.23392564  0.25144232  0.06673181  0.36252939  0.00420048 -0.35432426
  0.25654505 -0.05498221  0.10479847 -0.23932631  0.37840871  0.50211888
 -0.19276825  0.01288093 -0.12023466  0.10727791 -0.08011962 -0.06855384
 -0.33217184 -0.12820167  0.32088077  0.05311058 -0.59411833  0.00909896
 -0.47654896]",55,57,"(np.int32(0), np.int32(0), np.int32(0), np.int32(0), np.int32(0), np.int32(1), np.int32(1), np.int32(1), np.int32(1), np.int32(0))",10.934752099129007
305,10,2,2,1.0973166453761058,"[ 1.09741186e+00 -1.99583530e+00 -2.44208823e+00 -1.56421933e+00
 -8.62581582e-01  8.50102753e-01 -2.60247000e-01  3.09197892e-01
  1.70889194e-01  3.12789495e-01 -5.86287694e-01 -4.55608051e-01
 -3.89862415e-01 -1.50024714e-01 -3.37303235e-01  4.17460622e-02
  1.78028465e-01  2.94124136e-02  9.90279423e-02  2.32556597e+00
  1.40671718e+00  5.19469656e-01 -4.18743777e-01 -1.73834785e-01
  3.62037112e-01 -4.69581253e-02  3.65963532e-02  1.35154516e+00
  6.73788706e-01 -2.02957824e-01 -3.11918743e-01  3.11574300e-01
  1.17582880e-01  3.03419474e-01 -1.15750068e-03 -2.80984723e-01
  1.65327737e-01  3.18687594e-02  6.28444802e-02 -1.02252150e-01
  2.90522060e-01  5.35211478e-01 -1.94625184e-01  1.43207057e-01
 -1.48072817e-01  7.58091466e-02 -1.21336713e-01 -4.50871429e-02
 -3.91278563e-01 -9.28044377e-02  2.46836898e-01  9.17230290e-02
 -5.39366891e-01 -6.60270072e-02 -4.31888025e-01]",55,59,"(np.int32(0), np.int32(0), np.int32(0), np.int32(0), np.int32(0), np.int32(1), np.int32(1), np.int32(1), np.int32(1), np.int32(0))",10.934752099129007
325,10,2,2,1.0762437891477514,"[ 0.7997008  -2.05949216 -2.33927604 -1.69537242 -0.87592334  0.78104135
 -0.26583681  0.05611935  0.16746807  0.26109242 -0.51029134 -0.42610648
 -0.17278368 -0.02762692 -0.35976856 -0.02768345  0.20632254  0.13132344
  0.13925378  2.35392486  1.39675197  0.51106993 -0.26505296 -0.04493287
  0.22477338  0.02502965 -0.09446382  1.31962425  0.53732813 -0.21849526
 -0.07121074  0.17174177  0.08605677  0.13708869  0.09045317 -0.36909443
  0.03321267  0.14629209  0.11007793 -0.10367289  0.17063029  0.41391017
  0.06874001  0.04129524 -0.11300175  0.07037339  0.02751756 -0.07668023
 -0.29060783 -0.10001731  0.23365243  0.21262984 -0.47228102 -0.04079072
 -0.38854599]",55,61,"(np.int32(0), np.int32(0), np.int32(0), np.int32(0), np.int32(0), np.int32(1), np.int32(1), np.int32(1), np.int32(1), np.int32(0))",10.934752099129007
345,10,2,2,1.0565481293590517,"[ 8.39897063e-01 -2.21297545e+00 -2.46259154e+00 -1.78403853e+00
 -5.71833514e-01  4.86406849e-01 -3.30696033e-01 -2.03417597e-01
  1.86436951e-02  4.84627508e-01 -4.55436930e-01 -3.72094572e-01
 -2.94209093e-01 -1.94698849e-04 -3.98202137e-01  3.11105536e-02
  1.61085105e-01  1.32400737e-01  1.60149122e-02  2.39269099e+00
  1.49115015e+00  4.39375473e-01 -1.54888943e-01 -7.16943476e-02
  2.80753140e-01  1.06202332e-01 -1.10934103e-01  1.32964943e+00
  4.60706109e-01 -1.60880888e-01  6.75769343e-03  2.60206450e-01
  8.43225972e-02  8.10351525e-02  8.83302509e-02 -1.95368346e-01
  7.12959974e-03  1.33734644e-01  2.27333946e-01 -2.54472393e-01
  3.61224760e-02  2.50767699e-01  4.04884901e-02 -7.08593416e-02
  6.95883674e-02  2.08365999e-01  1.45429584e-01 -4.94730808e-02
 -2.70503907e-01  5.58505445e-02  1.96288594e-01  3.79978232e-02
 -3.33897757e-01 -1.68060631e-01 -3.19068815e-01]",55,61,"(np.int32(0), np.int32(0), np.int32(0), np.int32(0), np.int32(0), np.int32(1), np.int32(1), np.int32(1), np.int32(1), np.int32(0))",10.934752099129007
365,10,2,2,1.059000245045583,"[ 0.66685525 -2.0796826  -2.36372252 -1.83916503 -0.50909055  0.64574445
 -0.34220348 -0.13808526 -0.0350846   0.52326915 -0.4127622  -0.26183526
 -0.2382154   0.01234507 -0.32644868  0.0501165   0.2131136   0.02327127
  0.12785135  2.31024311  1.45328982  0.39375377 -0.28931858 -0.07794589
  0.19396012  0.21039725 -0.23517597  1.29716034  0.4285051  -0.27470449
  0.01909853  0.20605262  0.15314208 -0.01198698  0.01842461 -0.25594915
  0.05193177  0.17804608  0.2532511  -0.24921273  0.01160877  0.20543999
  0.02011573 -0.02862643  0.0181668   0.21155544  0.12470762  0.00671656
 -0.38755707  0.02349204  0.15411577  0.08025872 -0.36911688 -0.16824177
 -0.24966781]",55,57,"(np.int32(0), np.int32(0), np.int32(0), np.int32(0), np.int32(0), np.int32(1), np.int32(1), np.int32(1), np.int32(1), np.int32(0))",10.934752099129007
385,10,2,2,1.0680920431188974,"[ 0.56932177 -2.08380357 -2.34535399 -1.84472444 -0.61837889  0.8135297
 -0.48250809 -0.03362605 -0.00670602  0.4708161  -0.26701331 -0.15227324
 -0.23855078 -0.0792845  -0.36311809  0.08703529  0.20641623 -0.05152661
  0.22198864  2.25026685  1.42505146  0.47781801 -0.39200868  0.02169574
  0.07119299  0.1744143  -0.18324974  1.31087918  0.5044598  -0.41049984
  0.09720281  0.11121205  0.17053157 -0.05424195  0.11433927 -0.29453127
  0.05089543  0.09607244  0.17418039 -0.11672686  0.04727675  0.11617418
  0.05047414  0.05090484  0.02912147  0.22397307  0.07760063  0.04568355
 -0.41274377  0.07768805  0.17245239  0.05842081 -0.37350276 -0.23182666
 -0.25142102]",55,61,"(np.int32(0), np.int32(0), np.int32(0), np.int32(0), np.int32(0), np.int32(1), np.int32(1), np.int32(1), np.int32(1), np.int32(0))",10.934752099129007
405,10,2,2,1.0556558811830021,"[ 0.72061225 -1.99698996 -2.1557768  -1.60197745 -0.46677555  0.76445362
 -0.3857488  -0.11362399  0.04051633  0.63126235 -0.40791619 -0.22925982
 -0.28298221 -0.12266571 -0.25816758  0.12587585  0.25331145  0.02230928
  0.10671176  2.13536845  1.29529111  0.5363711  -0.30670472  0.05079843
  0.10548336  0.23930894 -0.21461358  1.24944334  0.44463689 -0.37335492
  0.09185484  0.16488029  0.15792416 -0.10106467  0.08555116 -0.2684074
  0.10613613  0.03689982  0.18872627 -0.19098924  0.03297748  0.00335082
  0.04498176 -0.0608305   0.02871707  0.18329331  0.04245254 -0.0553555
 -0.44438038  0.10743033  0.03404439 -0.02391351 -0.32980159 -0.14671325
 -0.25669392]",55,57,"(np.int32(0), np.int32(0), np.int32(0), np.int32(0), np.int32(0), np.int32(1), np.int32(1), np.int32(1), np.int32(1), np.int32(0))",10.934752099129007
5,10,2,3,1.1783272500000002,"[ 0.00000000e+00  0.00000000e+00  0.00000000e+00  0.00000000e+00
  6.66650000e-01  0.00000000e+00 -6.66650000e-01  0.00000000e+00
  0.00000000e+00  0.00000000e+00  0.00000000e+00  0.00000000e+00
  0.00000000e+00  0.00000000e+00  0.00000000e+00  0.00000000e+00
  0.00000000e+00  0.00000000e+00  0.00000000e+00  0.00000000e+00
  0.00000000e+00  0.00000000e+00  7.40074668e-17  0.00000000e+00
  0.00000000e+00  0.00000000e+00  0.00000000e+00  0.00000000e+00
  0.00000000e+00  0.00000000e+00  0.00000000e+00  3.33300000e-01
  0.00000000e+00  0.00000000e+00  0.00000000e+00  0.00000000e+00
  0.00000000e+00  0.00000000e+00  0.00000000e+00  0.00000000e+00
  0.00000000e+00  0.00000000e+00  0.00000000e+00  0.00000000e+00
  0.00000000e+00  0.00000000e+00  0.00000000e+00  0.00000000e+00
  0.00000000e+00  0.00000000e+00  0.00000000e+00  0.00000000e+00
  0.00000000e+00  0.00000000e+00  0.00000000e+00]",4,4,"(np.int32(0), np.int32(0), np.int32(0), np.int32(0), np.int32(0), np.int32(1), np.int32(1), np.int32(1), np.int32(1), np.int32(0))",10.934752099129007
25,10,2,3,2.080510601851914,"[ 6.64206790e-01 -1.33188580e+00 -6.64595679e-01  0.00000000e+00
  9.99370370e-01  0.00000000e+00  3.32617284e-01  0.00000000e+00
  0.00000000e+00  0.00000000e+00 -3.36996914e-01  0.00000000e+00
  7.07407407e-03  3.33744136e+00  0.00000000e+00  0.00000000e+00
  0.00000000e+00  0.00000000e+00  1.66640123e+00  0.00000000e+00
  1.66554012e+00 -3.99633333e+00 -3.33256173e-01  0.00000000e+00
  0.00000000e+00 -6.94444444e-04  0.00000000e+00 -3.34839506e-01
  0.00000000e+00  0.00000000e+00 -3.32978395e-01 -3.32802469e-01
 -3.33626543e-01  3.32154321e-01  0.00000000e+00 -3.32450617e-01
  0.00000000e+00  2.33056173e+00  0.00000000e+00  7.22222222e-04
  0.00000000e+00  0.00000000e+00  0.00000000e+00  0.00000000e+00
  0.00000000e+00  0.00000000e+00  6.65290123e-01  0.00000000e+00
  0.00000000e+00  0.00000000e+00 -3.31756173e-01  0.00000000e+00
  0.00000000e+00 -2.99699074e+00  0.00000000e+00]",24,42,"(np.int32(0), np.int32(0), np.int32(0), np.int32(0), np.int32(0), np.int32(1), np.int32(1), np.int32(1), np.int32(1), np.int32(0))",10.934752099129007
45,10,2,3,2.6487762391578826,"[ 6.92271499 -1.70423994 -0.435623    0.          0.          1.26050474
  0.         -0.55529219  0.          2.592118   -2.53815786  0.7133702
 -1.22267418  2.12251493  1.37811153 -4.59749946 -1.58553125 -0.70203982
 -2.48310685  0.4815757   3.18432472 -2.64777401  0.          2.64811796
 -0.53740193 -1.21720132  0.26811483 -0.30369323 -1.55919446  0.63469694
 -0.33505987 -1.37815622 -0.36447755  0.          0.12603171  0.
  1.38409054  0.         -2.4324647  -0.16917869  0.          1.15639558
  0.04056112  1.40544838  0.         -1.04965937  0.          1.05329001
 -1.89635361  4.01446153  0.25129824 -0.24919768 -2.96233804 -0.28650345
  1.21643672]",44,76,"(np.int32(1), np.int32(0), np.int32(0), np.int32(0), np.int32(1), np.int32(1), np.int32(0), np.int32(0), np.int32(1), np.int32(0))",12.285071261918029
65,10,2,3,2.728868644332677,"[ 4.71256977 -3.69774378 -0.58992864 -0.06273039 -2.66359231 -1.80596103
  0.22552492 -1.27055733  6.324787    1.23226496 -0.9128602  -0.5318127
 -1.18361894  0.65711722  1.7454802  -2.73343184 -0.38764797 -4.31211384
 -1.30513808  1.91675473  3.98596624 -0.82229982  2.02951335  0.6436699
  0.83544052 -4.48708224  0.55114408 -1.16266766  2.73721025  2.20287463
 -1.67384751 -0.17743257 -1.04877872 -2.66485473 -1.21352882 -0.9445975
  1.01940054 -1.94709259 -3.22181662  0.53219742 -0.29313172 -0.49574816
  1.4535344   1.21370466  1.90448409 -0.36352761 -1.2094495   1.6712627
 -0.21063323  2.82637632 -0.40812023  1.56076839 -1.16647791 -0.2640874
 -3.30057563]",55,95,"(np.int32(1), np.int32(0), np.int32(1), np.int32(0), np.int32(0), np.int32(1), np.int32(0), np.int32(0), np.int32(1), np.int32(0))",12.92970896384642
85,10,2,3,1.6644170992663687,"[ 3.38405427 -2.64527866 -1.20556585 -1.38343286 -1.26428504 -1.02859332
 -1.70075244  0.11980468  0.82440929  0.99140516 -1.85333536 -0.45688488
 -0.91685892  0.46528219  0.61155657 -0.23583948 -0.81491527 -1.54481029
 -0.25393616  2.42010137  3.31151189 -0.55896646  1.06740994  0.0968369
  0.54498728 -0.86220759 -0.88801916 -0.03297119  1.14368188  0.77042947
  0.14865022  0.03391496 -0.72355473 -0.18619198 -0.77078395  0.31454229
  0.65133332 -0.8376165  -0.68757303 -0.17608427  0.31260888  0.88373605
  0.52510885  1.40907666  0.69373752  0.72973606 -0.07537748  0.56732664
 -1.07242725  1.16830513 -0.30593877  0.69507651 -1.13667313 -1.35203861
  0.03791705]",55,75,"(np.int32(1), np.int32(0), np.int32(1), np.int32(0), np.int32(0), np.int32(1), np.int32(0), np.int32(0), np.int32(1), np.int32(0))",12.92970896384642
105,10,2,3,1.408832035547717,"[ 2.97084050e+00 -2.21969753e+00 -6.68472552e-01 -3.77714422e+00
  8.57509775e-01  3.48385707e-02 -1.43805276e+00  2.18464064e+00
  1.68920690e+00  4.23552176e-01 -1.45432151e+00 -6.47172380e-01
 -6.82961013e-01 -2.76917923e-01  3.12748651e-03  1.78391384e-01
 -7.06039355e-01 -1.36198055e+00 -1.04976735e-01  2.04800456e+00
  3.23283558e+00 -4.76365756e-01  4.33277673e-01  3.28602045e-01
 -2.79560490e-01 -7.54332384e-01  2.02592245e-01  1.77744572e+00
 -2.37759483e-01  4.20834038e-01 -5.31428032e-01 -4.17997431e-01
 -6.62468522e-01 -2.46600738e-01  3.47324735e-01  8.51765037e-01
  4.75500242e-01 -9.64682078e-01 -1.13402841e-01  7.21146413e-01
 -8.12884018e-02 -3.32867548e-01 -5.09937852e-01  2.83325837e-01
  7.37055005e-01  1.10854388e+00 -7.96929234e-01 -3.23128167e-01
 -8.42208011e-01  8.81154927e-01  7.28789821e-02  1.40570177e-01
 -5.45060450e-01 -1.42748490e+00 -2.14276836e-01]",55,71,"(np.int32(1), np.int32(0), np.int32(1), np.int32(0), np.int32(0), np.int32(1), np.int32(0), np.int32(0), np.int32(1), np.int32(0))",12.92970896384642
125,10,2,3,1.2894539042312243,"[ 2.69624556 -2.12192802 -1.18961269 -3.41750819  0.64956135  0.59687835
 -1.24408379  1.6578042   0.24263916  0.16584604 -1.49168726 -0.4871813
 -0.85416534 -0.47904243 -0.3310437   0.61774167  0.09618543 -0.60741042
 -0.06234465  1.7463375   2.47850442 -0.30465086  0.08004161  0.48306604
 -0.12576007  0.20463338  0.4220059   1.33356389  0.06833797  0.32727077
  0.00572384 -0.2375956   0.2890968  -0.16842479  0.2882076   0.64266909
  0.32918787 -0.47250151  0.55907773  1.07629317  0.2691124  -0.09236492
 -0.71995308  0.3056487   0.71944405  0.45856872 -0.92228607 -0.54307151
 -0.6591371   0.43040957  0.20945374 -0.07097389 -0.75990323 -1.08343993
 -0.32224061]",55,69,"(np.int32(1), np.int32(0), np.int32(1), np.int32(0), np.int32(0), np.int32(1), np.int32(0), np.int32(0), np.int32(1), np.int32(0))",12.92970896384642
145,10,2,3,1.1544966925174662,"[ 1.8445608  -1.58351596 -1.2648507  -1.43667505  1.16214887  0.93215666
  0.012998    0.73781599  0.41548596  1.11405937 -1.07245597 -0.17410909
 -0.88108605  0.05291535 -0.33130642  0.20921093  0.19255436 -0.32857746
  0.00611389  1.74478272  1.86094973 -0.35530589 -0.05543715  0.24255275
 -0.03245285  0.21866932  0.06777447  0.99162203  0.06923573  0.04927568
 -0.23457975 -0.09136222  0.29327128  0.0765124  -0.3254146   0.53984565
 -0.06834967 -0.22573559  0.06520707  0.00993151  0.38768048 -0.32254934
 -0.66832353  0.10609973  0.19810528 -0.10552566 -0.21211555 -0.62917095
 -0.97882442  0.57934092 -0.23345324 -0.22635352 -0.5035649  -0.92206838
 -0.2763374 ]",55,63,"(np.int32(1), np.int32(0), np.int32(1), np.int32(0), np.int32(0), np.int32(1), np.int32(0), np.int32(0), np.int32(1), np.int32(0))",12.92970896384642
165,10,2,3,1.1200864370171988,"[ 1.4696449  -2.00791794 -1.79940628 -1.51792642  0.76900929  0.68030659
  0.19596175  0.55501137  0.40947664  0.49087585 -0.91518035 -0.16423653
 -0.9483362  -0.02750348 -0.18747609  0.05967801  0.33191813 -0.2147437
  0.23060166  1.89542984  1.72598454 -0.04733852 -0.00934682  0.27812324
 -0.00848021  0.22125219  0.18541708  1.03448452  0.04446658  0.21614345
 -0.31133087  0.14467902  0.40467763  0.03921198 -0.27758144  0.26674269
  0.18196134 -0.2033082   0.0276122   0.30079645  0.44596873 -0.70216702
 -0.55807992  0.42613091  0.28528588 -0.3306285  -0.2299742  -0.51043837
 -0.66601613  0.53198901 -0.16193195 -0.20709817 -0.71577024 -0.83830165
 -0.35223113]",55,65,"(np.int32(1), np.int32(0), np.int32(1), np.int32(0), np.int32(0), np.int32(1), np.int32(0), np.int32(0), np.int32(1), np.int32(0))",12.92970896384642
185,10,2,3,1.0809638958993948,"[ 1.39878737e+00 -1.62588385e+00 -1.53099396e+00 -1.22411394e+00
  9.73987257e-01  9.00095165e-01  1.46924272e-01  3.04924559e-01
  4.95149215e-01  4.97295149e-01 -8.65866599e-01 -3.81052924e-01
 -5.05869559e-01  7.33824227e-02 -9.52889294e-02  9.60404789e-02
  4.37104622e-02 -5.00304952e-01  1.81243308e-01  1.61519590e+00
  1.39193140e+00 -3.99690233e-01 -2.65578133e-01  2.59146285e-01
  3.20335395e-01  3.99478281e-01 -5.62188271e-03  9.34529557e-01
 -2.83555578e-01  4.02425714e-02 -1.58044434e-01  4.12450729e-01
  3.73272761e-01 -3.32759511e-03 -1.84785960e-01 -1.63477344e-01
  3.52412608e-01 -2.99872192e-01 -7.59813025e-04  5.20489276e-02
  4.04525845e-01 -7.73347946e-01 -3.91976649e-01  4.68705208e-01
 -7.24427643e-02 -3.90236467e-01  2.47757810e-03 -2.15345366e-01
 -6.68394122e-01  4.72582188e-01 -3.45239372e-01 -7.35177663e-03
 -8.85403391e-01 -4.58672576e-01 -9.22257690e-02]",55,67,"(np.int32(1), np.int32(0), np.int32(1), np.int32(0), np.int32(0), np.int32(1), np.int32(0), np.int32(0), np.int32(1), np.int32(0))",12.92970896384642
205,10,2,3,1.0649385257877702,"[ 1.06196351 -1.93161238 -1.65014816 -1.27181638  0.49631189  1.01727425
 -0.17923067  0.22860517  0.33680617  0.83591271 -0.62441622 -0.17873813
 -0.6189626   0.13051531 -0.04744263  0.21636826  0.17001164 -0.59614505
  0.25927918  1.84049506  1.32446695 -0.08432569 -0.32357591  0.28471969
  0.24050913  0.42683384 -0.16899947  0.80308616 -0.05388648 -0.01904267
 -0.10372618  0.26340444  0.36424918 -0.16810311 -0.17070776 -0.2066386
  0.52377108 -0.01488157 -0.18424643  0.120997    0.37147953 -0.65710948
 -0.29617443  0.43777022 -0.18317311 -0.3182448  -0.20257737 -0.07244437
 -0.80511003  0.45336233 -0.07945611 -0.19656385 -0.81629896 -0.30079378
 -0.05610304]",55,59,"(np.int32(1), np.int32(0), np.int32(1), np.int32(0), np.int32(0), np.int32(1), np.int32(0), np.int32(0), np.int32(1), np.int32(0))",12.92970896384642
225,10,2,3,1.0594625746945667,"[ 0.63583221 -2.18401039 -1.89312565 -1.39756371  0.25678807  0.80445234
 -0.09736559  0.29506305  0.34385413  0.56465663 -0.42122003 -0.00404766
 -0.65607532  0.28646844  0.06102678  0.12054032  0.12992063 -0.49441042
  0.39331309  2.00306037  1.37104756  0.01281808 -0.22266369  0.13466184
  0.15521194  0.54307071 -0.0814867   0.86584138 -0.12840961 -0.0205609
 -0.0152177   0.22387296  0.38317645 -0.06857626 -0.12299918 -0.01055734
  0.46796204  0.01981133 -0.13930338  0.07637071  0.34133354 -0.58161997
 -0.26013522  0.35112814 -0.00762388 -0.31275988 -0.24503525  0.01606752
 -0.79651667  0.49901765 -0.19686662 -0.18080177 -0.79163512 -0.25954232
 -0.13940548]",55,57,"(np.int32(1), np.int32(0), np.int32(1), np.int32(0), np.int32(0), np.int32(1), np.int32(0), np.int32(0), np.int32(1), np.int32(0))",12.92970896384642
245,10,2,3,1.0501227463604303,"[ 0.85198129 -2.21058155 -2.26139082 -1.64835825 -0.08231363  0.78953702
 -0.22326804  0.41132305  0.2732585   0.57760702 -0.49821685 -0.07190233
 -0.56951532  0.06042618  0.02948439  0.21972972  0.09519375 -0.38792488
  0.29067898  2.15957224  1.36498878  0.04414854 -0.2846462   0.21180057
  0.22909486  0.55111458 -0.16335597  1.07226814  0.06902363  0.0364848
  0.1384048   0.15685182  0.30557156  0.00406441  0.0726081  -0.11717951
  0.56130043 -0.03058384 -0.00735028  0.03440497  0.47221499 -0.36719614
 -0.18905506  0.37837746 -0.04061519 -0.2103758  -0.28801947 -0.09686589
 -0.76298155  0.21425164 -0.22262064 -0.30143164 -0.93610349 -0.12031278
 -0.0483544 ]",55,63,"(np.int32(1), np.int32(0), np.int32(1), np.int32(0), np.int32(0), np.int32(1), np.int32(0), np.int32(0), np.int32(1), np.int32(0))",12.92970896384642
265,10,2,3,1.0628290007618084,"[ 0.56077485 -2.2185612  -2.48452289 -1.52273942 -0.11375221  0.90392364
 -0.31546001  0.31893283  0.09427059  0.58620177 -0.36200996 -0.03536689
 -0.47531901  0.11349213  0.0295661   0.29766767  0.02468636 -0.32810067
  0.33768918  2.22755368  1.33717645  0.05177167 -0.32894694  0.21226894
  0.3378991   0.54563451 -0.21020034  1.19818056  0.14627117  0.07949888
  0.20358931  0.2223196   0.38634311 -0.13033043  0.03549412 -0.27943493
  0.42834242 -0.11323894 -0.04232888 -0.01229409  0.37927005 -0.40779837
 -0.21002666  0.49029604 -0.02621407 -0.23951066 -0.29671731 -0.01687681
 -0.70628688  0.18257046 -0.11248639 -0.18975276 -0.74792406 -0.14811449
 -0.08530242]",55,59,"(np.int32(1), np.int32(0), np.int32(1), np.int32(0), np.int32(0), np.int32(1), np.int32(0), np.int32(0), np.int32(1), np.int32(0))",12.92970896384642
285,10,2,3,1.057493636839231,"[ 5.21589423e-01 -2.32426628e+00 -2.77092038e+00 -1.72162463e+00
 -3.77509815e-01  7.37538485e-01 -5.23421645e-01  5.31533381e-01
  4.66362552e-01  4.25828492e-01 -3.70022391e-01 -1.10399083e-01
 -4.22628290e-01  3.03902900e-02  1.87005468e-02  3.61002220e-01
  3.83771467e-02 -2.97543549e-01  2.72327272e-01  2.31970006e+00
  1.49614549e+00  2.22538722e-01 -3.77574988e-01  2.78120218e-01
  2.52767588e-01  2.74193913e-01 -2.46753938e-01  1.33729489e+00
  4.22970154e-01  6.67589307e-02  2.32156669e-01  2.23591687e-01
  2.94561209e-01 -2.96648957e-02 -9.66994317e-04 -3.94573654e-01
  4.80843711e-01 -3.76338417e-02 -1.20445596e-01  8.33480946e-03
  3.99948900e-01 -2.78660165e-01 -1.45912813e-01  3.59264168e-01
  4.43680137e-03 -3.66444522e-02 -3.47711909e-01  3.12147487e-03
 -4.81447598e-01 -2.99439002e-02 -1.77051502e-01  3.47120978e-02
 -7.96214289e-01 -3.18572036e-01 -1.51119218e-01]",55,59,"(np.int32(1), np.int32(0), np.int32(1), np.int32(0), np.int32(0), np.int32(1), np.int32(0), np.int32(0), np.int32(1), np.int32(0))",12.92970896384642
305,10,2,3,1.047871862442889,"[ 0.15442626 -2.13493419 -2.64008806 -1.78388923 -0.18416951  0.50333729
 -0.65355734  0.39479778  0.49419737  0.42192218 -0.28579114 -0.05002184
 -0.265592    0.01842939  0.09478655  0.3578119   0.04070269 -0.18268599
  0.39837166  2.22215447  1.38121376  0.23173352 -0.30328342  0.23500148
  0.26199124  0.14847342 -0.4552938   1.31898245  0.29431851  0.01075265
  0.34473699  0.09961111  0.21819725 -0.09683463 -0.07362561 -0.27195922
  0.48523388  0.12342189 -0.20078083 -0.08721342  0.34678687 -0.17516759
 -0.18710137  0.2614074  -0.02528105 -0.06945484 -0.3253603   0.07543496
 -0.35937271  0.05615789 -0.20467867  0.13203737 -0.72024418 -0.27176646
 -0.17068992]",55,55,"(np.int32(1), np.int32(0), np.int32(1), np.int32(0), np.int32(0), np.int32(1), np.int32(0), np.int32(0), np.int32(1), np.int32(0))",12.92970896384642
325,10,2,3,1.0505867299000462,"[ 0.36669747 -1.95054904 -2.2991602  -1.60897745  0.04034335  0.70880802
 -0.33377277  0.29937462  0.63012739  0.70334865 -0.26524966 -0.06808686
 -0.23627518 -0.05843688  0.0265128   0.20636998  0.09040434 -0.22358957
  0.32532777  2.21734142  1.36320174  0.29428141 -0.39129026  0.10723506
  0.26158285  0.0903252  -0.5455719   1.26460881  0.27554053 -0.11972559
  0.23676698  0.1116357   0.08340922 -0.20256116 -0.1667469  -0.2932353
  0.4187562   0.23229332 -0.23689105 -0.20553216  0.26147049 -0.26253364
 -0.21469217  0.21756902 -0.02795982 -0.06857925 -0.33211889  0.09197741
 -0.41637532  0.06035312 -0.20654473  0.04840729 -0.69788359 -0.23664996
 -0.16927174]",55,55,"(np.int32(1), np.int32(0), np.int32(1), np.int32(0), np.int32(0), np.int32(1), np.int32(0), np.int32(0), np.int32(1), np.int32(0))",12.92970896384642
345,10,2,3,1.0419827462265971,"[ 0.49387635 -2.02868363 -2.23755516 -1.6918939  -0.06920394  0.52570523
 -0.4855946   0.1817946   0.38936741  0.55544794 -0.40825039 -0.17192772
 -0.24743124 -0.08646244 -0.04836733  0.23057347  0.08816989 -0.1905807
  0.35298553  2.11498006  1.37873816  0.35974218 -0.35539409  0.17526659
  0.30721325  0.21807313 -0.44619267  1.27865309  0.29059385 -0.2226924
  0.28185298  0.09025513  0.10023581 -0.14028764  0.00979592 -0.15021314
  0.37908835  0.13943056 -0.14348822 -0.17566745  0.15313156 -0.2377584
 -0.16007969  0.09121874 -0.00269367  0.         -0.16915619  0.10221506
 -0.31336413  0.12605355 -0.08850113 -0.03029724 -0.60479116 -0.21077358
 -0.17134741]",54,56,"(np.int32(1), np.int32(0), np.int32(1), np.int32(0), np.int32(0), np.int32(1), np.int32(0), np.int32(0), np.int32(1), np.int32(0))",12.92970896384642
365,10,2,3,1.0546974099173823,"[ 5.46949621e-01 -2.13644809e+00 -2.26469921e+00 -1.76656565e+00
 -2.30784275e-01  5.70569309e-01 -5.25673330e-01  9.18995354e-02
  2.94338103e-01  6.09932028e-01 -3.54349319e-01 -2.39832128e-01
 -1.98748505e-01 -1.61762664e-01 -1.28949458e-01  2.14771411e-01
  2.23788628e-01 -2.19651868e-01  2.51323403e-01  2.13685164e+00
  1.40154521e+00  4.78408343e-01 -3.15985831e-01  2.03210886e-01
  2.08741538e-01  2.56326755e-01 -3.92269622e-01  1.34175497e+00
  3.92544726e-01 -3.55565048e-01  3.12909773e-01  1.56628422e-01
  1.52597117e-01 -2.58383646e-01  1.02322267e-01 -1.21217531e-01
  3.19784749e-01  6.82130093e-02 -4.24885620e-02 -1.82411940e-01
  1.11976485e-01 -1.49945469e-01 -1.17465268e-01  7.83085740e-03
  3.18133321e-02  7.22755390e-02 -4.36236755e-02  9.32988080e-02
 -3.46932606e-01  6.69154587e-02 -1.15535487e-01 -2.13041123e-03
 -5.02957991e-01 -1.96056738e-01 -1.90745135e-01]",55,55,"(np.int32(1), np.int32(0), np.int32(1), np.int32(0), np.int32(0), np.int32(1), np.int32(0), np.int32(0), np.int32(1), np.int32(0))",12.92970896384642
385,10,2,3,1.0515075388327757,"[ 0.65022702 -1.98887117 -2.06076408 -1.57886178 -0.43058457  0.63364828
 -0.31957773  0.08907459 -0.00648168  0.63621802 -0.3407167  -0.22124627
 -0.32118138 -0.13949427 -0.1699679   0.1311382   0.16727975 -0.06578398
  0.22859874  2.09610062  1.32047574  0.58491604 -0.33629939  0.08745496
  0.09166301  0.25239752 -0.28925382  1.26961142  0.47339613 -0.38912727
  0.15266763  0.08132438  0.17292204 -0.19978202  0.10952034 -0.21196478
  0.16235337  0.05781734  0.14526458 -0.23286026  0.04159411 -0.0658367
  0.00839698 -0.05539402  0.04630934  0.08125941  0.05884174  0.0502726
 -0.38804666  0.10267164 -0.03697519 -0.04540012 -0.36193843 -0.22415878
 -0.15768627]",55,55,"(np.int32(1), np.int32(0), np.int32(1), np.int32(0), np.int32(0), np.int32(1), np.int32(0), np.int32(0), np.int32(1), np.int32(0))",12.92970896384642
405,10,2,3,1.055655881183003,"[ 0.72061225 -1.99698996 -2.1557768  -1.60197745 -0.46677555  0.76445362
 -0.3857488  -0.11362399  0.04051633  0.63126235 -0.40791619 -0.22925982
 -0.28298221 -0.12266571 -0.25816758  0.12587585  0.25331145  0.02230928
  0.10671176  2.13536845  1.29529111  0.5363711  -0.30670472  0.05079843
  0.10548336  0.23930894 -0.21461358  1.24944334  0.44463689 -0.37335492
  0.09185484  0.16488029  0.15792416 -0.10106467  0.08555116 -0.2684074
  0.10613613  0.03689982  0.18872627 -0.19098924  0.03297748  0.00335082
  0.04498176 -0.0608305   0.02871707  0.18329331  0.04245254 -0.0553555
 -0.44438038  0.10743033  0.03404439 -0.02391351 -0.32980159 -0.14671325
 -0.25669392]",55,57,"(np.int32(1), np.int32(0), np.int32(1), np.int32(0), np.int32(0), np.int32(1), np.int32(0), np.int32(0), np.int32(1), np.int32(0))",12.92970896384642
5,10,2,4,1.2549965,"[-1.99995833  0.          0.          0.          0.          0.
  0.          0.          0.          0.          0.          0.
  0.          0.          0.          0.          0.          0.
  0.          0.          0.          0.          0.          0.
  0.          0.          0.          0.          0.          0.
  0.          0.          0.          0.          0.          0.
  0.          0.          0.          0.          0.          0.
  0.          0.          0.          0.          0.          0.
  0.          0.          0.          0.          0.          0.
  0.        ]",1,1,"(np.int32(1), np.int32(0), np.int32(1), np.int32(0), np.int32(0), np.int32(1), np.int32(0), np.int32(0), np.int32(1), np.int32(0))",12.92970896384642
25,10,2,4,1.3839556426012316,"[ 0.         -0.11426541  0.          0.9248156   0.          0.
  0.          0.          0.          0.88922687 -0.57537163 -0.73830578
  0.          0.          0.3627018   0.          0.          1.30686126
  0.          0.50645109 -0.62754206 -0.16346762  0.          0.
  0.          0.          0.         -0.15038762 -1.07132705 -0.49354891
  0.          0.          0.         -0.36950854  0.          0.21544141
  0.         -1.13344085  0.         -0.85642854  0.          0.
  0.80317233  1.25838917  0.01621664 -0.14688592  0.          0.
  0.          0.38260737 -1.72909253  0.          0.39882401  0.
  0.11426541]",25,45,"(np.int32(1), np.int32(0), np.int32(1), np.int32(0), np.int32(0), np.int32(1), np.int32(0), np.int32(0), np.int32(1), np.int32(0))",12.92970896384642
45,10,2,4,1.970087283406542,"[ 0.         -0.51813007 -1.25148838 -0.56162417  0.         -2.11478832
 -1.70109591  0.         -0.55159339  3.38934817 -0.46431721 -0.46357134
 -0.11477399  0.          1.57746724  0.          0.45667495  1.98304703
 -2.34280454  0.44510437 -0.32466555  0.36996668  0.5386965   0.35942849
 -0.24717013  0.         -0.71400092 -0.97560477  1.73963314  0.
  0.          0.27619763 -1.27928643  0.         -0.3698173   0.66139388
  3.12009796 -1.13933408  0.         -1.74135461  0.11013682  0.11108462
 -1.10327195  1.30415736 -0.97019347  0.5732121   0.          1.4092212
 -1.27594657  0.85923808 -2.14274743 -0.60095289  1.28456848  0.45686458
  0.22883749]",44,86,"(np.int32(1), np.int32(0), np.int32(1), np.int32(0), np.int32(0), np.int32(1), np.int32(0), np.int32(0), np.int32(1), np.int32(0))",12.92970896384642
65,10,2,4,2.975045949789245,"[ 7.53366187e+00 -5.34878394e+00  4.47173302e+00 -2.95389272e+00
  1.51896886e+00 -5.77426969e+00  2.64792685e+00  1.87833013e+00
  1.08207801e+00  8.29854699e+00 -1.11875345e+00 -4.51998863e+00
 -2.77829343e-01 -1.78797235e+00  1.16144462e+00 -3.34697002e+00
 -7.82818546e-03  1.79147455e+00 -4.17368196e+00  2.28097150e+00
  1.97318341e+00  1.00117450e+00  4.30574355e+00  3.86874598e+00
 -8.30762692e-01 -5.29769371e-01 -6.29072999e-01 -3.72309828e-01
 -2.39998972e+00  9.85154519e-01 -2.00243594e+00 -1.17983133e+00
  1.24989121e+00 -2.39610255e+00  5.91400656e-01  2.38812739e+00
  1.91718782e+00 -1.46840923e+00  2.70668293e-02 -1.61118949e+00
  9.35955651e-01 -3.25660036e+00  1.88570596e+00  2.27829657e+00
 -4.60402729e-01  2.25128944e+00  1.72733997e+00 -4.22397637e-02
 -1.00488333e+00 -7.60717166e-01 -1.53611656e+00 -6.85291413e-01
  2.09966636e-01 -1.92311292e+00 -3.15725939e+00]",55,89,"(np.int32(1), np.int32(0), np.int32(1), np.int32(0), np.int32(0), np.int32(1), np.int32(0), np.int32(0), np.int32(1), np.int32(0))",12.92970896384642
85,10,2,4,1.7606939730400633,"[ 2.20905035 -2.26413936  0.61368256 -0.05308198 -0.93326836 -2.41736842
  0.56440393 -2.95891202  5.06853419  2.76600884 -0.34176796 -1.65753092
  0.07421181 -0.12666102  0.39687973 -1.40005573  0.10953997  0.95504066
 -1.22408595  1.89019534  0.43923384  1.41917801  1.15941314  1.65090847
  1.28460427 -2.28300398 -0.41212137 -0.91262042  0.2521518   0.75142342
 -0.22344249  0.36101114 -1.06720564 -0.134624    1.10628019  0.48609951
  0.46888069  0.20449379 -0.90080746 -1.42886958 -0.51893454 -0.97108305
  1.83383709 -0.22807758  0.30489412  1.40886158  1.54046607  0.05593887
 -0.29266174  0.86907322 -2.13241273  0.24339597 -0.70128006 -0.56639782
 -2.21821586]",55,79,"(np.int32(1), np.int32(0), np.int32(1), np.int32(0), np.int32(0), np.int32(1), np.int32(0), np.int32(0), np.int32(1), np.int32(0))",12.92970896384642
105,10,2,4,1.327225481187254,"[ 6.11660992e-01 -2.15940890e+00 -2.67945166e+00 -1.91345549e+00
 -1.79350667e+00 -1.62693310e+00 -1.05930292e-01 -9.53024657e-01
  7.08092965e-01  1.44036707e+00 -6.77175868e-01 -4.97223943e-01
 -1.32451672e-01 -1.83401508e-03  3.47564061e-02 -2.61467288e-01
  5.12490375e-01  1.21614468e+00 -1.11933999e+00  2.43448246e+00
  7.99393715e-01  1.14011069e+00  3.29537294e-01  0.00000000e+00
  4.94810233e-01 -3.74797120e-02 -2.20814879e-01  5.72147012e-01
  1.32014236e+00  6.05221686e-01  2.16593633e-01  6.04817937e-01
 -6.01358601e-01  5.14419555e-02  9.75549535e-01  6.56506858e-01
  1.03134282e+00  2.15488916e-01  9.41136243e-02 -1.30393694e+00
 -6.59305684e-01  3.50262164e-01  4.91955012e-01 -1.13890472e-01
  4.19336691e-01  2.59632826e-01  8.14126217e-01  8.02579864e-01
  9.36441472e-02 -6.29232769e-02 -1.14495380e+00  3.28744489e-01
 -1.39138332e-01 -9.02660926e-01 -8.73181326e-01]",54,68,"(np.int32(1), np.int32(0), np.int32(1), np.int32(0), np.int32(0), np.int32(1), np.int32(0), np.int32(0), np.int32(1), np.int32(0))",12.92970896384642
125,10,2,4,1.2592153380906477,"[ 0.19613464 -2.39261531 -3.06021402 -1.9602954  -1.46517797 -1.38195184
 -0.25526592 -0.92584841  0.56825492  0.9319177  -0.35124155  0.00363741
 -0.03445749 -0.4549171  -0.10923823 -0.01073899  0.20116993  1.03314363
 -0.5574606   2.47042942  1.02695369  1.1024374   0.09154335 -0.15181732
  0.48068133  0.09653807 -0.10747001  0.83714034  1.24215922  0.46842839
  0.13193578  0.78276569 -0.41666282  0.26346992  0.55283213  0.55751686
  1.15004435  0.03290782 -0.0839447  -0.79321643 -0.47194788  0.58991534
  0.25908895 -0.26676103  0.13570325 -0.02778771  0.89310211  0.98664168
  0.02487992  0.12308675 -1.0625446   0.18303608 -0.2523736  -0.8446155
 -0.70718952]",55,71,"(np.int32(1), np.int32(0), np.int32(1), np.int32(0), np.int32(0), np.int32(1), np.int32(0), np.int32(0), np.int32(1), np.int32(0))",12.92970896384642
145,10,2,4,1.2155441872976283,"[ 0.64621343 -2.49707011 -2.49043522 -1.51843537 -2.01895611 -0.85425809
 -0.24937161 -1.06466268  0.73793723  1.20360337 -0.35941931 -0.5598965
 -0.07256107 -0.29863173 -0.1401075   0.14444612  0.30430527  0.63762177
 -0.61609787  2.60410903  0.98538424  1.32976796  0.1429635   0.07311165
  0.42248651 -0.11156313 -0.31712052  0.88221363  1.0894251   0.02652676
 -0.06551161  0.72237892 -0.27735022 -0.1049317   0.47738044  0.1608459
  0.96274069  0.1909826  -0.07180202 -0.83690082  0.03153879  0.30151949
  0.22383907  0.20078261  0.29467323  0.00626686  0.8591766   0.51785197
  0.16235457  0.19927673 -0.72415166  0.34009466 -0.21089492 -0.65582348
 -1.07367421]",55,69,"(np.int32(1), np.int32(0), np.int32(1), np.int32(0), np.int32(0), np.int32(1), np.int32(0), np.int32(0), np.int32(1), np.int32(0))",12.92970896384642
165,10,2,4,1.2174166839363842,"[ 0.62927672 -2.29713867 -2.58792871 -1.8156661  -1.93583126 -0.98610678
 -0.27926244 -1.03841282  0.64654467  0.93027089 -0.43697113 -0.49488242
 -0.18181995 -0.37374791 -0.11225603  0.03901345  0.28609102  0.5992385
 -0.52765176  2.64679972  1.04514039  1.32012927 -0.03028958  0.02848974
  0.64942534 -0.03045415 -0.49043163  1.06778763  1.04097081  0.16191906
 -0.02199583  0.73529733 -0.23191469 -0.27286726  0.41882211  0.20854753
  0.91040798  0.36400961  0.0217913  -0.72775436  0.21708845  0.3066814
 -0.09486349  0.01402123  0.45175558  0.06562933  0.70637098  0.53708865
  0.2140697   0.06893458 -0.6851797   0.52186008 -0.31375143 -0.42961358
 -0.95510656]",55,63,"(np.int32(1), np.int32(0), np.int32(1), np.int32(0), np.int32(0), np.int32(1), np.int32(0), np.int32(0), np.int32(1), np.int32(0))",12.92970896384642
185,10,2,4,1.1137572101695568,"[ 3.02631436e-01 -1.81848426e+00 -2.32309641e+00 -1.70785005e+00
 -1.22235504e+00 -1.15867159e-01  2.20549858e-01 -2.54243317e-01
 -1.67265902e-02  9.82556328e-01 -3.18913749e-01 -2.97919730e-01
 -1.44210936e-01 -3.06859228e-01  1.39696075e-01  3.56825570e-01
  3.35984445e-01  3.48935562e-01 -4.22032081e-01  2.37369849e+00
  1.04512532e+00  1.01331177e+00 -4.68335616e-01 -3.29506982e-01
  1.85779037e-01  1.26782259e-01 -4.65073083e-01  9.39937690e-01
  8.33475525e-01 -3.26059366e-01 -9.86701656e-02  3.04274999e-01
 -9.50188991e-03 -2.27542430e-01  2.25660447e-01 -1.72699952e-01
  5.58278678e-01  2.62783127e-01  5.54205512e-01 -5.63570829e-01
  4.52609415e-01  3.87992603e-01 -3.28227828e-01 -1.33239756e-01
 -5.87307813e-02  2.14061206e-01  3.23097319e-01  7.39251770e-02
 -2.77795963e-01 -2.28928702e-01 -7.49596695e-01  7.16367519e-05
 -1.11172570e-01 -2.14879931e-01 -4.73416819e-02]",55,59,"(np.int32(1), np.int32(0), np.int32(1), np.int32(0), np.int32(0), np.int32(1), np.int32(0), np.int32(0), np.int32(1), np.int32(0))",12.92970896384642
205,10,2,4,1.1125573917561165,"[ 0.47968883 -1.97262845 -2.41923193 -1.73453823 -1.44108139  0.11303061
  0.15883086  0.13929262 -0.15656052  1.25883324 -0.50312767 -0.18467191
 -0.1992564  -0.35595345 -0.02565368  0.31572075  0.19772746  0.42861362
 -0.34302428  2.41729123  1.06868424  1.19570911 -0.46813565 -0.35307276
  0.23981811  0.06922139 -0.443098    0.98120591  1.01742669 -0.35993769
 -0.12449756  0.16034781  0.02746852 -0.33652108  0.27463399 -0.13562
  0.50646641  0.25910617  0.4914582  -0.53225482  0.35974973  0.42154002
 -0.359613   -0.01266766 -0.18005407  0.25936792  0.17279649  0.11261576
 -0.32271982 -0.29085756 -0.57439613 -0.04655703 -0.26747978 -0.28723738
 -0.01971749]",55,55,"(np.int32(1), np.int32(0), np.int32(1), np.int32(0), np.int32(0), np.int32(1), np.int32(0), np.int32(0), np.int32(1), np.int32(0))",12.92970896384642
225,10,2,4,1.1114245297585157,"[ 0.74273821 -2.05413197 -2.38993481 -1.67617598 -0.98517493  0.31170326
  0.26017001 -0.01352858 -0.39551975  0.88909161 -0.55484411 -0.29497951
 -0.38933353 -0.38155205 -0.17778952  0.15595275  0.2428793   0.50670444
 -0.2504908   2.40066969  1.18183476  1.00604584 -0.39682799 -0.27546761
  0.26412507  0.16019335 -0.35792393  1.03176666  0.92217177 -0.46641568
 -0.07313361  0.19296323  0.15404269 -0.09199582  0.22246062 -0.13095528
  0.37247102  0.2635013   0.47943151 -0.38170885  0.16371288  0.16736079
 -0.29143216 -0.06063635 -0.10554217  0.16347202  0.14504777  0.13424574
 -0.20034677 -0.23403043 -0.36543962  0.11286305 -0.22502901 -0.49647777
 -0.09311302]",55,57,"(np.int32(1), np.int32(0), np.int32(1), np.int32(0), np.int32(0), np.int32(1), np.int32(0), np.int32(0), np.int32(1), np.int32(0))",12.92970896384642
245,10,2,4,1.1100931787204578,"[ 0.87427573 -1.99120406 -2.38749942 -1.75880339 -1.23159977  0.49245892
  0.1035086   0.05772081  0.06773632  0.92976158 -0.52028402 -0.19264322
 -0.54776873 -0.29253806 -0.34731446  0.02599012  0.35072341  0.47326424
 -0.23425872  2.1992985   1.23442767  1.03331577 -0.36277455 -0.07828957
  0.14484658  0.13010674 -0.37449276  1.10041826  0.92336774 -0.43113992
  0.14702218  0.19171947  0.11388248 -0.1209001   0.21245934 -0.18085239
  0.38444836  0.28090915  0.34922619 -0.18519612  0.34549883 -0.01162453
 -0.14866018 -0.01906856  0.04727975  0.14737723  0.04978032 -0.0241946
 -0.27014926 -0.23537549 -0.43169626  0.2245984  -0.29410653 -0.5836652
 -0.32018794]",55,57,"(np.int32(1), np.int32(0), np.int32(1), np.int32(0), np.int32(0), np.int32(1), np.int32(0), np.int32(0), np.int32(1), np.int32(0))",12.92970896384642
265,10,2,4,1.1094455583542597,"[ 0.57856098 -1.98709494 -2.4078768  -1.72052602 -1.28837435  0.62725629
 -0.10724067 -0.12666637  0.08774803  0.87782588 -0.48748806 -0.09153532
 -0.56426035 -0.2448571  -0.3240141   0.03620625  0.53955624  0.46137383
 -0.10960684  2.25634885  1.20008441  0.99626179 -0.44591607  0.01424784
  0.14585973  0.16687299 -0.40415228  1.11233257  0.81580887 -0.46309256
  0.2612973   0.17053277  0.1677244  -0.22841203  0.30491604 -0.14547697
  0.22156212  0.39832903  0.24680446 -0.15956509  0.36917944 -0.01350339
 -0.10834585 -0.00768337  0.09851776  0.18355573 -0.01425422 -0.08614139
 -0.35621483 -0.06811703 -0.40907077  0.3235668  -0.3742727  -0.66761497
 -0.30346308]",55,57,"(np.int32(1), np.int32(0), np.int32(1), np.int32(0), np.int32(0), np.int32(1), np.int32(0), np.int32(0), np.int32(1), np.int32(0))",12.92970896384642
285,10,2,4,1.1234304707879148,"[ 0.81386991 -1.67986757 -1.93247172 -1.3915929  -1.091871    0.92498181
 -0.15927632  0.02475233  0.23484349  1.06011249 -0.57884086 -0.18283318
 -0.56715748 -0.20249372 -0.51635422  0.12172795  0.52423155  0.27086318
 -0.06995659  2.08980468  1.11929841  0.86765516 -0.47104605  0.05731408
 -0.05532487  0.1607105  -0.42897296  1.02759305  0.70858938 -0.64317533
  0.1235241   0.09034861  0.24075103 -0.39586856  0.26415283 -0.32143439
  0.16123075  0.25148361  0.23153331 -0.39312826  0.26297879 -0.05240848
  0.04284362  0.03645523 -0.01161175  0.36152981 -0.04171009 -0.24123038
 -0.19930091 -0.00324748 -0.35969146  0.30332956 -0.43285571 -0.48290728
 -0.33352743]",55,55,"(np.int32(1), np.int32(0), np.int32(1), np.int32(0), np.int32(0), np.int32(1), np.int32(0), np.int32(0), np.int32(1), np.int32(0))",12.92970896384642
305,10,2,4,1.1000620905908893,"[ 0.8863633  -1.97783924 -2.09572946 -1.48069682 -0.65000326  0.91263335
 -0.22999535 -0.02102718 -0.01190764  1.10520153 -0.5377735  -0.25207562
 -0.54383324 -0.13214044 -0.57315695 -0.04028826  0.43168208  0.27726072
  0.08787     2.3461786   1.14897676  0.75780445 -0.42944405  0.1678013
  0.06869872  0.22678136 -0.44737611  1.12641254  0.61844678 -0.61549028
  0.04337536  0.12667179  0.31300319 -0.33827408  0.13140569 -0.24668776
  0.3368513   0.36562461  0.22237468 -0.46821771  0.14606394 -0.1457987
 -0.09467062 -0.04830082 -0.01600733  0.38733042 -0.10808546 -0.12727497
 -0.34891207  0.05172    -0.24007751  0.14644164 -0.40343053 -0.42959795
 -0.22006156]",55,55,"(np.int32(1), np.int32(0), np.int32(1), np.int32(0), np.int32(0), np.int32(1), np.int32(0), np.int32(0), np.int32(1), np.int32(0))",12.92970896384642
325,10,2,4,1.0913883985453472,"[ 0.82977313 -1.87900158 -2.03432833 -1.36012539 -0.74976554  0.78293635
 -0.1346856   0.10440243 -0.28690236  1.27013199 -0.50361768 -0.15573657
 -0.48172446 -0.05926365 -0.60334249  0.04692022  0.30935604  0.31391154
  0.11233384  2.21009492  0.99406685  0.80351283 -0.30699808  0.11047697
  0.0301148   0.33279116 -0.5326832   0.98333031  0.69092566 -0.50718159
 -0.0431076   0.10597309  0.38647815 -0.40097348  0.23209429 -0.1620248
  0.25934065  0.18133786  0.28270846 -0.42554017  0.0252759  -0.24423096
 -0.0389903   0.05067282 -0.0398954   0.33442035 -0.05054144 -0.15353264
 -0.24726438  0.14665433 -0.13138492 -0.03101405 -0.3844727  -0.52203094
 -0.19830534]",55,59,"(np.int32(1), np.int32(0), np.int32(1), np.int32(0), np.int32(0), np.int32(1), np.int32(0), np.int32(0), np.int32(1), np.int32(0))",12.92970896384642
345,10,2,4,1.100331449730357,"[ 0.88310965 -1.96275523 -2.02402688 -1.45910775 -0.84732053  0.91588045
 -0.16947789  0.1313373  -0.18344568  1.18974262 -0.47612529 -0.24237476
 -0.36035747 -0.10267909 -0.64105808  0.02684135  0.30189657  0.19449207
  0.05751389  2.16306377  1.06797156  0.91955578 -0.28101419  0.13753543
 -0.05617626  0.26483067 -0.46778791  1.0206912   0.75947071 -0.52673345
 -0.03300255  0.07620474  0.36140566 -0.34409658  0.27506207 -0.2590056
  0.22430854  0.11380833  0.31687846 -0.42486082 -0.10937316 -0.13873525
  0.01780043  0.04205768 -0.05911646  0.28429398  0.04220093 -0.10834509
 -0.23823885  0.0949466  -0.11061197  0.03376239 -0.37450561 -0.40047552
 -0.25928505]",55,57,"(np.int32(1), np.int32(0), np.int32(1), np.int32(0), np.int32(0), np.int32(1), np.int32(0), np.int32(0), np.int32(1), np.int32(0))",12.92970896384642
365,10,2,4,1.0880775356384478,"[ 0.87444329 -1.83019745 -1.91486107 -1.32060216 -0.72148788  0.78773072
 -0.42640946  0.27741077 -0.14223982  0.95564325 -0.49074774 -0.14993639
 -0.41633605 -0.10853926 -0.61987352  0.09396787  0.2211862   0.16791092
  0.11568092  2.07826164  1.06902282  0.78577251 -0.36521542  0.18993223
 -0.08630379  0.22335507 -0.32912024  1.00037556  0.62518146 -0.50201121
  0.0805988  -0.00550608  0.22963708 -0.23122573  0.21286784 -0.26081789
  0.21963261 -0.02255707  0.3333021  -0.43663665 -0.01155551  0.03354329
  0.01008613 -0.06304601 -0.00481664  0.30726562  0.0490897  -0.05013686
 -0.28945387  0.09509666 -0.02015055 -0.04818364 -0.36552631 -0.33723159
 -0.12306544]",55,57,"(np.int32(1), np.int32(0), np.int32(1), np.int32(0), np.int32(0), np.int32(1), np.int32(0), np.int32(0), np.int32(1), np.int32(0))",12.92970896384642
385,10,2,4,1.0778914185090385,"[ 8.88627307e-01 -1.96293238e+00 -2.00622042e+00 -1.50836829e+00
 -4.78247798e-01  6.97199867e-01 -5.18568281e-01  1.41203335e-01
 -9.15234846e-02  7.09465713e-01 -5.77738330e-01 -2.94146902e-01
 -4.03153495e-01 -1.09346147e-01 -3.93177958e-01  1.32953494e-01
  3.09011053e-01  8.44754681e-02  1.21875874e-01  2.11264710e+00
  1.25134936e+00  6.26318485e-01 -2.85230556e-01  1.84252779e-01
 -3.75748891e-03  2.24131530e-01 -1.79643887e-01  1.12001275e+00
  4.89945472e-01 -4.64941422e-01  1.37074907e-01  9.43180491e-02
  2.21555110e-01 -1.06295573e-01  1.24668184e-01 -2.43227627e-01
  2.59177503e-01 -2.30429071e-02  2.45474632e-01 -2.21297424e-01
  1.11390798e-01 -4.81642901e-04 -1.08476869e-03 -9.91785451e-02
 -3.29547109e-02  2.34508490e-01  2.61521811e-03 -3.50941943e-02
 -3.34132482e-01  1.22496015e-01  1.27336292e-02 -4.01274230e-02
 -2.92780568e-01 -4.10452211e-01 -1.38342207e-01]",55,57,"(np.int32(1), np.int32(0), np.int32(1), np.int32(0), np.int32(0), np.int32(1), np.int32(0), np.int32(0), np.int32(1), np.int32(0))",12.92970896384642
405,10,2,4,1.0556558811830028,"[ 0.72061225 -1.99698996 -2.1557768  -1.60197745 -0.46677555  0.76445362
 -0.3857488  -0.11362399  0.04051633  0.63126235 -0.40791619 -0.22925982
 -0.28298221 -0.12266571 -0.25816758  0.12587585  0.25331145  0.02230928
  0.10671176  2.13536845  1.29529111  0.5363711  -0.30670472  0.05079843
  0.10548336  0.23930894 -0.21461358  1.24944334  0.44463689 -0.37335492
  0.09185484  0.16488029  0.15792416 -0.10106467  0.08555116 -0.2684074
  0.10613613  0.03689982  0.18872627 -0.19098924  0.03297748  0.00335082
  0.04498176 -0.0608305   0.02871707  0.18329331  0.04245254 -0.0553555
 -0.44438038  0.10743033  0.03404439 -0.02391351 -0.32980159 -0.14671325
 -0.25669392]",55,57,"(np.int32(1), np.int32(0), np.int32(1), np.int32(0), np.int32(0), np.int32(1), np.int32(0), np.int32(0), np.int32(1), np.int32(0))",12.92970896384642
5,10,2,5,1.382496625,"[ 0.        1.        0.        0.499975  0.499975  0.        0.
  0.        0.        0.        0.        0.        0.        0.
  0.        0.        0.        0.        0.        0.        0.
  0.        0.        0.        0.        0.        0.        0.
  0.        0.        0.        0.        0.       -0.99995   0.
  0.        0.        0.        0.        0.        0.        0.
  0.        0.        0.        0.        0.        0.        0.
  0.        0.        0.        0.        0.        0.      ]",4,6,"(np.int32(1), np.int32(0), np.int32(1), np.int32(0), np.int32(0), np.int32(1), np.int32(0), np.int32(0), np.int32(1), np.int32(0))",12.92970896384642
25,10,2,5,2.227581416522508,"[ 0.32417604  0.         -0.99926471  0.          0.41177552  0.
  0.          0.          0.08027552  0.          0.          0.
  0.90101038  0.          0.52834689  0.         -0.03836938  0.
  0.          0.          0.          0.          0.          0.59771756
 -0.59743815  0.          0.          0.32380839  0.          0.
  1.18628028 -1.99933824  0.67505926  0.          0.          0.
  0.          0.48951427  0.          0.          1.91188581  0.
  1.72509818  0.          0.         -1.28357137  3.31291825  0.10737976
  0.          0.         -0.76522491 -0.42137889  0.00951514  0.
 -1.3918776 ]",23,57,"(np.int32(1), np.int32(0), np.int32(1), np.int32(0), np.int32(0), np.int32(1), np.int32(0), np.int32(0), np.int32(1), np.int32(0))",12.92970896384642
45,10,2,5,2.9928104000794336,"[ 3.31683117e+00 -4.52147926e+00 -2.82169988e+00 -2.80912966e+00
  1.21562749e+00  0.00000000e+00  0.00000000e+00  0.00000000e+00
 -2.47470840e+00 -1.49223691e-01  1.39010144e+00  0.00000000e+00
  5.53441464e-01  3.86281201e-04  9.54705914e-01 -1.13639167e+00
 -6.13543236e-01  0.00000000e+00 -2.56721517e+00 -5.47307302e-01
  4.14185603e+00  1.62538307e-01  0.00000000e+00  1.54385530e+00
 -1.12015303e+00 -7.70718672e-03  3.44897127e-01  8.68289073e-01
  0.00000000e+00  2.23382661e+00  2.64520607e+00 -2.27843940e+00
  2.22970534e+00  0.00000000e+00  5.41830665e-01 -6.57185113e-01
 -1.47013158e+00  0.00000000e+00  1.70490218e+00  2.31047364e+00
  3.09268300e+00  1.71657871e-01 -2.56843739e+00  2.40700716e+00
 -3.36812775e+00  1.58588924e-01 -4.83136750e-04  0.00000000e+00
 -3.34350303e+00  1.45038798e+00 -2.79088432e+00  0.00000000e+00
  6.30684126e-01  1.93763093e+00 -5.63328864e-01]",44,96,"(np.int32(1), np.int32(1), np.int32(1), np.int32(1), np.int32(1), np.int32(1), np.int32(0), np.int32(0), np.int32(1), np.int32(0))",14.159058988530408
65,10,2,5,3.3857785523653514,"[ 1.60772393 -7.87406818 -0.85578834  0.8078192  -4.63941106 -0.60170344
  3.35073871  2.01009468 -2.32094548 -0.96215661  4.43277668 -4.36493236
 -2.54512657 -0.40283627  0.53949351  2.12030272 -2.27621691  2.56238446
 -0.15937711  3.90680741  2.17962035  4.04299121  0.88486274 -0.56928613
  0.2671238  -1.27360253  0.77493226 -0.64739667  0.52766166 -0.0889656
  1.44610973 -1.4603162   1.15985978 -0.51768263  2.01804245 -1.79365081
 -2.09276548 -0.10391736  1.34831753  0.26737162  2.7960854   0.18643771
 -2.09825483  5.87683203 -2.66767176 -1.36102769  0.30873298  1.59727398
  0.14074567 -0.66458063 -3.2327929   0.46995318 -2.08481629  2.79716106
 -1.45997819]",55,93,"(np.int32(1), np.int32(1), np.int32(1), np.int32(1), np.int32(1), np.int32(1), np.int32(0), np.int32(0), np.int32(1), np.int32(0))",14.159058988530408
85,10,2,5,1.781701431335299,"[ 9.86291410e-02 -6.91927341e+00 -3.02063269e+00 -7.39080172e-01
 -1.63522030e+00 -1.02846951e+00 -7.17188695e-01  2.26671655e-01
 -1.93544427e+00 -6.58892237e-01  2.50233744e+00 -3.90776285e-01
 -1.45410735e+00 -3.50507455e-01  3.08768306e-01  1.27738703e+00
 -8.49531417e-01  9.39803356e-01  1.21539646e-01  2.43840579e+00
  2.59014941e+00  1.93406512e+00  1.16152485e+00  3.26297763e-01
  8.05808214e-01 -4.23379609e-01  2.03881705e-01  1.17803720e+00
  4.19505419e-01  7.52239522e-01  1.60632586e-01 -4.84106029e-01
  5.08099556e-01 -1.47722299e-01 -6.45024983e-01 -2.10660669e+00
 -4.12597275e-01  4.94352496e-01  9.73540307e-01  8.20169321e-01
  1.80111593e+00  1.27451059e+00 -6.81113184e-01  2.02528655e+00
 -1.93484862e+00  9.02405064e-01 -8.94719025e-02  3.41001375e-01
 -2.75376344e-01 -5.14615759e-01 -4.35178057e-01  6.46740061e-01
 -3.02276249e-03  9.14916617e-01 -3.97838218e-01]",55,81,"(np.int32(1), np.int32(1), np.int32(1), np.int32(1), np.int32(1), np.int32(1), np.int32(0), np.int32(0), np.int32(1), np.int32(0))",14.159058988530408
105,10,2,5,1.6629875187911765,"[ 1.59215304 -6.74198089 -2.90448012 -0.19157605  1.14362967 -1.76450171
  0.97835881 -2.26200673 -1.83787322  1.60222961  2.35197615  0.25484831
 -2.49588523 -0.34308781  0.58392675  0.15382589 -0.46959916 -0.24023681
  0.24888417  2.31899929  3.65835983  0.70333203  1.36298104 -0.13426472
  2.30168997 -0.21102931 -0.9793676   1.29839699  0.63783338  0.69282872
 -0.1554377  -0.76157184  0.18789748 -0.28106923 -1.87300528 -0.64395889
 -0.31318198 -0.190554    1.49415786 -0.01506539  0.95650036  0.67305797
  0.2326264   0.20639843 -1.55393163 -0.37339322  1.66417684  0.84183598
 -1.07357302  0.18348789 -0.35387828 -0.07503788  1.55071978  0.26623656
 -0.08940101]",55,81,"(np.int32(1), np.int32(1), np.int32(1), np.int32(1), np.int32(1), np.int32(1), np.int32(0), np.int32(0), np.int32(1), np.int32(0))",14.159058988530408
125,10,2,5,1.1830689751709889,"[ 0.34267436 -4.08064286 -2.84871413 -0.92338333  0.68891273 -0.54438899
 -0.49471226 -1.14256585 -0.89889299  0.06731578  1.11396682  0.13308711
 -0.92601785 -0.1071472  -0.01590146 -0.21534145  0.3048005   0.0211865
  0.5089428   1.96046652  1.91669602  0.15110604  1.22884525  0.41847634
  0.98562955 -0.61333371  0.28809997  1.31559199 -0.02277725  0.33946672
  0.10581974 -0.02789245  0.45126939  0.12541094 -0.73981754 -1.3242056
  0.01129644  0.35222853  0.75145619  0.15375534  0.25131238  0.29244871
  0.3280739  -0.19725078 -0.58070981  0.21013332  0.40019093  0.18265602
  0.10564735  0.02720614  0.48922865 -0.01787797  1.04900823 -0.85994382
 -0.19453816]",55,67,"(np.int32(1), np.int32(1), np.int32(1), np.int32(1), np.int32(1), np.int32(1), np.int32(0), np.int32(0), np.int32(1), np.int32(0))",14.159058988530408
145,10,2,5,1.1618685727649407,"[-0.04746072 -3.26176357 -3.10318684 -1.67934861  0.30871013 -0.58193896
 -0.29891782 -1.95831111 -0.67997996 -0.3723045   0.91036073  0.34012051
 -0.81422057 -0.30344215 -0.46073945 -0.10134574  0.23289593  0.51716229
  0.62557817  2.01564164  1.61385901 -0.25052564  0.77063067  0.57120191
  0.8083341  -0.11532344 -0.15252195  1.09606763 -0.03976914  0.19317449
  0.27684651  0.41580822  0.2031134   0.29350493 -0.15132988 -0.65842214
 -0.40840204  0.6175582   0.51578972  0.73299533  0.15812534  0.34739813
  0.53302266 -0.2032593  -0.24888331  0.10964619  0.37824832  0.62926517
  0.20411813  0.36930128  0.25831732 -0.17497929  0.79602802 -0.47222055
 -0.72061529]",55,63,"(np.int32(1), np.int32(1), np.int32(1), np.int32(1), np.int32(1), np.int32(1), np.int32(0), np.int32(0), np.int32(1), np.int32(0))",14.159058988530408
165,10,2,5,1.1387139793667251,"[ 0.58417271 -2.32835366 -2.45871467 -0.58748561  0.07304776  0.21779014
 -0.16694736 -1.18579064  0.0527523  -0.0682021   0.56237126  0.05600871
 -1.18626403  0.20743576 -0.31254232 -0.12462952  0.16006304  0.43750526
  0.51497388  1.70521392  1.44476567 -0.16173948  0.33979168  0.37562741
  0.45043744 -0.59592406  0.01897012  1.01143494  0.24748556  0.10576223
  0.40130374  0.27793854 -0.0482078  -0.07130351 -0.54873767 -1.13091717
 -0.32984286  0.3006944   0.72350959  0.1622149   0.45439675  0.20451403
  0.52165857 -0.14467038 -0.0337952   0.07832062  0.15908339 -0.06943413
  0.38290206  0.40768291 -0.05563161 -0.18869314  0.5247945  -0.27662658
 -0.57293134]",55,61,"(np.int32(1), np.int32(1), np.int32(1), np.int32(1), np.int32(1), np.int32(1), np.int32(0), np.int32(0), np.int32(1), np.int32(0))",14.159058988530408
185,10,2,5,1.10785863410551,"[ 0.36775509 -1.93151052 -2.16792249 -1.22328806  0.40556084  0.22630364
 -0.50957137 -1.01086806 -0.18084885 -0.30076681  0.10376746 -0.27026443
 -0.81497091 -0.08418265 -0.24294912  0.20036732  0.08971327  0.41163958
  0.64242252  1.97119401  1.24927352 -0.1983844  -0.1387561   0.33222149
  0.30747304 -0.35203589  0.08969725  0.92013198  0.25449126 -0.28969877
  0.2859815   0.17341328  0.33058278 -0.10880826 -0.5082592  -0.63904891
 -0.11465788  0.59623709  0.42933971  0.27675312  0.13093297  0.16724009
  0.14529424  0.03506765 -0.04310347  0.24155744  0.16622881  0.03259671
  0.35129203  0.32154606  0.0471176  -0.16758998  0.38927358 -0.16362524
 -0.57520142]",55,61,"(np.int32(1), np.int32(1), np.int32(1), np.int32(1), np.int32(1), np.int32(1), np.int32(0), np.int32(0), np.int32(1), np.int32(0))",14.159058988530408
205,10,2,5,1.1047123968689712,"[ 0.29793076 -2.08930794 -2.33763955 -1.566678    0.30147975  0.10568318
 -0.82075891 -0.98605813 -0.33661846  0.00982897  0.2116195  -0.35125609
 -0.80185938 -0.1283515  -0.08082546  0.36160841  0.04879538  0.50486495
  0.40280037  1.92022613  1.20587126 -0.11370635  0.08173727  0.31802463
  0.40582016  0.05474352 -0.14447073  0.85513877  0.2682848  -0.01359345
  0.45052145  0.29156426  0.57282842 -0.17487767 -0.21916434 -0.49653515
 -0.01931201  0.58149782  0.62792875  0.39124245  0.07237119  0.04443005
  0.06790395 -0.1597209   0.04296474  0.10390961  0.19062389  0.06659925
  0.05053645  0.42171344 -0.02000445  0.04447167  0.14627823 -0.16654013
 -0.8628897 ]",55,59,"(np.int32(1), np.int32(1), np.int32(1), np.int32(1), np.int32(1), np.int32(1), np.int32(0), np.int32(0), np.int32(1), np.int32(0))",14.159058988530408
225,10,2,5,1.0679917980890625,"[ 3.19389391e-01 -1.81584928e+00 -2.27608517e+00 -1.56251776e+00
  1.47286399e-01  1.20301148e-01 -7.45554697e-01 -8.82599115e-01
 -9.38001992e-02  3.60580285e-02 -1.56754009e-01 -2.32068196e-01
 -2.81755493e-01 -1.58272530e-01 -6.69534185e-03  1.87690196e-01
  1.29482480e-01  3.43535372e-01  2.36427927e-01  1.69303984e+00
  1.14165267e+00 -2.93139740e-02  3.34504153e-02  4.95627167e-01
  2.28245100e-01  9.39164023e-02 -6.68655002e-02  1.06753690e+00
  1.78726664e-01 -3.18072718e-02  3.74478779e-01  3.60988132e-01
  3.76601960e-01 -3.93795566e-02 -2.25453756e-01 -3.02722490e-01
 -4.22166050e-02  4.55065405e-01  3.22820390e-01 -1.53874399e-03
 -8.52555901e-02  1.27719363e-01  3.77704556e-02 -9.14784715e-02
  2.71011154e-01  2.31261975e-01  8.76085246e-02 -2.20030042e-01
  8.51968839e-02  3.30825370e-01 -1.29243383e-01 -7.62322066e-02
  9.53982557e-02 -1.09637753e-01 -5.74763958e-01]",55,59,"(np.int32(1), np.int32(1), np.int32(1), np.int32(1), np.int32(1), np.int32(1), np.int32(0), np.int32(0), np.int32(1), np.int32(0))",14.159058988530408
245,10,2,5,1.0528037186157377,"[ 2.81724064e-01 -1.82508362e+00 -2.21574440e+00 -1.51982413e+00
  1.52612639e-01  1.22543079e-01 -6.52651798e-01 -7.37684899e-01
 -4.41116369e-02  1.18363057e-01 -1.32399190e-01 -1.78665688e-01
 -2.78139547e-01 -1.41348643e-01 -2.42527943e-02  1.60080074e-01
  4.40517107e-02  2.86146891e-01  3.68102149e-01  1.84852580e+00
  1.19310161e+00 -3.55419037e-02 -4.11669610e-02  4.05945076e-01
  1.75710897e-01 -1.36659071e-02  4.55349657e-02  1.16885308e+00
  1.34820252e-01 -1.97012405e-01  3.76030797e-01  2.64559957e-01
  2.54093391e-01  2.43168029e-02 -1.60039148e-01 -3.06023332e-01
  5.54944931e-02  3.61204532e-01  2.82050495e-01 -2.22111207e-01
  3.22152263e-02  4.82182915e-03  6.80092881e-02  0.00000000e+00
  1.41908474e-01  1.73292783e-01  7.97952844e-02 -3.02558235e-02
  7.45120828e-02  3.97446719e-01 -2.21992125e-01 -1.24091486e-03
  1.05939646e-01 -1.34958479e-01 -5.61855760e-01]",54,60,"(np.int32(1), np.int32(1), np.int32(1), np.int32(1), np.int32(1), np.int32(1), np.int32(0), np.int32(0), np.int32(1), np.int32(0))",14.159058988530408
265,10,2,5,1.053138129897642,"[ 2.51894744e-01 -2.03184473e+00 -2.45796923e+00 -1.58293102e+00
  6.87413553e-02  1.34250889e-01 -4.51315385e-01 -7.06397817e-01
 -2.97722427e-01  1.29570132e-01 -1.83243623e-01 -2.00462818e-01
 -2.54464686e-01 -2.25631402e-01 -1.31950125e-02  2.11650102e-01
  1.12713598e-01  3.53413201e-01  3.42755526e-01  2.00478444e+00
  1.22909675e+00  9.50097804e-02 -6.84055041e-02  2.59706686e-01
  1.90418745e-01  1.80799465e-01  1.87502036e-02  1.19711748e+00
  1.71544865e-01 -8.90757354e-02  3.53460446e-01  3.12055231e-01
  3.78509276e-01  2.94681555e-03 -1.97240832e-01 -1.80124655e-01
  7.53184734e-02  2.60511156e-01  3.11188819e-01 -2.37838869e-01
  6.06999832e-02 -8.90446085e-02  5.77557010e-02  1.25943915e-01
  1.76617870e-01  1.21660369e-01  3.16359605e-02 -4.02699981e-02
 -7.51483733e-02  3.73277994e-01 -3.36529746e-01 -5.85007015e-04
  6.38522818e-02 -9.66917212e-02 -5.11937539e-01]",55,59,"(np.int32(1), np.int32(1), np.int32(1), np.int32(1), np.int32(1), np.int32(1), np.int32(0), np.int32(0), np.int32(1), np.int32(0))",14.159058988530408
285,10,2,5,1.0419492791141485,"[ 0.27850318 -2.07552878 -2.30790679 -1.5996652  -0.24303513  0.06801573
 -0.41038077 -1.02775767 -0.05680728  0.24525536 -0.14885372 -0.21883642
 -0.23667481 -0.16366706 -0.07522831  0.14333788  0.24247907  0.17415448
  0.28064216  2.03777278  1.26164358  0.15919196 -0.10897045  0.18737936
  0.24830126  0.11584602  0.03562227  1.14780485  0.17489263 -0.12210858
  0.2525888   0.35969502  0.18901973 -0.00533509 -0.03113164 -0.26222044
  0.07607939  0.32408771  0.25619914 -0.20049092  0.13406205  0.03143891
 -0.00591965  0.13913444  0.15503894  0.09976067  0.296504   -0.07515259
 -0.09181728  0.40902176 -0.23520036 -0.08098675  0.11327974 -0.14145789
 -0.50918808]",55,57,"(np.int32(1), np.int32(1), np.int32(1), np.int32(1), np.int32(1), np.int32(1), np.int32(0), np.int32(0), np.int32(1), np.int32(0))",14.159058988530408
305,10,2,5,1.054436467096438,"[ 0.27074852 -2.11750309 -2.30845219 -1.66784321 -0.16868992  0.2037244
 -0.58118957 -0.91860704 -0.04130896  0.31370962 -0.17032607 -0.20989099
 -0.14983939 -0.18892078 -0.10476921  0.11562151  0.2388349   0.1551266
  0.24230052  2.07229919  1.24925637  0.23134329 -0.08338253  0.24376312
  0.20522602  0.15454779 -0.0520328   1.14141919  0.14821508 -0.16686645
  0.28370476  0.38463495  0.2858173  -0.06560487  0.07860824 -0.20898108
  0.02632195  0.18563279  0.20971585 -0.1506492  -0.00837392 -0.03475334
  0.08156728  0.07200551  0.07986966  0.11890784  0.20624953 -0.03413793
 -0.1622691   0.41905074 -0.08599596  0.09975905 -0.01106613 -0.15186929
 -0.59797911]",55,55,"(np.int32(1), np.int32(1), np.int32(1), np.int32(1), np.int32(1), np.int32(1), np.int32(0), np.int32(0), np.int32(1), np.int32(0))",14.159058988530408
325,10,2,5,1.0479095622093542,"[ 0.36167911 -1.96249643 -2.09427184 -1.52503214 -0.13066319  0.38045424
 -0.37222378 -0.80304637 -0.32037994  0.57808578 -0.19128877 -0.16067489
 -0.11438008 -0.23007686 -0.08382291  0.08001988  0.19454895  0.08449631
  0.20754011  2.01583218  1.21728362  0.28130674 -0.22436448  0.12412331
  0.27672132  0.26809661 -0.1938533   1.14456693  0.13260872 -0.25549393
  0.19121244  0.32461584  0.33928886 -0.18149869  0.0411438  -0.25558298
 -0.04804651  0.20846403  0.2314617  -0.23058516 -0.00973723 -0.04544013
 -0.01982081  0.05071568  0.06825529  0.03005602  0.24677814  0.08859943
 -0.27126284  0.39934212 -0.01460688  0.0336284  -0.04479946 -0.25120144
 -0.42433528]",55,55,"(np.int32(1), np.int32(1), np.int32(1), np.int32(1), np.int32(1), np.int32(1), np.int32(0), np.int32(0), np.int32(1), np.int32(0))",14.159058988530408
345,10,2,5,1.065332859303807,"[ 0.48625952 -1.81768678 -1.92482998 -1.39295026 -0.33401398  0.68635771
 -0.44544283 -0.86364371  0.04041191  0.37207086 -0.22981012 -0.25022991
 -0.18715723 -0.16662219 -0.17287083  0.18442783  0.17257588  0.01281408
  0.2269926   1.95519949  1.11190798  0.36936056 -0.36137998  0.08153346
  0.32998846  0.17778621 -0.14036307  1.04904513  0.23346963 -0.43458648
  0.17300159  0.43999612  0.20728274 -0.06080392  0.20903903 -0.41957321
 -0.00751975  0.19058865  0.1492316  -0.20816159  0.04973742 -0.15938954
  0.05892499 -0.02110589  0.11326881  0.14249358  0.15375616  0.12306774
 -0.33294239  0.36609818 -0.01497039  0.06544243 -0.21401629 -0.11678818
 -0.48062951]",55,55,"(np.int32(1), np.int32(1), np.int32(1), np.int32(1), np.int32(1), np.int32(1), np.int32(0), np.int32(0), np.int32(1), np.int32(0))",14.159058988530408
365,10,2,5,1.057594416780179,"[ 0.53809461 -1.90138118 -2.07592914 -1.4639117  -0.47760012  0.69442344
 -0.44516019 -0.51698294 -0.03738502  0.52609821 -0.31603631 -0.23949536
 -0.23062313 -0.11378672 -0.22859844  0.1312043   0.25890641  0.01255525
  0.23676016  2.05537801  1.15086648  0.47151418 -0.34028987  0.07951106
  0.20055349  0.19097125 -0.22237078  1.14088675  0.33262406 -0.40551103
  0.15801068  0.32506939  0.13801338 -0.07440666  0.16713542 -0.32313387
  0.07122173  0.12574074  0.15566014 -0.26419664  0.06278421 -0.10317134
  0.08325666  0.01398605  0.06701255  0.10039512  0.02480825  0.142362
 -0.4004844   0.24163241  0.04645767  0.05959799 -0.32182701 -0.07810314
 -0.37299178]",55,59,"(np.int32(1), np.int32(1), np.int32(1), np.int32(1), np.int32(1), np.int32(1), np.int32(0), np.int32(0), np.int32(1), np.int32(0))",14.159058988530408
385,10,2,5,1.0621878949335553,"[ 7.39669212e-01 -1.86531373e+00 -2.06643786e+00 -1.57058250e+00
 -4.16435747e-01  7.93485040e-01 -3.52122788e-01 -1.55742171e-01
  4.34293253e-02  5.03542404e-01 -4.29366086e-01 -3.30188092e-01
 -3.21311453e-01 -1.06790966e-01 -2.00293770e-01  9.70640147e-02
  2.98933642e-01  2.94208288e-02  1.60775770e-01  2.09198819e+00
  1.32164503e+00  4.18771930e-01 -3.66462692e-01  6.81225306e-02
  6.16667588e-02  2.13242871e-01 -1.65550095e-01  1.26965770e+00
  3.03675646e-01 -4.25081554e-01  1.28278396e-01  2.07539139e-01
  1.57164128e-01 -2.28371126e-02  1.28045437e-01 -3.10745993e-01
  8.75848209e-02  3.81645632e-03  1.57992959e-01 -1.53106968e-01
  6.84761201e-02 -1.49657715e-03  1.02181903e-02 -1.54419648e-02
  9.64838879e-02  1.48200635e-01  1.39667049e-02 -5.36963918e-02
 -3.76830162e-01  1.29172874e-01 -2.36485189e-02 -6.73394259e-02
 -2.65088451e-01 -1.61584932e-01 -3.38834110e-01]",55,59,"(np.int32(1), np.int32(1), np.int32(1), np.int32(1), np.int32(1), np.int32(1), np.int32(0), np.int32(0), np.int32(1), np.int32(0))",14.159058988530408
405,10,2,5,1.0556558811830028,"[ 0.72061225 -1.99698996 -2.1557768  -1.60197745 -0.46677555  0.76445362
 -0.3857488  -0.11362399  0.04051633  0.63126235 -0.40791619 -0.22925982
 -0.28298221 -0.12266571 -0.25816758  0.12587585  0.25331145  0.02230928
  0.10671176  2.13536845  1.29529111  0.5363711  -0.30670472  0.05079843
  0.10548336  0.23930894 -0.21461358  1.24944334  0.44463689 -0.37335492
  0.09185484  0.16488029  0.15792416 -0.10106467  0.08555116 -0.2684074
  0.10613613  0.03689982  0.18872627 -0.19098924  0.03297748  0.00335082
  0.04498176 -0.0608305   0.02871707  0.18329331  0.04245254 -0.0553555
 -0.44438038  0.10743033  0.03404439 -0.02391351 -0.32980159 -0.14671325
 -0.25669392]",55,57,"(np.int32(1), np.int32(1), np.int32(1), np.int32(1), np.int32(1), np.int32(1), np.int32(0), np.int32(0), np.int32(1), np.int32(0))",14.159058988530408
