sample_size,n,k,repeat,mae,coefficients,non_zero_coef,num_iter,best_x,predicted_best
5,10,2,1,1.5449960721794787,"[-0.04285945 -0.29832952 -0.00778633 -0.20165893  0.00778633 -0.20165893
 -0.02301241 -0.20944525  0.          0.29832952 -0.06587186 -0.05064578
  0.03079873  0.00778633  0.03079873 -0.06587186  0.02301241  0.
  0.02301241 -0.30611585 -0.22467133  0.00778633 -0.22467133 -0.29832952
 -0.23245766  0.          0.         -0.20944525  0.         -0.20944525
 -0.03079873 -0.20944525  0.          0.29832952  0.00778633 -0.20165893
 -0.22467133 -0.20944525  0.          0.02301241  0.00778633  0.00778633
  0.          0.          0.         -0.22467133 -0.20944525  0.
  0.02301241 -0.23245766  0.          0.27531711  0.          0.02301241
  0.        ]",41,,"(np.int32(1), np.int32(0), np.int32(1), np.int32(0), np.int32(0), np.int32(0), np.int32(1), np.int32(0), np.int32(1), np.int32(1))",7.015572653127241
25,10,2,1,1.6960515503341218,"[-0.54407435 -0.1790043   0.88122165 -0.35778355  0.41385797 -0.74781239
  0.182935   -0.0804845   0.12371057  0.72433103  0.60702249 -0.07607416
  0.32408832  0.32040816 -0.51044008 -0.21840382  1.18209006 -0.51492764
 -0.52301855 -0.19928211 -0.05437036 -0.0928133  -0.21489467  0.20718878
 -0.47327103  0.6458179  -0.38037753 -0.31885531  0.81275861  0.16624761
 -0.25562181 -0.15246013  0.53495538  1.19254025 -0.22074889  0.12061606
 -0.10892281  0.38239948  0.1425654  -0.72283014  0.74555872  0.20557067
 -0.18237747  0.32496785 -0.3562822  -0.47207029 -0.63322386  0.26852975
  0.02673587 -0.28664408  0.46398631 -0.31949876 -0.03801052  0.07269404
 -1.24615375]",55,,"(np.int32(1), np.int32(1), np.int32(1), np.int32(1), np.int32(1), np.int32(0), np.int32(1), np.int32(0), np.int32(1), np.int32(0))",8.664341805373173
45,10,2,1,2.3418699859479637,"[-0.24952671  0.20190924  2.20460256  2.13059046  0.57083296 -1.57967606
 -0.06512825 -0.57079632 -0.34586897  2.59691721  0.78895964 -1.07630026
  0.6607147   2.19432933 -0.68311147  1.72821391  1.52948859 -1.36327915
 -1.70967544 -1.14714544  0.23262545  0.41513496 -2.29290763  0.43005534
  1.40752308  1.62193697 -0.42546617 -1.5231632   0.20644665  0.68086565
 -0.161509    0.23414642  0.38826696  0.06764253 -1.46439546  0.74091163
 -0.32002311 -0.8480251  -1.19654486  0.02964574 -0.54387837 -1.09720021
 -0.3704729   0.84866311  0.01546996 -0.14429932  2.10226866  2.33601737
 -1.16818646 -2.05869403  1.52701161  0.01160599 -1.58701148 -0.9152021
 -0.89884195]",55,,"(np.int32(0), np.int32(1), np.int32(1), np.int32(0), np.int32(0), np.int32(1), np.int32(1), np.int32(0), np.int32(1), np.int32(0))",9.966274229717694
65,10,2,1,3.778532472057659,"[-1.96792422  2.03032622  6.17767741  9.66959853 -2.63459374 -6.16088863
  6.96177844  7.85824486  7.52100846  0.50608746  1.48333221 -2.43818854
 -0.84853402  0.69994485  2.35517664  2.05905955  1.38635399 -0.07555864
  0.30205666 -0.58993606 -1.58979302  1.53948234 -0.2985109  -1.41590229
 -1.04175838 -0.93925063 -0.6394951  -2.93938783  2.55851619  1.98641576
 -2.74245711 -3.27549685 -2.71663407  0.45818827  2.4488517   1.28020346
 -4.40343359 -2.52195597 -1.38390427 -4.68774384 -2.94088666 -0.48932583
 -0.04781352 -2.35626781  4.1377664   1.88952275  2.20646097  2.04135406
  0.51567513 -6.00884932 -2.41246154  0.3964669  -4.08509243 -0.03348664
 -1.45529657]",55,,"(np.int32(0), np.int32(1), np.int32(1), np.int32(1), np.int32(1), np.int32(0), np.int32(0), np.int32(1), np.int32(0), np.int32(1))",12.8745667545745
85,10,2,1,1.8241801667831021,"[-1.65687092  1.45192178  1.5232222   2.56737596  1.2608047  -0.86910248
  3.05678876  0.24342541  1.4456251   1.5100454   1.72772665 -1.2533428
 -0.75284521  0.59724942  0.35648586  1.86062651  0.16534586 -0.63788663
  0.82794465 -0.41288222 -0.7053      0.28076238 -0.42585473 -1.08534251
 -0.31940948 -0.87980915 -0.82755246 -0.50811781  0.65488399  0.35571976
 -1.5549499   0.87859747  0.25779154 -0.49606479  0.49391853 -0.67102381
 -2.13737009  1.09512435 -0.21942321 -0.52765759 -1.26222896 -1.01606479
 -1.1112547   0.94053903 -0.67435464 -0.34187981  0.36266188  0.90689966
  0.37655992 -1.61634531  0.41845457 -0.32759616 -0.57777363 -0.38464149
 -1.85871601]",55,,"(np.int32(0), np.int32(1), np.int32(1), np.int32(1), np.int32(1), np.int32(0), np.int32(0), np.int32(1), np.int32(0), np.int32(1))",12.8745667545745
105,10,2,1,1.670427964853913,"[-1.31400708  0.19462975  1.01342557  1.43528998  1.25431156 -0.47632917
  2.09236117  0.26610085  1.10827355  1.05419899  1.38386024 -0.6720585
  0.06872653  0.86654981  0.03148401  0.80802261  0.68497708 -0.2624189
  0.6014255  -0.00575061 -0.17725095 -0.21071292 -0.83138891 -0.33378152
 -0.05145667 -0.71780298 -0.15666295 -0.71963696 -0.10998794  0.45735326
 -1.09814946  0.73815998  0.16445849 -0.21449851  0.31782213 -0.32337978
 -1.59866575  0.7323518   0.32569523 -1.02964769 -1.65204017 -0.52796631
 -0.71013432  0.55200607 -0.40121765 -0.12222716  0.23550688  1.18034619
  0.31541256 -1.54821135  0.32398677  0.0074507  -0.52107531 -0.84823184
 -1.68810384]",55,,"(np.int32(0), np.int32(1), np.int32(1), np.int32(1), np.int32(1), np.int32(0), np.int32(0), np.int32(1), np.int32(0), np.int32(1))",12.8745667545745
125,10,2,1,1.6262735819793783,"[-1.03945648  0.59686671  1.69048564  2.14250376  1.28042441 -0.78755387
  2.22279826  0.48503961  1.7024661   0.5980859   1.48593012 -0.45303061
 -0.43895795  0.41226562  0.66321424  0.91231519  0.00662552 -0.66345969
  0.09752733 -0.06546657 -0.5927373   0.00432111  0.05983833 -1.19390055
 -0.29023925 -0.45648699 -0.49245447 -1.0104069  -0.25624614  0.64341983
 -1.33513019  0.24886173 -0.08304322 -0.30910392  0.45045615 -0.37969102
 -1.30123805  0.8744668   0.09289047 -0.47583393 -1.81388864 -0.77197269
 -0.45484605  0.23601586  0.30847776 -0.18982094  0.19766958  0.82441494
 -0.25386349 -1.30583136  0.4465421   0.41471424 -0.57567273  0.24030798
 -1.34301225]",55,,"(np.int32(0), np.int32(1), np.int32(1), np.int32(1), np.int32(1), np.int32(0), np.int32(0), np.int32(1), np.int32(0), np.int32(1))",12.8745667545745
145,10,2,1,1.583928958592985,"[-0.57199528  0.20913892  1.12432364  1.42355216  1.73307742 -0.22612524
  1.73430885  0.52809668  1.06460129  0.72212325  1.0565371  -0.36597483
 -0.58439992  0.43081416  0.5717074   0.41786335  0.0754947  -0.56191979
  0.41602985  0.07014749 -0.02685536 -0.4910295  -0.43197495 -0.46204587
 -0.28766845 -0.20601171 -0.4659803  -0.72419517 -0.45565765  0.36892568
 -1.01337874  0.27020363 -0.05861598  0.11929241  0.25572051 -0.49450263
 -1.35295833  0.61703789  0.31706084  0.03659037 -1.53173136 -0.56216216
 -0.51120627  0.47797385 -0.42810282 -0.36256197  0.32137564  1.24260621
 -0.46905217 -1.0796845   0.25170003  0.4614406  -0.15558399 -0.4693187
 -1.48007523]",55,,"(np.int32(0), np.int32(1), np.int32(1), np.int32(1), np.int32(1), np.int32(0), np.int32(0), np.int32(1), np.int32(0), np.int32(1))",12.8745667545745
165,10,2,1,1.4851968723842963,"[-1.11939731 -0.1769403   0.98002757  2.05338829  1.79173862  0.20874684
  2.11734914  0.2678198   1.34734263  1.135427    1.18189442 -0.0036293
 -0.23216756 -0.23190768  0.1937498   0.53960306  0.30130212 -0.14837098
  0.08504995 -0.0236083  -0.31348902 -0.17667166 -0.0352457  -0.61565036
  0.09428677 -0.23579856 -0.23693803 -0.48051301 -0.39033963  0.05050697
 -1.07932147  0.19094038  0.14917378 -0.02268983  0.0170835  -0.85507718
 -1.59750125  0.12288168  0.2519861   0.01659112 -1.32504706 -0.40991841
 -0.06423415 -0.00285096 -0.19710116 -0.12108824  0.28260757  0.68449894
 -0.2393493  -1.09202439  0.35480602 -0.0738317  -0.19669221 -0.31722676
 -2.00700476]",55,,"(np.int32(0), np.int32(1), np.int32(1), np.int32(1), np.int32(1), np.int32(0), np.int32(0), np.int32(1), np.int32(0), np.int32(1))",12.8745667545745
185,10,2,1,1.4349455587332227,"[-1.24678532  0.08710301  0.85804965  1.55307533  1.73195439  0.08177181
  1.78763646  0.07520272  1.14098005  1.3234874   0.92202136  0.06818606
 -0.03765891 -0.26176355  0.33177568  0.59774578  0.10053947  0.12092667
  0.12521931 -0.38497487 -0.40669326 -0.30439129  0.26840615 -0.64540905
  0.06527494 -0.24767633 -0.14222173 -0.43782742 -0.47843947  0.27248805
 -0.67414427  0.11581262  0.32042956 -0.20166644  0.16010527 -0.77791585
 -1.30223748  0.47463046  0.2286642   0.08434462 -1.40984573 -0.10056559
 -0.19689427  0.15917626 -0.39568627 -0.2796622   0.2293437   0.65072202
 -0.30455987 -1.10400884  0.20681336 -0.05041133 -0.06606388 -0.12514585
 -2.03631791]",55,,"(np.int32(0), np.int32(1), np.int32(1), np.int32(1), np.int32(1), np.int32(0), np.int32(0), np.int32(1), np.int32(0), np.int32(1))",12.8745667545745
205,10,2,1,1.4240446739054962,"[-0.90560955  0.34536498  0.83780915  1.38536052  1.49040499  0.13667765
  1.74416217  0.3139446   1.41302285  1.4266416   0.82554232 -0.08970155
 -0.08747753 -0.14659915  0.38323496  0.56127222 -0.15776116  0.04693562
 -0.10286294 -0.44357699 -0.35156294 -0.22378846  0.11482157 -0.68179525
 -0.11296271 -0.39532963 -0.16158547 -0.21338472 -0.43986246  0.11559242
 -0.68667742  0.19473874  0.17139553  0.05085139 -0.02202775 -0.68516594
 -1.30582986  0.43408208  0.25203231  0.13985659 -1.21970614 -0.02907852
 -0.10116614  0.33311265 -0.48676169 -0.07275573  0.15703517  0.46515444
 -0.34522919 -1.05215523  0.1397138  -0.1202199  -0.04300518 -0.14070641
 -2.04506118]",55,,"(np.int32(0), np.int32(1), np.int32(1), np.int32(1), np.int32(1), np.int32(0), np.int32(0), np.int32(1), np.int32(0), np.int32(1))",12.8745667545745
225,10,2,1,1.3996649121800697,"[-1.09541144e+00  3.37236865e-01  8.22529040e-01  1.29695910e+00
  1.23971558e+00 -2.30599418e-01  1.12831983e+00  3.15743648e-01
  1.00654370e+00  1.36816651e+00  7.59873781e-01  1.54468477e-01
 -1.39001311e-01 -6.07538506e-02  3.62761621e-01  4.93607278e-01
 -9.31180742e-02  1.12358148e-01  6.89456914e-02 -5.22547035e-01
 -3.14698034e-01 -2.82853949e-01  1.39097199e-02 -4.61339084e-01
  1.11655247e-01 -1.31000645e-01 -4.50065642e-01 -3.47692913e-01
 -4.94383120e-01 -1.43040196e-03 -4.70285853e-01  5.42756722e-02
  9.82432961e-02  2.69628810e-01 -5.28300881e-02 -5.13548944e-01
 -1.08491757e+00  5.43847268e-01  2.49437579e-01  8.38143333e-02
 -8.20044270e-01 -3.17465771e-02  7.52040974e-03 -2.17227612e-02
 -2.40103430e-01  2.39533328e-01  2.77104314e-03  8.06469296e-01
 -4.31960173e-01 -1.09111967e+00  1.22786464e-01 -5.52416465e-02
 -5.90241625e-02 -3.49556228e-01 -1.77673070e+00]",55,,"(np.int32(0), np.int32(1), np.int32(1), np.int32(1), np.int32(1), np.int32(0), np.int32(0), np.int32(1), np.int32(0), np.int32(1))",12.8745667545745
245,10,2,1,1.341782961731319,"[-1.0545563   0.67082255  0.90253246  0.8829963   1.03456025 -0.0519952
  0.88044774  0.07901879  1.09482789  1.6415042   0.56788154  0.42985904
 -0.05730919 -0.07599489  0.28658494  0.44469466 -0.03285741 -0.08238557
  0.13048765 -0.60925015 -0.27526698 -0.14417691 -0.11078316 -0.4954261
  0.16444198 -0.15874814 -0.69547573 -0.35060803 -0.33100916 -0.16157149
 -0.32146028 -0.15506178  0.00268815  0.23595088 -0.01128653 -0.37402159
 -0.59956712  0.14617802  0.46185261  0.17928742 -0.57725012 -0.00873792
 -0.16626029 -0.14492211 -0.29669414  0.25258288  0.04561199  0.75870526
 -0.52088623 -0.6764361  -0.24230519 -0.22418627  0.43184546 -0.16320245
 -1.86211502]",55,,"(np.int32(0), np.int32(1), np.int32(1), np.int32(1), np.int32(1), np.int32(0), np.int32(0), np.int32(1), np.int32(0), np.int32(1))",12.8745667545745
265,10,2,1,1.3186887775339622,"[-0.58315428  0.65170184  0.49911429  0.35602594  1.14642768  0.09343151
  0.59697536 -0.26314531  0.7037084   1.66821529  0.30688766  0.49380555
  0.09118612 -0.03447486 -0.04304917  0.3826036  -0.27335099 -0.1843587
  0.08163505 -0.57924521 -0.04824649 -0.33787281 -0.20069325 -0.4661844
  0.21290374 -0.05745458 -0.5738949  -0.32785907 -0.26462065 -0.1132685
 -0.16490635  0.07032626  0.21187849  0.10500875 -0.12867319 -0.3010976
 -0.46921275  0.3545694   0.53852097  0.08962057 -0.49370792 -0.08042641
 -0.10238338 -0.04745448 -0.41584094  0.15304952 -0.01189821  0.78709068
 -0.37102698 -0.47848011 -0.11696966 -0.06706963  0.63119508 -0.18548833
 -1.89954923]",55,,"(np.int32(0), np.int32(1), np.int32(1), np.int32(1), np.int32(1), np.int32(0), np.int32(0), np.int32(1), np.int32(0), np.int32(1))",12.8745667545745
285,10,2,1,1.3099021872912333,"[-0.74480499  0.75747415  0.30584558  0.39392715  1.21243436  0.19503021
  0.65748237 -0.2999179   0.81816461  1.7410823   0.43700635  0.53689517
  0.23148113 -0.02108665 -0.05830498  0.26981301 -0.25273969 -0.21808652
  0.09669977 -0.6032619  -0.19975635 -0.32743756 -0.18262143 -0.52797156
  0.23220137 -0.12145776 -0.59447331 -0.41142798 -0.17619252  0.02286962
 -0.03367389  0.26037569  0.08426162 -0.01414731 -0.19303726 -0.26627797
 -0.42688214  0.40412641  0.44455563  0.13869886 -0.55621039 -0.18455706
 -0.1938764   0.11962776 -0.35460954  0.06143309 -0.1055881   0.74767586
 -0.4504262  -0.50526005  0.03565842  0.0306438   0.63498601 -0.19101655
 -2.01337771]",55,,"(np.int32(0), np.int32(1), np.int32(1), np.int32(1), np.int32(1), np.int32(0), np.int32(0), np.int32(1), np.int32(0), np.int32(1))",12.8745667545745
305,10,2,1,1.3151503297980889,"[-0.32678078  0.27793718  0.22107967  0.13099159  0.85534055  0.26068709
  0.28633904 -0.06973261  0.54493519  1.60965719  0.23646784  0.47325244
  0.13597919 -0.21491634 -0.01935275  0.09471694 -0.08197743 -0.39301106
  0.08185999 -0.47123597  0.09838259 -0.13760887 -0.20488194 -0.38207998
  0.24705216  0.07710625 -0.59312552 -0.41548328 -0.18065353  0.021738
 -0.03110901  0.19166718  0.05000084  0.0401498  -0.05279844 -0.34781873
 -0.27355132  0.2379249   0.58253163  0.13981973 -0.56062017 -0.15626912
 -0.18427441  0.31251341 -0.15488923  0.1507698  -0.20254991  0.67658988
 -0.42014119 -0.49943456  0.22705027  0.1384833   0.53282122 -0.33927234
 -2.00468528]",55,,"(np.int32(0), np.int32(1), np.int32(1), np.int32(1), np.int32(1), np.int32(0), np.int32(0), np.int32(1), np.int32(0), np.int32(1))",12.8745667545745
325,10,2,1,1.3078069028834358,"[-4.25694222e-01  9.65121353e-02  1.18301262e-01  3.82284664e-01
  9.62971859e-01  2.76774349e-01  3.89883843e-01  8.73916277e-02
  5.08332510e-01  1.69045417e+00  3.43949280e-01  4.10841762e-01
 -1.01634948e-03 -2.48493268e-01 -2.60372737e-02  7.62692837e-02
  8.03973130e-02 -2.54641759e-01  1.44898369e-01 -3.87565494e-01
  1.28211200e-01 -1.84357386e-01 -1.36042769e-01 -2.97025851e-01
  1.53008808e-01  1.14631618e-01 -6.31410203e-01 -4.11190682e-01
 -2.05054816e-01 -1.12486226e-02  1.21647997e-02  2.23348808e-01
  1.52121707e-01 -1.99394615e-02 -2.09617888e-01 -3.57240951e-01
 -2.37998457e-01  8.07642200e-02  4.57165098e-01  1.52792959e-01
 -4.92483944e-01 -1.05122681e-01 -2.23495417e-01  2.64059518e-01
  1.73187829e-02 -3.05066916e-02 -1.66144106e-01  6.16204095e-01
 -4.60676193e-01 -6.39212283e-01  2.83041142e-01 -8.71140151e-02
  4.87155984e-01 -3.88693127e-01 -2.01128289e+00]",55,,"(np.int32(0), np.int32(1), np.int32(1), np.int32(1), np.int32(1), np.int32(0), np.int32(0), np.int32(1), np.int32(0), np.int32(1))",12.8745667545745
345,10,2,1,1.302038908967449,"[-0.30714494 -0.08740541  0.06640204  0.23685363  0.5396644   0.4140715
  0.1551207  -0.19138662  0.54241662  1.3341607   0.35956724  0.42738922
 -0.11197884 -0.26154844 -0.07739165  0.09179153 -0.00501735 -0.2176693
  0.10871431 -0.44024929  0.24664065 -0.05807919 -0.18324292 -0.18842381
  0.30919678  0.09595107 -0.51813382 -0.42199285 -0.14283351 -0.11598028
 -0.04960325  0.2435572   0.22200816  0.08343887 -0.11251512 -0.44193048
 -0.14618989  0.18559521  0.45757521  0.2745012  -0.39230185  0.00833998
 -0.10306511  0.24304024  0.12267904 -0.07593853 -0.07711405  0.59591978
 -0.38691907 -0.5523803   0.30436468  0.04852613  0.39016853 -0.285454
 -2.04673657]",55,,"(np.int32(0), np.int32(1), np.int32(1), np.int32(1), np.int32(1), np.int32(0), np.int32(0), np.int32(1), np.int32(0), np.int32(1))",12.8745667545745
365,10,2,1,1.3123032149351552,"[-0.21860289 -0.14711798 -0.08829215  0.17954522  0.78844087  0.25342638
  0.13059606 -0.41605615  0.46105911  1.31013049  0.40406471  0.42290259
 -0.03638732 -0.30412874 -0.05974633 -0.04560272 -0.03903871 -0.31248169
  0.11877492 -0.30491779  0.25297465 -0.22064396 -0.16521865 -0.19113316
  0.3220056   0.09536348 -0.38414453 -0.35843593 -0.32695775 -0.06471615
  0.02024952  0.32662165  0.3172029   0.13248599 -0.16244414 -0.39868437
 -0.19526886  0.20731627  0.4559377   0.24590366 -0.33568696 -0.0731094
  0.06773704  0.05097036  0.07744728 -0.00462602 -0.09787633  0.71515679
 -0.3832595  -0.49468197  0.25907122  0.05097568  0.5478794  -0.34638943
 -1.97595158]",55,,"(np.int32(0), np.int32(1), np.int32(1), np.int32(1), np.int32(1), np.int32(0), np.int32(0), np.int32(1), np.int32(0), np.int32(1))",12.8745667545745
385,10,2,1,1.3097441003552512,"[-0.28169843 -0.0201746  -0.09748258  0.26560959  0.62310784  0.32162723
  0.04791751 -0.62339244  0.54652401  1.34284662  0.38304973  0.31601217
 -0.04836957 -0.38002328  0.05447345  0.06202664 -0.01404012 -0.31042262
  0.13651081 -0.23045915  0.216648   -0.12907536 -0.22353241 -0.22829955
  0.34129464 -0.06734364 -0.43803505 -0.35055002 -0.31475813 -0.07855793
  0.04141458  0.29671579  0.39187732  0.06661117 -0.12348458 -0.50411736
 -0.22697884  0.24092083  0.42534254  0.19610535 -0.27831867 -0.04875002
  0.0035281   0.08088948  0.13476342 -0.03341911  0.02353709  0.66399282
 -0.42552529 -0.37910279  0.28459233  0.07960492  0.5609821  -0.27664419
 -1.98100914]",55,,"(np.int32(0), np.int32(1), np.int32(1), np.int32(1), np.int32(1), np.int32(0), np.int32(0), np.int32(1), np.int32(0), np.int32(1))",12.8745667545745
405,10,2,1,1.292149421221426,"[-2.32834589e-01 -2.34841212e-01 -3.54100094e-01  1.65171942e-01
  7.08903429e-01  6.34160149e-01  2.09946721e-01 -4.52025816e-01
  8.15829653e-01  1.39261634e+00  4.53497547e-01  3.66428304e-01
 -2.44288216e-02 -4.00801205e-01 -5.09629147e-03  8.51960320e-04
  2.75669702e-02 -3.51143900e-01  8.75493256e-02 -1.83083583e-01
  2.83650985e-01 -9.79617352e-02 -2.76715688e-01 -7.69509917e-02
  3.14148934e-01 -7.90545767e-03 -3.34063581e-01 -3.72104525e-01
 -2.27029261e-01 -4.39249935e-02  9.72612588e-02  4.25978698e-01
  4.17396750e-01  1.40073263e-01 -1.08710721e-01 -5.59172215e-01
 -7.97233770e-02  1.68640365e-01  4.33733036e-01  1.86517610e-01
 -2.49893654e-01 -1.69699983e-01 -1.00199136e-01 -9.35913442e-02
  1.57049768e-01 -2.34245750e-01  5.14971833e-02  4.93192873e-01
 -4.56546537e-01 -5.13376247e-01  3.30779305e-01 -8.63123195e-02
  3.57933918e-01 -2.79056151e-01 -2.03493527e+00]",55,,"(np.int32(0), np.int32(1), np.int32(1), np.int32(1), np.int32(1), np.int32(0), np.int32(0), np.int32(1), np.int32(0), np.int32(1))",12.8745667545745
5,10,2,2,1.3514492187500002,"[ 0.04713542 -0.04557292 -0.025      -0.04661458  0.04661458 -0.00390625
 -0.02109375 -0.02213542  0.07161458  0.05052083 -0.02447917  0.
 -0.02447917  0.07161458  0.04713542  0.          0.          0.07161458
  0.07161458 -0.025      -0.02057292 -0.025      -0.04947917 -0.02109375
  0.00390625  0.         -0.02109375  0.         -0.025      -0.025
 -0.025       0.          0.         -0.025       0.         -0.05052083
  0.00390625 -0.02213542  0.          0.00390625  0.04661458 -0.025
  0.          0.07161458  0.04661458 -0.025      -0.02604167  0.07161458
  0.04661458  0.00390625  0.         -0.02109375  0.          0.00390625
  0.07161458]",43,,"(np.int32(0), np.int32(1), np.int32(1), np.int32(1), np.int32(1), np.int32(0), np.int32(0), np.int32(1), np.int32(0), np.int32(1))",12.8745667545745
25,10,2,2,1.8830246998082942,"[-0.76430562  0.73166991 -0.27601959  0.33953494  0.79232674 -0.88842801
 -0.85270297  0.24947023  0.67467118 -0.29616357  0.06979118 -0.32526284
 -1.3033081  -0.51668215  0.86443304 -0.41050069  1.06899813 -1.48985849
 -0.3480889  -0.64537105  0.40201556 -0.5722206   0.43124025  0.68022533
 -0.15539289 -0.20347666 -0.68055238 -0.05048356 -1.20331478  0.04924325
  0.9123701   1.07995089  0.11760443  0.56390162  0.57898198 -0.82010362
 -0.84361448  0.64969423 -0.39419436  0.5616714  -0.41126808  0.98552056
 -1.00215029  1.07121907  0.11706844 -0.43006565 -0.46762823  0.32952102
  0.47137352 -0.49413572  0.38174135 -0.41629351  0.36089274 -0.81288655
  0.45672134]",55,,"(np.int32(0), np.int32(1), np.int32(1), np.int32(1), np.int32(1), np.int32(0), np.int32(0), np.int32(1), np.int32(0), np.int32(1))",12.8745667545745
45,10,2,2,2.2883101382338307,"[-8.55496620e-01  1.32494466e-01 -1.55333944e+00  1.40201181e-03
  3.08691829e+00 -2.56380691e+00 -2.78838134e+00  2.33980578e+00
  9.48535324e-01  1.58662334e+00 -1.16512063e+00  2.02061725e+00
 -8.28138417e-01 -4.58035533e-01  3.16021775e+00 -1.28402183e+00
 -1.01431891e+00 -1.75514259e+00  3.43380897e-01 -2.07962711e+00
  1.83836820e+00  1.31607831e-01  6.10120881e-01 -3.66444158e-01
  1.11459660e-02  1.94257966e-01  3.65632994e-01  2.59816892e-01
 -7.43510416e-01  1.16214703e+00  5.23917770e-01  7.11573523e-01
  2.71193640e-01  1.25868869e+00 -4.30706096e-01 -8.30512808e-01
 -5.54595487e-01  1.11951301e+00 -1.16317898e-02 -9.48623808e-01
 -8.88880626e-01  1.10308088e+00 -1.00309289e+00 -9.49898231e-02
 -7.85343211e-01  1.44945806e+00 -5.66873169e-01  1.97957654e-02
  2.80115212e-01 -5.70849378e-01  2.13361699e+00 -4.21944314e-01
  3.74051849e-01 -2.24461937e+00 -1.52436334e+00]",55,,"(np.int32(0), np.int32(0), np.int32(0), np.int32(1), np.int32(1), np.int32(0), np.int32(0), np.int32(1), np.int32(1), np.int32(0))",14.138152176392222
65,10,2,2,2.4789291757975476,"[ 1.3457368   0.35197889 -1.84143888  1.8274357   4.45331577  0.29345017
 -3.83438402  0.66794894 -0.37844123  0.33223599 -0.95829832  0.42254217
 -2.34805324 -2.3024578   2.03061958  1.57390599 -2.58891815 -1.50271846
 -0.48634519 -1.2309693   0.92799535  0.19982331 -1.49759972  1.06765722
  0.73704703 -0.34017364  0.98079391  0.97353553 -0.17289267 -2.59548937
  2.5646162   2.50148624  0.89469675  0.53791154 -2.19495245 -1.41904527
 -0.37352542 -0.53241485  0.66516985  1.29102388 -0.71265613  0.07062016
 -1.27684584 -0.2255989  -0.24970926  1.52340161 -0.20786745 -0.152463
  1.17774051 -1.78719512  2.01474379 -1.24514458  1.73885322  0.59177779
 -2.40251747]",55,,"(np.int32(0), np.int32(0), np.int32(0), np.int32(1), np.int32(1), np.int32(0), np.int32(0), np.int32(1), np.int32(1), np.int32(0))",14.138152176392222
85,10,2,2,1.8104968100778172,"[-6.65310745e-01 -1.37255541e+00 -1.82279756e+00  5.00102283e-01
  1.98510443e+00  5.46407235e-01 -1.36100864e+00 -2.52717428e-02
 -1.01670634e+00  9.75576720e-01  5.49805367e-04  1.10873642e+00
 -3.15401292e-01 -1.66881362e+00  1.11077659e+00  2.99840031e-01
 -5.12695397e-01 -1.86407854e-01 -3.89611008e-01 -1.14781359e+00
  1.33244068e+00  5.68645302e-01 -4.58854422e-01  1.43318080e-01
  1.47618244e+00 -8.92018490e-02  4.92211518e-01 -6.53709727e-02
 -7.85555333e-01 -7.41014063e-01  1.69968977e+00  1.52404343e+00
  1.32003319e-01  7.50067702e-01 -5.76008040e-01 -1.35537182e+00
  9.92772216e-02  1.24654465e-01  3.96667338e-01  1.32593640e-02
 -5.49186827e-01  2.48552559e-01  5.02153081e-01  1.36872274e-01
 -5.40757406e-01  8.67624806e-02 -1.00328262e+00  9.17682399e-01
  8.43524518e-01 -1.38597293e+00  1.16667360e+00 -7.78939166e-01
  1.14714182e+00 -7.04288777e-01 -1.63445130e+00]",55,,"(np.int32(0), np.int32(0), np.int32(0), np.int32(1), np.int32(1), np.int32(0), np.int32(0), np.int32(1), np.int32(1), np.int32(0))",14.138152176392222
105,10,2,2,1.7716613092422415,"[-0.63672889 -2.31405955 -1.82270086 -0.11213168  1.65584799 -0.46213889
 -0.2505637  -0.12818487  0.22428396  2.46566326  0.26019153  0.94015042
  0.14655443 -1.37426928  0.7709515   0.48800445 -0.06576716 -0.22395179
 -1.01267229 -0.19131462  1.58809533  0.02427436  0.18168902 -0.03582239
  1.68888897 -0.33666892  0.02761311  0.41908029 -0.77947945 -0.46976769
  0.93328042  1.27253923 -0.63291295  0.05475825 -0.77232017 -0.54710766
 -0.29403943 -0.14263926  0.0153716  -0.0521445   0.36709352  0.07634474
  0.13371898  0.45782787 -0.41163929  0.10857243 -0.27165393  0.43200328
 -0.05245194 -2.23675171  1.14425161 -0.30760506  1.37952062 -0.84317977
 -1.53757786]",55,,"(np.int32(0), np.int32(0), np.int32(0), np.int32(1), np.int32(1), np.int32(0), np.int32(0), np.int32(1), np.int32(1), np.int32(0))",14.138152176392222
125,10,2,2,1.5178946866361611,"[-0.91122798 -1.54004807 -1.07530732 -0.17955715  1.56859753  0.56769535
  0.08811573 -0.4438853   1.50765305  2.41691751  0.28275988  0.97137922
  0.15465856 -0.49362398  0.31247077  0.56090753  0.50698723 -0.58430533
 -0.76929933 -0.33439527  1.45076021 -0.07273759  0.05170549 -0.04162965
  0.75126352  0.02277155 -0.25236186  0.16716985 -1.49683485  0.3376855
  0.54952534  0.68854621 -0.12369147 -0.28951116 -0.57755688 -1.00666058
 -0.39563937  0.51704013  0.00896521 -0.18278713 -0.3810792   0.10922982
  0.40881757  0.21234099 -0.11940233 -0.44484576 -0.52360939  0.47029749
 -0.29274199 -1.79733507  0.85780218 -0.03779378  0.36130664 -0.17479658
 -2.47933792]",55,,"(np.int32(0), np.int32(0), np.int32(0), np.int32(1), np.int32(1), np.int32(0), np.int32(0), np.int32(1), np.int32(1), np.int32(0))",14.138152176392222
145,10,2,2,1.562102986257514,"[-0.11743293  0.42708911  0.92431112  1.02937737  2.38943862  1.57732128
  2.09232068  0.15844904  2.33449344  2.12466762 -0.01126881  0.74823776
 -0.09508564 -0.72653424  0.57646119  0.19187404  0.44930394 -0.653056
 -0.69011653 -0.50927218  0.92730913 -0.11401912 -0.67232567 -0.88921627
  0.24418947 -0.3202107  -0.39460612 -0.39096478 -1.65686049  0.04734911
 -0.17806096  0.33815327 -0.82983257 -0.72269859 -1.00075592 -1.11469593
 -0.59048711  0.12381583  0.28013259  0.11648906 -0.5045433  -0.1236746
 -0.24221169  0.13221918  0.1340029  -0.7741178  -0.31344019  0.19746449
 -0.33017201 -1.91672467  0.28540043 -0.04960128  0.51948526  0.24415431
 -2.30336727]",55,,"(np.int32(0), np.int32(0), np.int32(0), np.int32(1), np.int32(1), np.int32(0), np.int32(0), np.int32(1), np.int32(1), np.int32(0))",14.138152176392222
165,10,2,2,1.4258666443929713,"[-0.29540908 -0.29899342  0.05511791  0.91038586  1.91130829  0.41562375
  1.53988668 -0.35680223  2.09695682  1.41912581 -0.12700644  0.71109324
  0.03808863 -0.5245142   0.68486932  0.15353432  0.48089228 -0.51021521
 -0.44644727 -0.21079092  0.68494635  0.09211706 -0.21753399 -0.25129831
  0.10585819 -0.28682733  0.21880428 -0.23892383 -1.19898458  0.08607813
 -0.13088104  0.75531225 -0.18557753 -0.58239063 -1.28843594 -0.50192763
 -0.54599662 -0.11579954 -0.09750389  0.27853491 -0.08074168 -0.0107634
 -0.317875    0.16370651  0.15027521 -0.96847247  0.21923779  0.51100711
 -0.39354169 -1.39534808  0.44583812 -0.09104191  0.07574732  0.25125567
 -2.26529094]",55,,"(np.int32(0), np.int32(0), np.int32(0), np.int32(1), np.int32(1), np.int32(0), np.int32(0), np.int32(1), np.int32(1), np.int32(0))",14.138152176392222
185,10,2,2,1.428949205648218,"[-2.40244666e-02 -4.26430884e-01 -1.03060065e-01  6.24722132e-01
  1.04209195e+00  5.89731020e-01  1.00447261e+00 -5.33791034e-01
  1.87454293e+00  6.13268929e-01 -4.42207960e-01  4.72661186e-01
 -2.97285355e-01  4.12630747e-02  8.22935988e-01  9.85684901e-02
  3.96299844e-01 -6.67137422e-01 -1.67745935e-01 -5.25697394e-01
  9.87712951e-01  3.98537687e-01 -3.90260044e-01 -2.44520105e-01
  3.07560966e-01 -3.36167663e-01  6.84234693e-01 -4.27879155e-01
 -7.71501099e-01  1.18188152e-01  9.69590997e-02  1.11540330e+00
  1.74210741e-01 -4.20606498e-01 -7.79718464e-01 -5.40099199e-01
 -5.30061826e-01 -2.44695170e-01  1.85132393e-01  5.96141452e-01
  1.71922651e-01 -2.07292277e-01 -3.80694217e-01 -4.45846374e-01
  3.17391494e-01 -9.53788105e-01  9.78638646e-04  2.75234044e-01
 -2.80350368e-01 -9.39761761e-01  6.18120904e-01  7.44120812e-02
  3.44417270e-01  1.75004299e-02 -2.41655562e+00]",55,,"(np.int32(0), np.int32(0), np.int32(0), np.int32(1), np.int32(1), np.int32(0), np.int32(0), np.int32(1), np.int32(1), np.int32(0))",14.138152176392222
205,10,2,2,1.4050915874255177,"[-0.34155816 -0.63606882 -0.5390639   1.03904703  0.84236498  0.73646236
  0.78638798 -0.9608954   1.46424786  0.4920664   0.03897769  0.47944555
 -0.40951626 -0.01670017  0.65862298  0.11190808  0.19647364 -0.42234219
 -0.05689919 -0.34224586  0.47230612  0.64647146 -0.5278858  -0.19241483
  0.51658354 -0.10499231  0.28639189 -0.14772445 -0.82757649  0.10968086
  0.16823277  0.79153589  0.54847202 -0.03205505 -0.8642864  -0.53980694
 -0.39374969  0.09408744 -0.13880964  0.28651405  0.14872051 -0.14422457
 -0.22278202 -0.38586908  0.17449075 -0.8099365   0.20564412  0.37471006
 -0.44350945 -0.92102816  0.37729894  0.27142856  0.39674392  0.45991724
 -2.36515968]",55,,"(np.int32(0), np.int32(0), np.int32(0), np.int32(1), np.int32(1), np.int32(0), np.int32(0), np.int32(1), np.int32(1), np.int32(0))",14.138152176392222
225,10,2,2,1.3530204621509134,"[-0.18500841 -0.16383449 -0.35378248  1.28386261  1.12682751  0.96631654
  1.04781312 -0.70766126  0.9849323   0.88270105  0.02219649  0.47008017
 -0.3275709  -0.01527678  0.46183257  0.02126603  0.01605419 -0.4022815
 -0.04066355 -0.32152304  0.22335487  0.32646705 -0.24612679 -0.23305154
  0.37478122 -0.00903135  0.04704684 -0.07991901 -0.7108021  -0.14563637
  0.01548139  0.5097621   0.62985673  0.05091377 -0.85763771 -0.74114649
 -0.45945893 -0.02243058  0.09197661  0.23081865  0.07364656 -0.39999661
 -0.22799066 -0.07590298 -0.03913357 -0.9235252   0.23067534  0.33302955
 -0.52750456 -0.63219511  0.39440484  0.10038108  0.41763049  0.33770613
 -2.18102814]",55,,"(np.int32(0), np.int32(0), np.int32(0), np.int32(1), np.int32(1), np.int32(0), np.int32(0), np.int32(1), np.int32(1), np.int32(0))",14.138152176392222
245,10,2,2,1.3900485077320308,"[-4.80930276e-01 -1.95037826e-01 -1.69568524e-01  1.16488467e+00
  1.17315243e+00  1.38194546e+00  6.94241947e-01 -1.07948097e+00
  9.65421315e-01  1.31937883e+00  6.61873729e-02  4.98888480e-01
 -3.70372208e-02 -2.89223846e-01  3.95522658e-01  2.70219661e-01
  2.12887964e-01 -4.01127220e-01 -4.49037599e-02 -4.15968543e-01
  3.23424152e-01  6.08198289e-02 -2.28323635e-01 -1.68123426e-01
  6.00819449e-01 -2.51974893e-01  5.21050831e-02 -3.03944390e-01
 -5.29047133e-01 -3.54549221e-01 -2.74585130e-03  5.35553816e-01
  6.54977269e-01 -4.32752102e-02 -7.35193731e-01 -7.94936343e-01
 -5.11116175e-01  1.50527484e-01  6.59768971e-02 -2.18948686e-02
 -2.05358740e-01 -2.50341576e-01 -1.25629636e-01  2.14694620e-02
 -3.45740159e-04 -8.33273727e-01  2.63048396e-01  8.99129560e-02
 -5.60616703e-01 -6.96068863e-01  6.19764691e-01 -2.19992331e-02
  5.01668748e-01  1.92600781e-02 -2.15757949e+00]",55,,"(np.int32(0), np.int32(0), np.int32(0), np.int32(1), np.int32(1), np.int32(0), np.int32(0), np.int32(1), np.int32(1), np.int32(0))",14.138152176392222
265,10,2,2,1.3563078514051756,"[-0.4574683  -0.54807606 -0.05407085  0.93315705  1.05750395  1.07661559
  0.8445855  -1.01377362  0.8026768   1.30257052  0.04948384  0.43440044
  0.02178276 -0.52977311  0.29995355  0.42932898  0.38714475 -0.32645887
 -0.17619924 -0.27460983  0.29397271  0.28216062 -0.09159294 -0.25950941
  0.52083464 -0.13830588  0.15032104 -0.2229249  -0.41565366 -0.22863712
 -0.25030665  0.44216584  0.412647    0.05510519 -0.7160478  -0.76227148
 -0.37849692  0.0638091   0.2045946   0.02582654 -0.2201382  -0.40563171
 -0.0468021   0.12090838  0.00682106 -0.58105945  0.19432164  0.37358785
 -0.56012682 -0.49650117  0.32943848 -0.22328572  0.42701495 -0.0045026
 -2.06617922]",55,,"(np.int32(0), np.int32(0), np.int32(0), np.int32(1), np.int32(1), np.int32(0), np.int32(0), np.int32(1), np.int32(1), np.int32(0))",14.138152176392222
285,10,2,2,1.339873602442883,"[-0.6778092  -0.26706083 -0.03891948  0.69898799  0.88723698  1.07267717
  0.64048668 -0.66611935  0.68243926  1.1605649   0.30181971  0.54749285
  0.03330235 -0.35502549  0.24160027  0.37246842  0.18050602 -0.24053723
 -0.08061245 -0.36591777  0.27866372  0.17241359 -0.33230025 -0.30434649
  0.43290893 -0.22738384  0.13712928 -0.37237949 -0.47795661 -0.19341253
 -0.11789578  0.35710387  0.44171505  0.02848559 -0.55977461 -0.73832875
 -0.39542891  0.07243086  0.38554636  0.2710614  -0.26538162 -0.33002658
 -0.0810699   0.15109731  0.22244718 -0.42320058  0.13924924  0.34276265
 -0.47551839 -0.46975768  0.49559255 -0.26333295  0.43775637 -0.20532819
 -2.09292231]",55,,"(np.int32(0), np.int32(0), np.int32(0), np.int32(1), np.int32(1), np.int32(0), np.int32(0), np.int32(1), np.int32(1), np.int32(0))",14.138152176392222
305,10,2,2,1.322365182883078,"[-0.82972899 -0.26287713 -0.15024055  0.68486463  0.86584101  1.00236152
  0.44627607 -0.83220971  0.66440168  0.87740905  0.3524251   0.45144545
  0.09398639 -0.26735079  0.32579958  0.32406314  0.2973015  -0.23407256
  0.05298341 -0.27166295  0.13638857  0.13850809 -0.41717618 -0.19870611
  0.39742098 -0.21569412  0.17736456 -0.37335063 -0.39052214 -0.17322234
 -0.03443064  0.35486017  0.43678535  0.12836672 -0.49334596 -0.7997854
 -0.28869447  0.10243674  0.27758179  0.30711586 -0.34775112 -0.35170089
 -0.04166998  0.07878889  0.13402079 -0.37646363  0.12392049  0.40843385
 -0.39624335 -0.45187931  0.53700865 -0.19992105  0.48756965 -0.18158557
 -2.01453539]",55,,"(np.int32(0), np.int32(0), np.int32(0), np.int32(1), np.int32(1), np.int32(0), np.int32(0), np.int32(1), np.int32(1), np.int32(0))",14.138152176392222
325,10,2,2,1.3098296677970227,"[-0.38807661 -0.61139602 -0.4411979   0.26384246  0.68988528  0.83959695
  0.25903529 -0.6844725   0.43989482  1.1016687   0.37419004  0.21066307
 -0.05837177 -0.24448395  0.10986872  0.28018875  0.14827496 -0.33467584
  0.13662729 -0.15307682  0.24739892  0.20251912 -0.32004529 -0.00294544
  0.48521743 -0.00930957 -0.01921681 -0.32561652 -0.33292846 -0.0338791
  0.06418939  0.38104873  0.52771629  0.17039739 -0.31243522 -0.62398497
 -0.12542819  0.17604382  0.51971666  0.19524347 -0.31662503 -0.36390877
  0.0029908  -0.056234    0.21432766 -0.3910837   0.08676098  0.51472504
 -0.44443121 -0.56311951  0.45727231 -0.13338653  0.46781335 -0.3044587
 -2.02039833]",55,,"(np.int32(0), np.int32(0), np.int32(0), np.int32(1), np.int32(1), np.int32(0), np.int32(0), np.int32(1), np.int32(1), np.int32(0))",14.138152176392222
345,10,2,2,1.317825791672251,"[-0.17627407 -0.39879979 -0.58324919  0.30069389  0.93635784  0.70657726
  0.36161003 -0.68167917  0.52530031  1.07425097  0.34806575  0.23783431
 -0.06881293 -0.42539325  0.17771357  0.15049594  0.06434857 -0.33524583
  0.04011635 -0.12775851  0.18608806 -0.01444965 -0.29018593 -0.12357418
  0.43902653 -0.01211425 -0.09433018 -0.38275597 -0.31669555  0.07497198
  0.11749286  0.40832112  0.52921506  0.32328552 -0.30928769 -0.58995246
 -0.06467743  0.1970561   0.47276339  0.28718577 -0.36797329 -0.29511244
  0.06023068 -0.14377998  0.14291868 -0.334027    0.11774079  0.53460523
 -0.49466369 -0.53633244  0.36780106 -0.11568244  0.43515619 -0.24565526
 -1.94522665]",55,,"(np.int32(0), np.int32(0), np.int32(0), np.int32(1), np.int32(1), np.int32(0), np.int32(0), np.int32(1), np.int32(1), np.int32(0))",14.138152176392222
365,10,2,2,1.320186167656207,"[-0.23424318 -0.40291674 -0.52583424  0.25458179  0.91058064  0.67993755
  0.31923124 -0.65150455  0.54622054  1.0780636   0.46162815  0.3516037
 -0.13292443 -0.43557118  0.16383976  0.04113364  0.0843979  -0.40729605
  0.12645439 -0.20504716  0.22857567 -0.04226012 -0.21128671 -0.07833751
  0.38803578 -0.01324954 -0.15224366 -0.34594573 -0.32188712  0.02434201
  0.17176007  0.30851648  0.5159645   0.24517732 -0.30004622 -0.62510804
 -0.15808575  0.25115608  0.49115199  0.30466902 -0.29381515 -0.23497547
  0.03140488 -0.1658639   0.15576568 -0.33159295  0.06696604  0.56650206
 -0.49141453 -0.50035713  0.36737164 -0.08769626  0.45256251 -0.27554601
 -1.85236686]",55,,"(np.int32(0), np.int32(0), np.int32(0), np.int32(1), np.int32(1), np.int32(0), np.int32(0), np.int32(1), np.int32(1), np.int32(0))",14.138152176392222
385,10,2,2,1.3093071333746615,"[-0.21375459 -0.29002938 -0.42584125  0.16124675  0.74155366  0.61957947
  0.13585004 -0.63127339  0.65680322  1.17251419  0.36180623  0.35698558
 -0.01909886 -0.43851298  0.14220693  0.04905081  0.01519993 -0.39259787
  0.07560036 -0.17512472  0.18379835 -0.07542538 -0.26543819  0.01796381
  0.37576227 -0.04549779 -0.25973139 -0.55152054 -0.29530427  0.01183202
  0.18305311  0.46638166  0.40508488  0.28029212 -0.11229356 -0.46879556
 -0.04213294  0.30025388  0.34169595  0.25717411 -0.21967269 -0.19527049
 -0.07713218 -0.12319254  0.10328111 -0.3000515  -0.03269672  0.55586695
 -0.50567226 -0.56910567  0.41997539 -0.06445597  0.52136891 -0.21702886
 -1.8689784 ]",55,,"(np.int32(0), np.int32(0), np.int32(0), np.int32(1), np.int32(1), np.int32(0), np.int32(0), np.int32(1), np.int32(1), np.int32(0))",14.138152176392222
405,10,2,2,1.292149421221426,"[-2.32834589e-01 -2.34841212e-01 -3.54100094e-01  1.65171942e-01
  7.08903429e-01  6.34160149e-01  2.09946721e-01 -4.52025816e-01
  8.15829653e-01  1.39261634e+00  4.53497547e-01  3.66428304e-01
 -2.44288216e-02 -4.00801205e-01 -5.09629147e-03  8.51960320e-04
  2.75669702e-02 -3.51143900e-01  8.75493256e-02 -1.83083583e-01
  2.83650985e-01 -9.79617352e-02 -2.76715688e-01 -7.69509917e-02
  3.14148934e-01 -7.90545767e-03 -3.34063581e-01 -3.72104525e-01
 -2.27029261e-01 -4.39249935e-02  9.72612588e-02  4.25978698e-01
  4.17396750e-01  1.40073263e-01 -1.08710721e-01 -5.59172215e-01
 -7.97233770e-02  1.68640365e-01  4.33733036e-01  1.86517610e-01
 -2.49893654e-01 -1.69699983e-01 -1.00199136e-01 -9.35913442e-02
  1.57049768e-01 -2.34245750e-01  5.14971833e-02  4.93192873e-01
 -4.56546537e-01 -5.13376247e-01  3.30779305e-01 -8.63123195e-02
  3.57933918e-01 -2.79056151e-01 -2.03493527e+00]",55,,"(np.int32(0), np.int32(0), np.int32(0), np.int32(1), np.int32(1), np.int32(0), np.int32(0), np.int32(1), np.int32(1), np.int32(0))",14.138152176392222
5,10,2,3,1.4788072613813639,"[-2.02382641e-01 -2.02240817e-01  9.36037441e-02  1.35016310e-01
  2.02382641e-01  2.28620054e-01  9.36037441e-02  2.28761878e-01
  1.20124805e-01  0.00000000e+00 -2.02240817e-01  9.36037441e-02
 -9.37455680e-02  0.00000000e+00 -1.41823855e-04  9.36037441e-02
  0.00000000e+00 -1.08637073e-01  0.00000000e+00  0.00000000e+00
  0.00000000e+00  0.00000000e+00  0.00000000e+00  0.00000000e+00
  0.00000000e+00 -2.02240817e-01  0.00000000e+00  0.00000000e+00
  0.00000000e+00  9.36037441e-02  9.36037441e-02  0.00000000e+00
  9.36037441e-02  0.00000000e+00  2.28761878e-01  1.35016310e-01
  0.00000000e+00  2.28761878e-01  2.28761878e-01  0.00000000e+00
  2.28761878e-01  0.00000000e+00  2.28761878e-01  2.28761878e-01
  0.00000000e+00  9.36037441e-02  2.28761878e-01  3.22365622e-01
  0.00000000e+00  0.00000000e+00  9.36037441e-02  0.00000000e+00
  2.28761878e-01  0.00000000e+00  0.00000000e+00]",31,,"(np.int32(0), np.int32(0), np.int32(0), np.int32(1), np.int32(1), np.int32(0), np.int32(0), np.int32(1), np.int32(1), np.int32(0))",14.138152176392222
25,10,2,3,1.6620617465143663,"[-0.67057952  0.32864886 -0.09955158  0.11267962  0.23458924  0.39158129
 -0.27422862  0.01652747  0.04722216  0.4657352   0.09228547  0.09313722
 -0.33166347 -1.53835301  0.64229923  0.73141412 -0.56910848 -0.07225244
  0.28823145  0.49765142  0.52030872 -0.06282561  0.05082213 -0.31340524
  0.21129273 -0.4907353   0.54361167 -0.86943303  0.37035223 -0.1219591
  0.84372668  0.9051963  -0.07116281  0.00372821 -0.87604838  0.09027209
  0.43771374  0.95140617  0.10099649  0.62142048  0.17981215  1.070834
  0.71094271  1.38027468  0.29231607 -0.01421462 -0.25030017 -0.09765564
 -0.91106399 -0.73344487 -0.09318711 -0.91457918  0.24228935  0.12306433
 -0.55035329]",55,,"(np.int32(0), np.int32(0), np.int32(0), np.int32(1), np.int32(1), np.int32(0), np.int32(0), np.int32(1), np.int32(1), np.int32(0))",14.138152176392222
45,10,2,3,2.6913121260635324,"[-1.68101064 -1.30319363  0.79442573  0.53079711  1.20861336  4.097692
 -2.116456   -0.76243204  4.2527352   2.86480392  2.46431009  0.37188502
 -1.48920613  0.91683633  1.41752466  2.04253428  0.95391779 -1.88023698
 -1.23235729  0.3434519   0.68661555 -0.54526407  0.65581055  2.00989866
  0.44788715 -1.64399068 -2.92803923  0.68172226  0.63855926 -1.470661
 -0.40752729  0.42869582 -1.56982551 -0.98510715 -3.98063797 -1.66718366
  1.06432405  2.27343511 -1.05440023  0.62418732 -0.14481172  1.63375397
 -1.12319727  1.15663159 -0.94914188 -3.27832626 -1.74788923 -0.89575306
  0.16786271 -3.93758462  2.53161321  0.9498358   2.06501416  1.12382469
 -1.72669893]",55,,"(np.int32(0), np.int32(0), np.int32(0), np.int32(1), np.int32(1), np.int32(0), np.int32(0), np.int32(1), np.int32(1), np.int32(0))",14.138152176392222
65,10,2,3,4.300613395358379,"[-8.34066854  5.98475384  2.24342377  6.7577269   1.91335983 -2.85167967
 -0.56006764 -1.73712567  4.62633105  3.42169621  0.68396538  2.39249322
  0.68789546  2.0697263   3.379978    4.56220936  7.78288985 -2.60277789
  1.24342942 -1.05084103 -3.5244184  -3.01451874 -1.2782565  -0.23105732
 -1.91093244  0.88959208  1.01744387 -2.82120468  0.68601464  1.47468928
 -6.16584746 -0.55452489 -0.09137617 -0.97090883 -1.54799816  1.21661703
 -2.30627815 -0.44614321 -4.64689507 -0.42719959 -1.40975887  0.99554275
 -2.8353406   2.05985774 -1.88684491  1.73178916  0.44039616  1.02316686
 -3.36256161 -4.27423751  2.52100179  1.02343835  1.33758456 -5.24992353
 -0.64902745]",55,,"(np.int32(0), np.int32(1), np.int32(1), np.int32(0), np.int32(0), np.int32(1), np.int32(1), np.int32(0), np.int32(1), np.int32(1))",19.95211215136027
85,10,2,3,1.7378117313663595,"[-0.61021597 -1.2432103   1.72586126  0.17765633  0.37148885  2.15757346
 -0.5340679  -2.15865     1.31656435  0.99266902  2.30081547 -0.54684088
 -0.80273224 -0.04946674  0.57011128  0.41860734  0.40768306 -0.58946953
 -0.68148967 -0.24699897  1.17501546  1.0770628  -1.52441149 -0.84649226
 -0.45055586 -0.02207986  0.90745175 -0.26637422 -0.5046993  -1.3881681
 -0.30834998  0.90923225  0.91564743  0.2044749  -1.03300973 -0.92730195
  0.80222246  0.93487834  1.76055174 -0.87387558 -0.43569439 -0.51599078
  0.41356079  0.05216403  0.21833884 -0.6963734  -0.40953089 -0.76510581
  0.79798057  0.89914547  0.580255   -0.04663255  0.42524787  1.21943288
 -2.62431517]",55,,"(np.int32(0), np.int32(1), np.int32(1), np.int32(0), np.int32(0), np.int32(1), np.int32(1), np.int32(0), np.int32(1), np.int32(1))",19.95211215136027
105,10,2,3,1.602249250534398,"[-0.21910336 -1.33322077  1.60375914  0.13197505 -0.35042121 -0.17869905
 -0.79149147 -1.52039425  2.06131764  1.448722    1.34504046 -0.85903072
 -0.76651554  0.35414181  1.33878266  0.99288794  0.26746232 -1.04790613
 -0.86681484  0.46391612  1.65456609  0.45859279 -1.18288621 -0.75885826
 -0.37018656  0.0487718   0.4816635  -0.39897166 -0.41105577 -0.13630522
 -0.85992444  0.62090957 -0.02742445 -0.19566945 -0.99438688 -0.43589777
 -0.16926998  0.97966013  0.92456792 -0.53433741 -0.4280062   0.55736707
  0.11183978  0.68527404  0.40083549 -0.69657356  0.5501952   0.37598535
  0.85538546  0.37044771  0.85993819  0.18634403 -0.49053736  0.46061004
 -3.33267035]",55,,"(np.int32(0), np.int32(1), np.int32(1), np.int32(0), np.int32(0), np.int32(1), np.int32(1), np.int32(0), np.int32(1), np.int32(1))",19.95211215136027
125,10,2,3,1.5348905313027015,"[-0.29643094 -1.49293183  1.73983174  0.6146363   0.85771923  1.32928449
 -0.04109014 -1.08535914  1.13211451  1.02533114  1.74681736 -0.03232797
 -0.64458519 -0.37714741  0.8114157  -0.36389883  0.48838862 -0.05590251
 -0.52752608 -0.11974415  1.57029168  0.51076842 -1.35562995  0.09855472
 -0.47093765 -0.1559439   0.22466144 -1.4278196  -0.72294436 -0.14362318
 -0.81282383  0.87592734 -0.05588769 -0.031657   -0.59452396 -1.17595176
  0.33969141  0.45809698  0.93632929 -0.21624282 -1.02017948  0.51164358
 -0.03498578  0.52105668 -0.11023915 -0.34694336 -0.01296627  0.37910797
  0.88015974 -0.27873066  0.64285898 -0.20435072  0.37359263  0.77093855
 -3.00365977]",55,,"(np.int32(0), np.int32(1), np.int32(1), np.int32(0), np.int32(0), np.int32(1), np.int32(1), np.int32(0), np.int32(1), np.int32(1))",19.95211215136027
145,10,2,3,1.4517221835575194,"[-1.59890529 -0.91634208  1.11936217  0.86767217  0.53703862  0.74679286
 -0.17633249 -1.97368544  0.57523248  0.99634676  1.74274488  0.11483549
 -0.24666935  0.04550581  0.89810271  0.07641086  0.47851263  0.32101374
 -0.3158206  -0.24977462  0.85082993  0.02479224 -0.69608251 -0.16986274
  0.03802279 -0.22612681 -0.06609144 -1.24378717 -0.58395376 -0.20462778
 -0.60071139  0.69913088  0.0233192   0.27612201 -0.38400214 -1.31785562
 -0.24499032  0.45103912  0.85912945  0.07395788 -0.74280571  0.33376592
  0.08702468  0.59392462 -0.01494186  0.1664229  -0.22890526  0.5869578
  0.37106307  0.20392599  0.65820312 -0.42630593  0.62891566  0.82291982
 -2.96788783]",55,,"(np.int32(0), np.int32(1), np.int32(1), np.int32(0), np.int32(0), np.int32(1), np.int32(1), np.int32(0), np.int32(1), np.int32(1))",19.95211215136027
165,10,2,3,1.4037983739945543,"[-1.04756509 -0.97868258  0.47458954  0.64944054 -0.43498822 -0.15748165
 -1.00041069 -1.24304468 -0.0097253   1.09515067  1.19957244  0.01574352
 -0.40438681  0.15434642  0.70326746  0.38414789  0.33510708  0.32096334
 -0.50712299 -0.16127612  0.84859421  0.02058763 -0.27004532 -0.07816123
  0.25126601 -0.02444981 -0.18008351 -0.94437827 -0.13127624  0.08287082
 -0.42912686  0.64532366  0.23867797  0.15301946 -0.2523372  -1.14310003
 -0.26616482  0.26733544  0.57225455  0.32819754 -0.1763911   0.60369428
 -0.07305341  0.84199471  0.36640718  0.56978721 -0.35942343  0.77963717
  0.10958272 -0.26604911  0.82679032 -0.29298934  0.49992766  0.37032688
 -2.76223042]",55,,"(np.int32(0), np.int32(1), np.int32(1), np.int32(0), np.int32(0), np.int32(1), np.int32(1), np.int32(0), np.int32(1), np.int32(1))",19.95211215136027
185,10,2,3,1.4352554133882374,"[-4.49816092e-01 -4.20070963e-01  8.73305030e-01  1.39675311e+00
  6.56308838e-01  7.86458167e-01 -4.89380731e-01 -1.69669740e-01
  8.04797502e-01  3.01540069e-01  1.09281967e+00 -8.69176226e-02
 -4.61429082e-01 -3.93882499e-01  3.94200117e-01  3.24853383e-01
  1.61009733e-03  3.65935661e-01 -4.29114393e-01 -1.50764099e-01
  5.72701994e-01  2.86282511e-02 -3.72990463e-01 -1.97906904e-01
  1.62752071e-01 -2.79090219e-01 -1.13857072e-01 -8.17964272e-01
 -3.89819683e-01 -1.76806949e-01 -5.24048879e-01  3.54398885e-01
  1.88216516e-01  2.79733272e-01 -6.07180459e-01 -1.26519971e+00
 -4.26917450e-01 -1.31178712e-01  6.48282385e-01  4.25347768e-01
 -2.23864446e-01  4.54720060e-01 -3.30446575e-01  2.20829812e-01
  7.05976037e-01  2.66224094e-01 -4.80385055e-01  4.30956637e-01
  1.16365859e-01 -4.40313936e-01  7.52020164e-01 -1.55963423e-01
  2.08039244e-02  7.02343334e-01 -2.57597164e+00]",55,,"(np.int32(0), np.int32(1), np.int32(1), np.int32(0), np.int32(0), np.int32(1), np.int32(1), np.int32(0), np.int32(1), np.int32(1))",19.95211215136027
205,10,2,3,1.3726670213971146,"[-0.46111447 -0.72456892  0.82407004  1.10915029  0.43249474  0.38817948
 -0.30482418 -0.32481548  0.56543563  0.23668344  1.1949719   0.00339203
 -0.38523534 -0.29137301  0.22842842  0.09019233  0.16853241  0.09151616
 -0.22829432 -0.29782653  0.60662266  0.01406796 -0.2976164  -0.26244551
  0.05678071 -0.06997544  0.1379024  -0.73037244 -0.49041763  0.06589322
 -0.3283634   0.25619679  0.33112041  0.00581156 -0.3852522  -1.09874506
 -0.26380391 -0.07808695  0.65629986  0.28204881 -0.36258036  0.47378353
 -0.06777144  0.10317055  0.6804556   0.3015861  -0.09964539  0.35345545
  0.18136493 -0.51370288  0.66773326 -0.19782189  0.16925389  0.45386061
 -2.27583481]",55,,"(np.int32(0), np.int32(1), np.int32(1), np.int32(0), np.int32(0), np.int32(1), np.int32(1), np.int32(0), np.int32(1), np.int32(1))",19.95211215136027
225,10,2,3,1.3922527417647483,"[-0.75422427 -0.5237379   0.95892856  1.06127092  0.92502512  0.55718352
 -0.29977974 -0.25418843  0.24677088  0.20027369  1.28908175  0.15091321
 -0.21975844 -0.29878926  0.2085078   0.0389899   0.17312795  0.0072291
  0.04188581 -0.29856664  0.34589693 -0.24960373 -0.1769722  -0.28521906
  0.01408766 -0.31880063  0.28527483 -0.67100102 -0.708214    0.00966697
 -0.32734827  0.08539344  0.50564066 -0.07811151 -0.21979493 -1.23546461
 -0.1457555   0.06316974  0.62250097  0.14710758 -0.5199038   0.24660803
 -0.13346573  0.29884513  0.42188534  0.2306392  -0.22965607  0.45326625
  0.18370127 -0.39858066  0.6636327  -0.06851583  0.29392817  0.35887875
 -2.13518554]",55,,"(np.int32(0), np.int32(1), np.int32(1), np.int32(0), np.int32(0), np.int32(1), np.int32(1), np.int32(0), np.int32(1), np.int32(1))",19.95211215136027
245,10,2,3,1.3803429646436332,"[-0.96850505 -0.58089289  0.35370284  1.01041156  0.98028962  0.66777274
 -0.2103055  -0.19002336  0.46401504  0.26672941  1.30373231  0.28530997
 -0.32529869 -0.38389324  0.44219997  0.10018632  0.2466159  -0.07049547
  0.02164917 -0.31935111  0.22948884  0.00395533 -0.24336098 -0.26645211
  0.03383533 -0.24339191  0.21279648 -0.50206331 -0.45403149  0.05487487
 -0.09093123  0.15037213  0.61536942  0.04612914 -0.26252595 -1.21987632
 -0.10530829  0.08640565  0.46268471  0.32652102 -0.4872132   0.04786064
 -0.37544702  0.15345781  0.39138774  0.02265548 -0.09585444  0.29408477
  0.09335275 -0.43265763  0.56269439 -0.0820049   0.24752962  0.2457313
 -2.05038305]",55,,"(np.int32(0), np.int32(1), np.int32(1), np.int32(0), np.int32(0), np.int32(1), np.int32(1), np.int32(0), np.int32(1), np.int32(1))",19.95211215136027
265,10,2,3,1.3818310573402957,"[-0.82035866 -0.27324385  0.64522477  1.10049583  0.99911846  0.92235946
 -0.00623704 -0.16990527  0.45593912  0.68192272  1.15358224  0.11528271
 -0.16428645 -0.32862953  0.37095465  0.01176089  0.2516525   0.01470972
 -0.08179595 -0.38028088  0.14992457 -0.0030277  -0.18446222 -0.25285765
  0.04168037 -0.2728758   0.00692028 -0.54780488 -0.43785275 -0.18422167
 -0.13360677  0.21743155  0.54533917  0.05815846 -0.27292016 -1.38241644
 -0.21053032  0.08772323  0.53364926  0.32209788 -0.55354903 -0.07590791
 -0.32432312  0.22480618  0.31219768  0.12911076 -0.09605661  0.38676199
 -0.11615471 -0.53251307  0.56361469 -0.15120574  0.21464235  0.16733341
 -2.08584934]",55,,"(np.int32(0), np.int32(1), np.int32(1), np.int32(0), np.int32(0), np.int32(1), np.int32(1), np.int32(0), np.int32(1), np.int32(1))",19.95211215136027
285,10,2,3,1.3559933925484284,"[-0.37074794 -0.63201513  0.28281022  0.86812964  1.31477098  0.79813154
  0.32518993 -0.10044236  0.51093839  0.90352189  1.01405093  0.04337448
 -0.2072737  -0.4961392   0.19070964 -0.02118143  0.1419968  -0.1451631
 -0.07195662 -0.21313573  0.20861472  0.09229383 -0.15457935 -0.31156068
  0.19659255 -0.06760501  0.00883482 -0.46513185 -0.46760932 -0.015569
 -0.19291342  0.22391671  0.69282485  0.10060185 -0.29355132 -1.1379531
 -0.19590532  0.16785326  0.55627657  0.27305011 -0.60202509 -0.1407582
 -0.45769524  0.05116621  0.38890207  0.04499175 -0.02571848  0.40676646
 -0.13422015 -0.38100038  0.45998642 -0.34312093  0.0946578   0.01344213
 -2.15054108]",55,,"(np.int32(0), np.int32(1), np.int32(1), np.int32(0), np.int32(0), np.int32(1), np.int32(1), np.int32(0), np.int32(1), np.int32(1))",19.95211215136027
305,10,2,3,1.3298608472589726,"[-4.08568650e-01 -5.10306983e-01  3.97341341e-01  8.02645582e-01
  1.18869525e+00  7.39203361e-01  2.64324667e-01 -1.72889182e-01
  4.91595866e-01  9.37284270e-01  9.21657502e-01  8.19445038e-03
 -8.10161044e-02 -4.13401457e-01  1.54081597e-01  2.92708902e-02
  2.33339878e-01 -3.02252521e-01  1.55957419e-03 -2.70407128e-01
  1.25543259e-01  1.95743840e-02 -1.98338454e-01 -2.03685259e-01
  9.42435692e-02  1.28939511e-01  1.47806226e-02 -5.21865255e-01
 -5.82345994e-01 -1.49275081e-01 -6.38911872e-02  1.18294368e-01
  6.89449478e-01  2.46936053e-01 -2.74899111e-01 -1.13220564e+00
 -1.89511714e-01  1.64814130e-01  5.30636883e-01  2.66231011e-01
 -5.05209793e-01 -1.75262073e-01 -2.79957386e-01  8.08794018e-02
  2.98470576e-01  4.40533397e-02  8.40852934e-02  4.72521526e-01
 -1.98004167e-01 -4.21892816e-01  4.99009301e-01 -3.00737225e-01
  1.22076242e-01 -6.37651551e-02 -2.20181837e+00]",55,,"(np.int32(0), np.int32(1), np.int32(1), np.int32(0), np.int32(0), np.int32(1), np.int32(1), np.int32(0), np.int32(1), np.int32(1))",19.95211215136027
325,10,2,3,1.3295705078507019,"[-3.68479068e-01 -5.52292338e-01  2.62856041e-01  6.23426931e-01
  9.94597912e-01  4.80900927e-01  4.36531108e-01 -2.98943724e-01
  3.01559946e-01  1.11279203e+00  8.10366187e-01  1.47780022e-01
 -1.05233354e-01 -4.14265880e-01  1.33468674e-01  9.70692983e-03
  1.45954607e-01 -3.23909005e-01  8.50650392e-02 -2.19373575e-01
  1.71154477e-01 -4.87042647e-03 -7.45792681e-02 -2.91211822e-01
  1.99651500e-01  1.41846643e-01 -7.71376946e-02 -4.70003281e-01
 -5.76461099e-01 -1.67615091e-01 -6.59013481e-02  1.63597550e-01
  6.74801658e-01  1.29566276e-01 -1.75984710e-01 -1.02394172e+00
 -1.61416777e-01  1.32670052e-01  5.74092303e-01  2.79541695e-01
 -3.93897954e-01 -1.31099437e-01 -1.88257716e-01  1.19698147e-01
  1.92112282e-01 -1.68771933e-03  2.14581667e-01  6.22352319e-01
 -2.40485142e-01 -5.62626312e-01  4.77274794e-01 -2.73868648e-01
  2.85282103e-01 -1.00643789e-01 -2.26626416e+00]",55,,"(np.int32(0), np.int32(1), np.int32(1), np.int32(0), np.int32(0), np.int32(1), np.int32(1), np.int32(0), np.int32(1), np.int32(1))",19.95211215136027
345,10,2,3,1.3067431190799992,"[-0.11548785 -0.30763977  0.07720373  0.40750005  0.88600058  0.49639585
  0.55523262 -0.38895884  0.56171214  1.27610508  0.63709829  0.17689526
 -0.1339209  -0.52265122  0.04542368  0.074277   -0.00244158 -0.23823245
  0.06505665 -0.25365135  0.25272009  0.07009213 -0.1319489  -0.37340119
  0.3124372  -0.04026011 -0.15850509 -0.41110914 -0.37009113 -0.07778295
 -0.08246841  0.27642344  0.57565194  0.13388619 -0.14727511 -0.73312427
 -0.16343203  0.14052437  0.4856026   0.21049053 -0.25492092 -0.34686356
 -0.18175838 -0.01217846  0.28436782 -0.07489072  0.19477429  0.51500989
 -0.37924827 -0.43748444  0.3964118  -0.22117117  0.33206633 -0.22371204
 -2.18985006]",55,,"(np.int32(0), np.int32(1), np.int32(1), np.int32(0), np.int32(0), np.int32(1), np.int32(1), np.int32(0), np.int32(1), np.int32(1))",19.95211215136027
365,10,2,3,1.3073257780405898,"[-0.15368309 -0.3299829   0.05654379  0.47389051  0.82134089  0.40219839
  0.24833878 -0.42316772  0.76070871  1.28068944  0.62994079  0.19315215
 -0.19320513 -0.45789453  0.07789989  0.10659913 -0.01538175 -0.34354648
  0.12366918 -0.26037957  0.27752622  0.1061028  -0.09746126 -0.25280821
  0.29711558 -0.12131692 -0.22193585 -0.49233728 -0.39440607 -0.01095069
 -0.01070778  0.35897161  0.45940376  0.20789577 -0.21928405 -0.62656252
 -0.11551631  0.12441364  0.45535226  0.18588749 -0.18252198 -0.22913757
 -0.16026786 -0.15656669  0.30946629 -0.13177087  0.08947316  0.60008332
 -0.4935241  -0.39690848  0.4018787  -0.16119467  0.38814323 -0.236296
 -2.14817311]",55,,"(np.int32(0), np.int32(1), np.int32(1), np.int32(0), np.int32(0), np.int32(1), np.int32(1), np.int32(0), np.int32(1), np.int32(1))",19.95211215136027
385,10,2,3,1.2951549641926503,"[-0.15484224 -0.218765   -0.15481614  0.23768029  0.77958442  0.53338799
  0.29191927 -0.50025595  0.83289017  1.52841586  0.49257238  0.3448379
 -0.04977543 -0.48959199  0.06212132  0.01116385  0.03026309 -0.40827722
  0.05847859 -0.2445336   0.29042758  0.0445378  -0.24532819 -0.18573812
  0.21125911 -0.03216318 -0.24195483 -0.46329534 -0.289775   -0.00220277
  0.01467853  0.47754783  0.43264261  0.13573603 -0.10521317 -0.5472648
 -0.06863246  0.20644608  0.39884741  0.10304706 -0.2353812  -0.2336629
 -0.1596448  -0.13994377  0.17425649 -0.20803423  0.09356059  0.55398543
 -0.49174215 -0.41722668  0.4467211  -0.18636915  0.34833393 -0.30906271
 -2.10921617]",55,,"(np.int32(0), np.int32(1), np.int32(1), np.int32(0), np.int32(0), np.int32(1), np.int32(1), np.int32(0), np.int32(1), np.int32(1))",19.95211215136027
405,10,2,3,1.292149421221426,"[-2.32834589e-01 -2.34841212e-01 -3.54100094e-01  1.65171942e-01
  7.08903429e-01  6.34160149e-01  2.09946721e-01 -4.52025816e-01
  8.15829653e-01  1.39261634e+00  4.53497547e-01  3.66428304e-01
 -2.44288216e-02 -4.00801205e-01 -5.09629147e-03  8.51960320e-04
  2.75669702e-02 -3.51143900e-01  8.75493256e-02 -1.83083583e-01
  2.83650985e-01 -9.79617352e-02 -2.76715688e-01 -7.69509917e-02
  3.14148934e-01 -7.90545767e-03 -3.34063581e-01 -3.72104525e-01
 -2.27029261e-01 -4.39249935e-02  9.72612588e-02  4.25978698e-01
  4.17396750e-01  1.40073263e-01 -1.08710721e-01 -5.59172215e-01
 -7.97233770e-02  1.68640365e-01  4.33733036e-01  1.86517610e-01
 -2.49893654e-01 -1.69699983e-01 -1.00199136e-01 -9.35913442e-02
  1.57049768e-01 -2.34245750e-01  5.14971833e-02  4.93192873e-01
 -4.56546537e-01 -5.13376247e-01  3.30779305e-01 -8.63123195e-02
  3.57933918e-01 -2.79056151e-01 -2.03493527e+00]",55,,"(np.int32(0), np.int32(1), np.int32(1), np.int32(0), np.int32(0), np.int32(1), np.int32(1), np.int32(0), np.int32(1), np.int32(1))",19.95211215136027
5,10,2,4,1.6093597344083475,"[-0.05714963 -0.12864596  0.05714963 -0.13113588 -0.03319896 -0.095447
 -0.095447    0.12864596 -0.19338392 -0.15259663 -0.18579559  0.
 -0.13113588 -0.03319896 -0.15259663 -0.15259663  0.12864596 -0.25053355
 -0.15259663  0.05714963 -0.03319896 -0.03319896 -0.095447   -0.095447
  0.         -0.095447   -0.15259663  0.          0.          0.05714963
  0.05714963  0.          0.05714963  0.         -0.03319896  0.
  0.         -0.09793692 -0.09793692  0.          0.          0.
  0.          0.          0.         -0.095447    0.         -0.095447
 -0.15259663  0.         -0.095447   -0.15259663 -0.09793692  0.
 -0.15259663]",38,,"(np.int32(0), np.int32(1), np.int32(1), np.int32(0), np.int32(0), np.int32(1), np.int32(1), np.int32(0), np.int32(1), np.int32(1))",19.95211215136027
25,10,2,4,1.7390690696641322,"[ 0.57334255  0.09735631 -0.19674378  0.41190391 -0.63965529 -0.35604575
 -0.35013325  0.34731653 -0.35060731 -0.24446193 -0.39888211  0.19252604
 -0.46057689  0.07225504 -0.47864346 -0.62807205  0.99172265 -1.4565205
 -0.38345634 -0.52655708  0.24965356  0.51273916 -0.01077649 -0.13183363
 -0.48769737  0.54990957  0.21882171 -1.06488696  1.53441353  0.81533041
  0.1750971   1.03518384 -0.07854998  0.04306367  0.49424548 -0.23121217
  0.04017278  0.43436337  0.37805177  1.61931445  0.02183317 -0.28501086
 -1.12277767  0.18049452 -0.03890176 -0.80670355 -0.07471278  0.75351665
  0.19224105 -0.26959632  1.3291225   1.05452669  0.04338565 -0.53892441
 -0.26031894]",55,,"(np.int32(0), np.int32(1), np.int32(1), np.int32(0), np.int32(0), np.int32(1), np.int32(1), np.int32(0), np.int32(1), np.int32(1))",19.95211215136027
45,10,2,4,3.0954678235914708,"[ 0.43964073  1.75450341 -2.29680707  1.29153792 -2.3206097  -0.12142266
  1.86905529 -0.71916777  0.60423613  0.52448528 -1.60367288 -1.11585429
 -1.18129773  2.28693411  1.04912227 -0.00704766  2.93330418 -3.55091468
  1.45685305 -0.55302341 -0.01866871  1.08237156 -1.38973577 -0.41001637
 -1.1070184   1.17520239 -0.29784729 -1.04812699 -0.65124802  0.96555915
 -0.48561108  2.13090707  1.28496767  2.38560414 -0.07696155 -1.82380338
 -0.44906583  0.21964111  1.23682013  2.01484836  4.07830545  0.66516254
  0.96369805 -2.66470711  0.94477892 -1.04860675  0.6131916   0.40689723
  1.36888714 -1.10185023 -0.101421    0.3842883   0.37997713 -2.55606355
 -2.848709  ]",55,,"(np.int32(0), np.int32(1), np.int32(1), np.int32(0), np.int32(0), np.int32(1), np.int32(1), np.int32(0), np.int32(1), np.int32(1))",19.95211215136027
65,10,2,4,2.692046055726662,"[-2.38227226  1.37117708 -4.4935977   2.19280818 -2.75379932 -1.84549713
 -0.20171236 -2.03685786  1.27003864 -0.79934086 -0.40952073  1.82466233
 -1.08431364  1.06985961  1.94188432  0.94984715  2.93933627 -2.73214
  0.4407408  -0.85597922 -0.33294542  0.31725372 -1.68821535 -1.23958429
 -0.04824808  0.49790997  1.02541181  0.06413437  1.08216226  1.86002052
 -0.16974028  1.43741523  1.18620581  2.40607413 -0.06052452 -1.9968964
  0.33848317 -0.34597275 -0.20699498  0.42885819  2.2583885   1.85757387
  0.14299795 -1.46527273  1.99929286  0.36462169 -0.8892096   3.32257727
  0.34054563 -0.20353365 -0.73277971  0.39949011  0.87382577 -2.42001882
 -2.98976978]",55,,"(np.int32(0), np.int32(1), np.int32(1), np.int32(0), np.int32(0), np.int32(1), np.int32(1), np.int32(0), np.int32(1), np.int32(1))",19.95211215136027
85,10,2,4,2.123568692237918,"[-1.27296612  1.21644692 -1.81723047  2.6836852  -1.85956569 -0.37191712
 -0.27413209 -0.97445507  0.64697133  0.72636274 -0.82936437  1.95689867
 -1.75749527  0.43901714  1.6501979   0.65730829  2.31896114 -1.59931416
  0.89099177 -0.6019622  -0.63889486 -0.36696326 -0.90108306 -0.1181581
  0.18607588  0.29847778 -0.61171477 -0.93679251 -0.30755049  2.17238989
  0.21975247  1.308167   -0.51858139  1.74031509  1.23474811 -2.08535382
 -0.7811453  -1.36511084  0.50544315  0.14057446  1.01967565  1.17616542
  0.19311356 -0.27259821  0.44086851 -0.26588595 -0.36012002  1.66207274
 -1.03101032 -0.04180074 -0.13373316  0.44140976  1.12882673 -1.59742645
 -1.93439582]",55,,"(np.int32(0), np.int32(1), np.int32(1), np.int32(0), np.int32(0), np.int32(1), np.int32(1), np.int32(0), np.int32(1), np.int32(1))",19.95211215136027
105,10,2,4,1.8040090792546144,"[-6.87571346e-01  1.40145412e+00 -1.26524384e+00  1.72984681e+00
 -7.89470772e-01  7.24591894e-01  3.82551253e-02 -1.79250179e-01
  2.11398075e+00  8.07176595e-01 -6.78865231e-01  2.01628389e+00
 -1.84070381e+00  1.26303565e-01  8.71805650e-01  8.02655439e-01
  1.30760374e+00 -1.19334778e+00  2.86461539e-01 -9.82593421e-02
 -4.68701844e-01  2.87428371e-01 -8.75541514e-01 -4.67844752e-01
 -5.00211286e-02 -2.03900315e-01 -1.48914327e-01 -4.77786209e-01
  2.10436020e-01  6.97754648e-01 -2.08879327e-01 -2.51164505e-03
  6.94672892e-01  9.48067967e-01  7.90548080e-01 -1.69008864e+00
 -9.83669784e-01 -3.71740255e-01  6.45639489e-01  3.68452312e-01
  1.33664725e+00 -1.78101957e-01 -7.29554766e-01 -1.93463407e-01
  3.79086038e-01 -1.78794149e-01  5.38024925e-01 -8.51339749e-02
 -7.92774528e-01  6.69313869e-01 -9.05537531e-02  1.08134700e+00
 -5.26339028e-01 -1.09617709e+00 -2.99815566e+00]",55,,"(np.int32(0), np.int32(1), np.int32(1), np.int32(0), np.int32(0), np.int32(1), np.int32(1), np.int32(0), np.int32(1), np.int32(1))",19.95211215136027
125,10,2,4,1.7171897420880609,"[-1.31641751e-01  1.49160029e+00 -5.76960001e-01  1.75375026e+00
 -2.71220790e-01  1.07177935e+00  2.41263336e-01  5.89391673e-02
  1.04346954e+00  1.52078892e+00 -1.10346494e+00  1.88900371e+00
 -1.78898001e+00 -2.63788063e-03  2.09923856e-01  6.84431931e-01
  1.02260126e+00 -9.30579183e-01  3.11294375e-01 -2.54920372e-01
 -1.49024637e-01  9.79701855e-02 -1.55477615e+00 -2.79740279e-01
 -3.21440067e-02  1.84654442e-01 -3.53959880e-01 -6.15995163e-01
 -3.13251231e-01  6.50652636e-01 -4.24929700e-01 -1.13508016e-01
  4.97620015e-01  8.86453489e-01  6.88699883e-01 -1.22393271e+00
 -9.48434430e-01 -3.01622939e-01  1.07325368e+00 -1.07216365e-01
  1.05296317e+00 -1.71767874e-01 -5.17916532e-01  1.70355442e-01
 -8.30344349e-02 -4.43973484e-02  4.33871011e-01  1.67052022e-01
 -1.00684201e+00  3.34449965e-02  2.51857788e-02  1.17395254e+00
 -2.17234326e-01 -1.05184900e+00 -2.78043429e+00]",55,,"(np.int32(0), np.int32(1), np.int32(1), np.int32(0), np.int32(0), np.int32(1), np.int32(1), np.int32(0), np.int32(1), np.int32(1))",19.95211215136027
145,10,2,4,1.6424456780121504,"[ 0.15673565  0.46412631 -0.56198989  1.40249741 -0.00953561  0.83843962
  0.06638783 -0.45894298  0.78981117  1.68799579 -0.41689017  1.3257108
 -1.64317267  0.15241704  0.55453489  0.17183669  0.83111879 -1.0354869
  0.0909811  -0.0341727   0.07920985 -0.19951361 -1.17892442  0.06442566
  0.30954285  0.37098288 -0.22281625 -0.50825176 -0.23634565  0.52244098
 -0.37869916 -0.22862531  0.53417478  0.54081303  0.08570919 -1.37392608
 -0.56496577 -0.10000645  1.03506394  0.086052    0.53915779 -0.05826766
 -0.16393187 -0.07267783  0.32505638  0.16456257  0.79507674  0.26130828
 -1.17032386 -0.14902382  0.13622195  0.7760913  -0.0289826  -1.03264325
 -2.78110168]",55,,"(np.int32(0), np.int32(1), np.int32(1), np.int32(0), np.int32(0), np.int32(1), np.int32(1), np.int32(0), np.int32(1), np.int32(1))",19.95211215136027
165,10,2,4,1.6062898288308511,"[-0.28523545  0.80222505 -0.48648739  1.14246445 -0.33771611  0.41864415
 -0.17883407 -0.60209669  0.63425918  1.81897531 -0.23305854  1.36555477
 -1.54315208 -0.13061205  0.72032916  0.28252095  0.83951718 -0.9730405
  0.50083764 -0.10853059 -0.03635429  0.03830678 -1.12214075 -0.19258533
  0.07497171  0.32680498 -0.52220474 -0.70386655 -0.53365082  0.59542859
 -0.40611212 -0.11287063  0.69237771  0.61587914  0.32800344 -1.43744278
 -0.39928477  0.11350905  1.13713101 -0.01251646  0.39673033  0.35646488
 -0.24903764  0.04439172  0.22245729  0.22578301  0.75649542  0.45135977
 -0.74379236 -0.12389222  0.14071676  0.39331562  0.14646549 -0.83232278
 -2.97644043]",55,,"(np.int32(0), np.int32(1), np.int32(1), np.int32(0), np.int32(0), np.int32(1), np.int32(1), np.int32(0), np.int32(1), np.int32(1))",19.95211215136027
185,10,2,4,1.5228107591670783,"[-0.55772879  0.53204104 -0.75521058  1.20575665 -0.13633996  0.18395095
 -0.28705313 -0.5176794   0.99877369  2.09268154 -0.16326353  0.86382223
 -1.10136643 -0.08308916  0.81194357  0.58270168  0.70006254 -0.72829058
  0.44290361 -0.36601091  0.15629786  0.29830883 -0.67267433 -0.16659834
 -0.12747184  0.35700486 -0.63213973 -0.4401781  -0.21629793  0.36934029
  0.01631225  0.17156909  0.79243287  0.66788657 -0.16542013 -1.09533563
 -0.45017686  0.12970761  0.73958213 -0.17527826  0.33327488  0.33169329
 -0.3090104   0.01685556  0.15684402  0.16525466  0.64422198  0.25673882
 -0.81745198 -0.22003118  0.02232408  0.25441896 -0.09229789 -0.56622973
 -2.94325844]",55,,"(np.int32(0), np.int32(1), np.int32(1), np.int32(0), np.int32(0), np.int32(1), np.int32(1), np.int32(0), np.int32(1), np.int32(1))",19.95211215136027
205,10,2,4,1.4590748660148865,"[-0.70022011  0.61890935 -1.03165868  0.8474868  -0.18238895 -0.07687846
 -0.40217873 -0.65025585  0.81822095  2.42505224 -0.14628046  0.76105822
 -0.88384324 -0.25232727  0.79491208  0.59279089  0.66839083 -0.37612049
  0.16080466 -0.3199291   0.221854    0.0270224  -0.41794957 -0.32664937
 -0.23222486  0.35648658 -0.71563493 -0.20916057 -0.01434471  0.16355012
 -0.12028061  0.26008103  0.95390367  0.75453326 -0.06407778 -0.96306083
 -0.26877877  0.198455    0.47033451 -0.08592916  0.32405253  0.38856906
 -0.18669431 -0.00610774 -0.02045688  0.20095134  0.5190282   0.46338497
 -0.72478116 -0.12653208  0.21776545 -0.15344947 -0.0794229  -0.54045839
 -2.98709592]",55,,"(np.int32(0), np.int32(1), np.int32(1), np.int32(0), np.int32(0), np.int32(1), np.int32(1), np.int32(0), np.int32(1), np.int32(1))",19.95211215136027
225,10,2,4,1.385628713934862,"[-0.88716273  0.37102132 -0.94545194  0.62285986 -0.34157124 -0.17805915
 -0.21278563 -0.74277535  0.5132473   2.25475823  0.0518596   0.55061475
 -0.60650006 -0.12850451  0.76216621  0.31147842  0.74162541 -0.27746566
  0.07516194 -0.24146225  0.11424482  0.08242212 -0.53830702 -0.29514925
 -0.22552268  0.5433065  -0.51191163 -0.04745316 -0.02109279  0.05194973
 -0.06323167  0.38931095  0.837379    0.45104784 -0.20936182 -0.90090429
 -0.04660031  0.07652489  0.46527611  0.07203151  0.35354334  0.22865095
 -0.1639022   0.07992676  0.16718287  0.06476599  0.5809232   0.77079074
 -0.69264816 -0.02735628  0.2013843  -0.4046822  -0.08593197 -0.4082901
 -2.8605844 ]",55,,"(np.int32(0), np.int32(1), np.int32(1), np.int32(0), np.int32(0), np.int32(1), np.int32(1), np.int32(0), np.int32(1), np.int32(1))",19.95211215136027
245,10,2,4,1.3648622801770365,"[-0.68031926 -0.20541158 -1.04993681  0.58625415  0.15050311  0.10467363
  0.16001303 -0.63917021  0.24691112  2.21261875  0.19922591  0.49344871
 -0.32102095 -0.31548148  0.51988467  0.25054476  0.67206858 -0.31309948
 -0.05143642 -0.0331936   0.13910821  0.11790827 -0.38268993 -0.27978455
 -0.0583135   0.47672703 -0.2733767  -0.11328533 -0.12035246  0.09404062
 -0.12257541  0.45484395  1.10621609  0.27704956 -0.13958747 -0.86434322
  0.06926588 -0.02649924  0.28860889  0.04151039  0.07289862 -0.03267999
 -0.24174587  0.0646672   0.12966065 -0.11763578  0.43082911  0.87639855
 -0.6903143  -0.20289773  0.24791776 -0.49679181  0.02463342 -0.36459103
 -2.71777295]",55,,"(np.int32(0), np.int32(1), np.int32(1), np.int32(0), np.int32(0), np.int32(1), np.int32(1), np.int32(0), np.int32(1), np.int32(1))",19.95211215136027
265,10,2,4,1.3564607725237912,"[-0.53710513 -0.53415162 -1.09618333  0.65164433  0.40180317  0.23276419
  0.2946025  -0.54577803  0.29830038  2.09392529  0.29250941  0.59685579
 -0.39895555 -0.34737503  0.55597127  0.15282208  0.38121276 -0.27910253
 -0.16210763  0.01420619  0.33417584  0.12868313 -0.36215692 -0.19860574
  0.12407434  0.48841726 -0.26751837 -0.07456758 -0.21220701  0.14004386
 -0.11150131  0.46957262  1.05859299  0.09324877 -0.36535834 -0.86468983
 -0.05555921 -0.03869639  0.33637657  0.00429816  0.00363619  0.00917762
 -0.29059263 -0.01845887  0.21497414 -0.17672518  0.44810537  0.62672284
 -0.65843149 -0.41803634  0.37261614 -0.4431815   0.07472475 -0.28303599
 -2.49323613]",55,,"(np.int32(0), np.int32(1), np.int32(1), np.int32(0), np.int32(0), np.int32(1), np.int32(1), np.int32(0), np.int32(1), np.int32(1))",19.95211215136027
285,10,2,4,1.3655964929789635,"[-6.75782639e-01 -5.11408982e-01 -1.25663677e+00  4.24963099e-01
  2.89871005e-01  1.29171414e-01  4.64410315e-01 -5.69912246e-01
  2.53880443e-01  2.11023069e+00  3.60242023e-01  7.23258079e-01
 -3.69146823e-01 -3.80037716e-01  4.22061909e-01  1.82238719e-01
  3.29559259e-01 -1.34183819e-01 -5.47063048e-02  3.61303430e-02
  4.20331484e-01  6.94310661e-02 -3.16950533e-01 -3.86705168e-01
  2.85269397e-01  3.28439845e-01 -3.51605443e-01 -3.09954832e-02
 -1.88628982e-01  1.65270713e-01 -1.48709915e-01  5.83651706e-01
  1.03237671e+00  5.63964593e-02 -2.13720447e-01 -6.78599056e-01
 -1.37456125e-01  8.88283280e-02  2.06637129e-01 -1.38427980e-03
  1.12059308e-01 -6.64691102e-02 -1.85149857e-01 -1.35919932e-01
  2.04375528e-01 -2.21525028e-01  3.05973292e-01  7.14441551e-01
 -6.89637193e-01 -5.16227550e-01  4.25457769e-01 -3.32294394e-01
  7.41121734e-02 -4.26475171e-01 -2.30650710e+00]",55,,"(np.int32(0), np.int32(1), np.int32(1), np.int32(0), np.int32(0), np.int32(1), np.int32(1), np.int32(0), np.int32(1), np.int32(1))",19.95211215136027
305,10,2,4,1.3269100326707821,"[-0.22734965 -0.20007444 -0.899197    0.57074726  0.58156645  0.73160438
  0.61743461 -0.17517592  0.40107489  1.7114624   0.48071911  0.54178657
 -0.36344717 -0.50663534  0.08742458  0.11344677  0.10001675 -0.2693005
  0.00429577  0.06208582  0.19964681  0.03297882 -0.40881042 -0.43915028
  0.1665398   0.41551221 -0.32287223 -0.22301843 -0.25598734  0.1273905
 -0.14904407  0.40982592  0.8064003   0.22645132 -0.16921683 -0.81424844
 -0.11211651  0.20670116  0.48963252  0.04480806 -0.0490667  -0.21046404
 -0.06347494 -0.10886715  0.26661402 -0.18319064  0.03071267  0.54395053
 -0.71990812 -0.6045438   0.28400548 -0.21857452 -0.04121935 -0.30285832
 -1.98755932]",55,,"(np.int32(0), np.int32(1), np.int32(1), np.int32(0), np.int32(0), np.int32(1), np.int32(1), np.int32(0), np.int32(1), np.int32(1))",19.95211215136027
325,10,2,4,1.3087921590588538,"[-0.23943933 -0.24681636 -0.57387076  0.37899637  0.56820537  0.63685748
  0.65786599 -0.42247905  0.46520201  1.61157388  0.48723802  0.61429212
 -0.288976   -0.34391532 -0.0087977  -0.03836448  0.08499073 -0.23530322
  0.0095729  -0.06332448  0.21894874  0.03235255 -0.34505535 -0.40304321
  0.29185165  0.28482028 -0.25180657 -0.27161071 -0.20886019  0.02296121
 -0.1350753   0.22460733  0.75757331  0.08808194 -0.20419032 -0.74730338
 -0.19996247  0.35149095  0.56574654  0.16447149 -0.13820494 -0.27293714
 -0.03510761  0.02385634  0.18873171 -0.13719167  0.19784372  0.56325102
 -0.66202503 -0.47147592  0.18177779 -0.20198463 -0.03342247 -0.28214545
 -2.0009747 ]",55,,"(np.int32(0), np.int32(1), np.int32(1), np.int32(0), np.int32(0), np.int32(1), np.int32(1), np.int32(0), np.int32(1), np.int32(1))",19.95211215136027
345,10,2,4,1.3029377226000785,"[-0.14736673 -0.33643576 -0.55978083  0.29722759  0.69188071  0.75125553
  0.51848588 -0.55867712  0.38429796  1.30312486  0.53992776  0.47097019
 -0.14913555 -0.3000978  -0.06873635 -0.0507874  -0.01563129 -0.3701344
 -0.03497132 -0.06835358  0.18399722 -0.05351923 -0.31239919 -0.32708115
  0.33406259  0.29849123 -0.16976961 -0.18972283 -0.23616301 -0.07010514
 -0.0576296   0.34622102  0.70957332  0.12291495 -0.21481828 -0.72975237
 -0.18696332  0.33715953  0.5747603   0.1434849  -0.21638878 -0.27925139
 -0.07857558 -0.03791227  0.31476626 -0.22305385  0.10908239  0.51958738
 -0.46893977 -0.41018472  0.33515372 -0.15609421  0.18548193 -0.21491308
 -1.97135619]",55,,"(np.int32(0), np.int32(1), np.int32(1), np.int32(0), np.int32(0), np.int32(1), np.int32(1), np.int32(0), np.int32(1), np.int32(1))",19.95211215136027
365,10,2,4,1.2981005098440324,"[-0.18194252 -0.19023585 -0.45071836  0.29114402  0.72717458  0.69546522
  0.33814814 -0.56094324  0.58829972  1.36177417  0.50967824  0.39653091
 -0.17260083 -0.30687452  0.01254467  0.08015382  0.02520367 -0.39835572
 -0.01527324 -0.2152198   0.19628482 -0.05386653 -0.2780387  -0.21502918
  0.33446615  0.18126992 -0.29020544 -0.33215826 -0.21937197 -0.00960485
 -0.01878826  0.42992108  0.54572625  0.22335116 -0.16243849 -0.63484217
 -0.08363607  0.34436714  0.47192338  0.19695145 -0.29384784 -0.22912775
 -0.0818906  -0.05609035  0.24530625 -0.2491824   0.03000022  0.53830784
 -0.5567122  -0.51265225  0.35763837 -0.18271483  0.25332405 -0.20719465
 -1.92080428]",55,,"(np.int32(0), np.int32(1), np.int32(1), np.int32(0), np.int32(0), np.int32(1), np.int32(1), np.int32(0), np.int32(1), np.int32(1))",19.95211215136027
385,10,2,4,1.2946688698507318,"[-0.20060266 -0.22325928 -0.44978348  0.23122764  0.67124367  0.66568866
  0.30560333 -0.55516532  0.6369909   1.35828853  0.52493784  0.43372867
 -0.06369772 -0.35473473 -0.08482279 -0.04165587  0.01616564 -0.36744482
  0.05379091 -0.26918474  0.17949485 -0.03159377 -0.16694574 -0.172359
  0.37505489  0.09544555 -0.39550191 -0.38664374 -0.19848162  0.01696629
  0.09442201  0.49121666  0.44742659  0.19559075 -0.13391962 -0.64393023
 -0.04064155  0.28306829  0.52334754  0.19420488 -0.25181215 -0.22189111
 -0.05043756 -0.08192086  0.27120201 -0.24751598 -0.01812046  0.56371393
 -0.5017759  -0.50643524  0.37768705 -0.17371267  0.22846036 -0.17591489
 -1.9985469 ]",55,,"(np.int32(0), np.int32(1), np.int32(1), np.int32(0), np.int32(0), np.int32(1), np.int32(1), np.int32(0), np.int32(1), np.int32(1))",19.95211215136027
405,10,2,4,1.2921494212214253,"[-2.32834589e-01 -2.34841212e-01 -3.54100094e-01  1.65171942e-01
  7.08903429e-01  6.34160149e-01  2.09946721e-01 -4.52025816e-01
  8.15829653e-01  1.39261634e+00  4.53497547e-01  3.66428304e-01
 -2.44288216e-02 -4.00801205e-01 -5.09629147e-03  8.51960320e-04
  2.75669702e-02 -3.51143900e-01  8.75493256e-02 -1.83083583e-01
  2.83650985e-01 -9.79617352e-02 -2.76715688e-01 -7.69509917e-02
  3.14148934e-01 -7.90545767e-03 -3.34063581e-01 -3.72104525e-01
 -2.27029261e-01 -4.39249935e-02  9.72612588e-02  4.25978698e-01
  4.17396750e-01  1.40073263e-01 -1.08710721e-01 -5.59172215e-01
 -7.97233770e-02  1.68640365e-01  4.33733036e-01  1.86517610e-01
 -2.49893654e-01 -1.69699983e-01 -1.00199136e-01 -9.35913442e-02
  1.57049768e-01 -2.34245750e-01  5.14971833e-02  4.93192873e-01
 -4.56546537e-01 -5.13376247e-01  3.30779305e-01 -8.63123195e-02
  3.57933918e-01 -2.79056151e-01 -2.03493527e+00]",55,,"(np.int32(0), np.int32(1), np.int32(1), np.int32(0), np.int32(0), np.int32(1), np.int32(1), np.int32(0), np.int32(1), np.int32(1))",19.95211215136027
5,10,2,5,1.4286705461056401,"[ 0.1038496  -0.11190689 -0.15846016 -0.1038496   0.11190689 -0.11190689
 -0.1038496   0.12354521  0.1038496   0.01969561  0.1038496   0.1038496
  0.          0.          0.1038496   0.          0.1038496   0.1038496
  0.         -0.15846016 -0.21575649  0.         -0.11190689 -0.21575649
  0.01163832  0.1038496  -0.09221128 -0.26230976  0.         -0.15846016
 -0.26230976  0.01163832  0.1038496  -0.09221128  0.11190689 -0.21575649
 -0.1038496   0.01969561  0.          0.01969561  0.          0.11190689
  0.11190689  0.          0.11190689 -0.21575649  0.01163832  0.1038496
 -0.09221128  0.01969561  0.          0.01969561  0.1038496   0.01969561
  0.        ]",44,,"(np.int32(0), np.int32(1), np.int32(1), np.int32(0), np.int32(0), np.int32(1), np.int32(1), np.int32(0), np.int32(1), np.int32(1))",19.95211215136027
25,10,2,5,1.7779562188288935,"[-0.24276859 -0.74693064 -0.0783609  -0.0124386   0.30195578  0.3813319
  0.14423902  0.42893324 -0.1320102   0.15664314 -0.21200298 -0.21347863
  0.39359616 -0.31621123  1.10139998 -0.06101447 -0.44825181 -0.58770512
 -0.13354287  0.31842123  0.0849824   0.2344174   0.72099713 -0.2855202
  0.08996937 -0.47978701 -0.89823847 -0.90841713 -0.42075981 -0.0639855
 -0.2676577   0.00630135 -0.49568818  0.00667111 -0.07268838 -0.27015143
 -0.86326135  0.02487893  0.75666998 -0.02034272 -0.04879007  0.35827627
 -0.15767841  0.62513544  0.10825234 -0.76760394 -0.07317936  0.57446683
  0.28948837 -0.04623398  0.45065006  0.0517577   0.53797218 -0.01664868
 -0.33801297]",55,,"(np.int32(0), np.int32(1), np.int32(1), np.int32(0), np.int32(0), np.int32(1), np.int32(1), np.int32(0), np.int32(1), np.int32(1))",19.95211215136027
45,10,2,5,2.35618750941961,"[-0.23258286 -0.76687074  1.85670089 -2.0182985   0.29113262  1.0813529
  0.02856231 -0.92171166 -1.45551101  4.39630161  0.09844442 -0.07580929
  0.81404653 -0.93967281  1.36973673  0.86299145  0.57507293 -1.25541424
 -0.61044732  0.45076906  0.5017891   0.54537614  0.20729727 -0.16145141
 -0.06304103 -0.07019683 -1.05580205 -1.68866595 -0.22737153 -1.79266358
  0.17385958  0.1273808   0.13484508 -1.75364908 -1.3636449   0.95235201
  1.82807807  0.93147818 -0.35789447  0.87440387  0.12048165  1.30693026
 -0.97639468  2.02955736 -0.46939272 -1.50307457  0.2453889   1.59825608
 -1.02304152 -1.80257802  0.61145663 -1.51599031  1.03829263  1.56086031
 -0.89818453]",55,,"(np.int32(0), np.int32(1), np.int32(1), np.int32(0), np.int32(0), np.int32(1), np.int32(1), np.int32(0), np.int32(1), np.int32(1))",19.95211215136027
65,10,2,5,2.9416526592723473,"[-0.52093946  1.68510111 -1.02680767 -4.42738263  0.09973524  6.25184909
 -2.17032422 -2.13462362 -1.84382873  3.0125173   0.82024159  0.34912138
  0.09802753 -1.58757112 -0.19792579  1.53942763 -0.04387183  0.16448368
 -0.95705772 -0.58790888  2.96694661 -2.57629761 -4.07867231  1.05713673
  0.13090858  1.87070806 -3.7580987   1.81553379  2.29450064 -0.78642435
 -0.29840887  0.76704537 -1.61286478 -0.69675121 -1.59810044 -1.81568978
  0.9235125   4.07751351  2.86830968 -0.91579914 -1.84401945  2.97956956
 -1.54483834  1.72939895 -0.54158839 -2.20706859 -3.29842864  1.76537574
  0.2346936  -0.94389611  0.04553652  1.48391119  2.35392092  1.859944
 -3.62309758]",55,,"(np.int32(0), np.int32(1), np.int32(1), np.int32(0), np.int32(0), np.int32(1), np.int32(1), np.int32(0), np.int32(1), np.int32(1))",19.95211215136027
85,10,2,5,1.7115792924938014,"[-1.16344965  2.87778768  0.95547586  1.17859605  3.3095373   1.25860377
  0.94302895  1.98139701  1.03478449  2.1260731   0.23878929  1.30079708
  0.22985246 -0.85418964  0.49504552  0.55524992 -0.52109329  0.24659993
  0.30086907 -0.90660493 -0.81625808 -0.929604   -1.5645098   0.88153442
 -0.52297894 -0.36248098 -1.62778888 -1.02893423 -0.61205762 -0.76395405
  0.24330002 -0.92672429 -0.19947831  0.13366487 -0.70645753  0.33319654
 -0.32302123  0.91389864  0.36265223 -0.98664591 -1.11992682 -0.38809446
 -1.02499372 -0.16487009 -1.66579588 -1.26098476 -0.98140655  1.64956368
  0.57779581 -2.04195217 -0.2382672   1.01308106  1.00871696  0.22590572
 -1.44830172]",55,,"(np.int32(0), np.int32(1), np.int32(1), np.int32(0), np.int32(0), np.int32(1), np.int32(1), np.int32(0), np.int32(1), np.int32(1))",19.95211215136027
105,10,2,5,1.6445707626968151,"[-1.33000805  2.24484829  1.10983301  2.23821282  3.25348878 -0.39765654
  0.88166926  1.87504571  1.56850838  2.27055213  0.09960259  0.94518596
  0.55739788 -0.43336898  0.34427067  0.0739862  -0.46925136 -0.28575306
  1.25812707 -0.72678777 -0.96893638 -0.79792172 -0.69358344  0.92078384
 -0.67192832 -0.7791337  -1.22296939 -1.98767281 -0.87382638 -0.39698434
  0.63997748 -0.48991449  0.3469822  -0.27265676 -0.61756328  0.67713093
 -0.74740117 -0.26477382  0.04384584 -0.75300645 -0.59002441 -0.8806619
 -1.65072598 -0.84276522 -0.11280855 -0.4474766   0.08452058  1.61395233
  0.0557362  -0.80563341 -0.09536318  0.0278524   1.18254649 -0.3316282
 -1.73510427]",55,,"(np.int32(0), np.int32(1), np.int32(1), np.int32(0), np.int32(0), np.int32(1), np.int32(1), np.int32(0), np.int32(1), np.int32(1))",19.95211215136027
125,10,2,5,1.4940560455484801,"[ 8.35975284e-02  1.58964405e+00  7.14324251e-01  1.37333696e+00
  2.12854687e+00  6.17768751e-02 -1.62427466e-01  2.00570317e+00
  1.03707593e+00  1.69294786e+00 -2.25003274e-01  1.70182388e-01
  1.86255392e-01 -7.95681121e-01  1.62739126e-01 -2.45579665e-01
  3.26796178e-02 -1.86068425e-01  6.13553785e-01 -4.42790013e-01
 -5.95195955e-01 -5.88004929e-01 -6.34389491e-01  9.64589090e-01
 -7.83676298e-01 -5.57503672e-01 -7.46735841e-01 -1.33873077e+00
 -9.25908849e-01 -2.69974181e-01  1.12191910e+00 -2.98422529e-01
  1.68663029e-01 -1.46209194e-01 -3.32358637e-01  3.07018283e-01
 -2.58662124e-01 -5.15612770e-01  2.52936546e-01 -2.47294676e-01
 -2.32624289e-01 -2.06191775e-01 -1.22790700e+00 -6.00947307e-01
  2.28376596e-01 -4.26130425e-01 -2.70789008e-01  1.26528281e+00
  1.16916459e-01 -1.21800807e+00  2.71573518e-01 -1.84287822e-03
  1.22501647e+00 -3.25365352e-01 -1.78245242e+00]",55,,"(np.int32(0), np.int32(1), np.int32(1), np.int32(0), np.int32(0), np.int32(1), np.int32(1), np.int32(0), np.int32(1), np.int32(1))",19.95211215136027
145,10,2,5,1.4498261594843576,"[ 0.36651082  0.96377379  0.28647367  1.45833272  2.26119448 -0.12909749
 -0.53330678  1.59209851  1.19341006  1.59012167  0.06290625 -0.02387233
 -0.28572489 -0.67865871  0.69297914 -0.26495798 -0.22675156 -0.70829209
  0.46380739 -0.31031768 -0.64155845 -0.47292244 -0.31887482  0.92685828
 -0.45000983 -0.35832433 -0.82852909 -0.95032666 -0.59337857  0.17731456
  0.74619185  0.06379495  0.0677937  -0.24612077 -0.64843718  0.01033143
  0.09258783 -0.69594224  0.39430144  0.01309542 -0.65608699 -0.19562026
 -1.50338967 -0.5590875   0.56512964 -0.10893074  0.28825672  1.06839529
 -0.37629234 -0.57886971  0.37724781 -0.25558768  0.73293246 -0.31519403
 -1.7089078 ]",55,,"(np.int32(0), np.int32(1), np.int32(1), np.int32(0), np.int32(0), np.int32(1), np.int32(1), np.int32(0), np.int32(1), np.int32(1))",19.95211215136027
165,10,2,5,1.4543023339439143,"[ 0.25144871  0.91963203  0.47417438  1.61691198  2.19479873 -0.31547867
 -0.62715945  1.32086225  0.79330035  1.67539492  0.15616825 -0.09833917
 -0.52005311 -0.55248327  0.74022955 -0.15848656 -0.27883652 -0.80045522
  0.72136604 -0.47769509 -0.78030667 -0.50432064 -0.13020049  0.94974037
 -0.17020781 -0.243893   -0.91753083 -1.1925078  -0.86348037  0.22030912
  0.80605481  0.20162966  0.39527907 -0.32112776 -0.47724486  0.03480954
  0.18981004 -0.86189994  0.32058122  0.29095304 -0.41130872 -0.26748014
 -1.37515154 -0.30966617  0.27456943 -0.29756234  0.14512969  0.92584543
 -0.35065969 -0.58669133  0.63173705 -0.40076228  0.64218266 -0.15110135
 -1.72383376]",55,,"(np.int32(0), np.int32(1), np.int32(1), np.int32(0), np.int32(0), np.int32(1), np.int32(1), np.int32(0), np.int32(1), np.int32(1))",19.95211215136027
185,10,2,5,1.4369618340848183,"[ 0.50789741  0.70832145 -0.03639541  0.93771521  1.20130867 -0.190195
  0.08836566  0.69378716  0.4505859   1.63671297 -0.08801167 -0.39993325
 -0.59090939 -0.53335863  0.69487615 -0.23297929 -0.20826438 -0.8586024
  0.9760304  -0.25369063 -0.54731347 -0.15068346 -0.08044763  0.52251492
  0.00416244 -0.30338274 -0.9233832  -0.80199806 -0.52909294  0.18592708
  0.64494163  0.52541722  0.54050514 -0.24320947 -0.24196365 -0.14894257
 -0.2537035  -0.52458917  0.74563919  0.65924486 -0.49276139 -0.28753841
 -0.77890638  0.18467093  0.12336921 -0.14984443  0.19111914  0.88302365
 -0.69224154 -0.84483889  0.46636204 -0.29030569  0.6477813  -0.35871808
 -1.88187601]",55,,"(np.int32(0), np.int32(1), np.int32(1), np.int32(0), np.int32(0), np.int32(1), np.int32(1), np.int32(0), np.int32(1), np.int32(1))",19.95211215136027
205,10,2,5,1.4177390854183838,"[ 0.21372715  0.70989565  0.09610669  1.1673696   1.36759027  0.07157938
  0.11557252  0.68427094  0.54568007  1.89528236  0.14041241 -0.0897985
 -0.29554278 -0.67225809  0.58024613 -0.10128768 -0.2041025  -0.51154954
  0.67165223 -0.20018091 -0.54682271 -0.28131865 -0.15850003  0.51078105
  0.08323899 -0.31218115 -1.02235353 -0.92031846 -0.66314975  0.19064139
  0.48050114  0.45807624  0.46732575 -0.27380336 -0.50849242 -0.32927955
 -0.27181748 -0.57951193  0.72520272  0.46804507 -0.39016413 -0.2580776
 -0.70282268 -0.02664452  0.32453428 -0.24281957 -0.00765789  0.81044577
 -0.63872721 -0.81426098  0.3735485  -0.1532534   0.7411086  -0.63846684
 -2.0335661 ]",55,,"(np.int32(0), np.int32(1), np.int32(1), np.int32(0), np.int32(0), np.int32(1), np.int32(1), np.int32(0), np.int32(1), np.int32(1))",19.95211215136027
225,10,2,5,1.430133043460579,"[-0.06719863  0.01900699 -0.33017384  0.76272821  0.90112808 -0.12417389
  0.08725033  0.31582987  1.27356856  1.69449061  0.24939787  0.01254655
 -0.22411203 -0.64159023  0.64953421  0.00398604 -0.16443862 -0.55982983
  0.86410432  0.06640035 -0.19985536  0.02802462  0.06737484  0.41471723
  0.35900917 -0.46417603 -0.95179398 -0.73513229 -0.46737243  0.27687623
  0.47666204  0.49471444  0.14697905 -0.07864402 -0.3680427  -0.22250436
 -0.07051462 -0.514975    0.45794485  0.4573481  -0.14221082 -0.26051019
 -0.47191812 -0.26152096  0.38597717 -0.22155441 -0.06528512  0.63356796
 -0.77901381 -0.86388019  0.35508859 -0.16383304  0.59115127 -0.48852438
 -2.06156007]",55,,"(np.int32(0), np.int32(1), np.int32(1), np.int32(0), np.int32(0), np.int32(1), np.int32(1), np.int32(0), np.int32(1), np.int32(1))",19.95211215136027
245,10,2,5,1.4264059037017942,"[-3.04723789e-01  2.52882247e-02 -3.33929925e-01  8.17283943e-01
  1.04438130e+00 -1.59042496e-01  3.28942583e-01  1.28903543e-01
  1.04923861e+00  1.89742626e+00  3.40976465e-01  8.58147529e-02
  1.18425315e-02 -5.35012109e-01  6.48032713e-01 -9.13754592e-02
  2.52687582e-04 -5.66028885e-01  5.41066685e-01 -4.58215837e-02
 -7.70677852e-02 -1.71258089e-01  9.13003794e-02  3.51699380e-01
  5.32064558e-01 -3.92375433e-01 -1.05117215e+00 -5.51683055e-01
 -3.11372790e-01  3.24144961e-01  4.05671593e-01  5.65419892e-01
 -9.96430050e-03 -9.66897448e-02 -4.71523612e-01 -4.44449891e-01
 -3.42140255e-01 -5.47231040e-01  5.25750207e-01  4.09088071e-01
 -2.09062122e-01 -3.54275589e-01 -6.57628076e-01 -2.58507082e-01
  5.85072599e-01 -3.03137923e-01  2.74065732e-02  8.80124589e-01
 -8.41834536e-01 -8.45625921e-01  5.20275443e-01 -1.73336573e-01
  7.58851724e-01 -5.16205999e-01 -2.16321194e+00]",55,,"(np.int32(0), np.int32(1), np.int32(1), np.int32(0), np.int32(0), np.int32(1), np.int32(1), np.int32(0), np.int32(1), np.int32(1))",19.95211215136027
265,10,2,5,1.365853016857565,"[-3.23380568e-01 -3.90351774e-01 -5.55609254e-01  6.64347185e-01
  9.19313184e-01  1.28167158e-02  5.87430654e-01 -3.17212746e-03
  1.19614837e+00  1.68034967e+00  4.69620164e-01  4.02556827e-01
 -3.47425459e-02 -3.98686545e-01  3.09486213e-01 -1.61667078e-01
 -1.73237621e-01 -4.06711707e-01  3.77813049e-01  1.63102563e-01
  2.92045860e-01  1.31011727e-02 -1.36590121e-01 -1.06390126e-04
  4.95434798e-01 -2.19037676e-01 -7.90892352e-01 -4.29452711e-01
 -2.83219706e-01  2.11801048e-01  1.35782318e-01  5.01672398e-01
  1.96372127e-01  1.18123811e-01 -3.85834182e-01 -4.53915513e-01
 -4.08758699e-01 -2.86709796e-01  3.60293091e-01  3.06806478e-01
 -1.02951613e-01 -3.02573571e-01 -4.19246579e-01 -3.29320754e-01
  3.77943748e-01 -3.77670501e-02  9.11342414e-02  6.34746891e-01
 -7.84710753e-01 -7.90968826e-01  3.98478552e-01 -2.44995295e-01
  5.58396866e-01 -3.96998512e-01 -2.20919927e+00]",55,,"(np.int32(0), np.int32(1), np.int32(1), np.int32(0), np.int32(0), np.int32(1), np.int32(1), np.int32(0), np.int32(1), np.int32(1))",19.95211215136027
285,10,2,5,1.3705089157768133,"[-0.44625429 -0.33423611 -0.61533756  0.75940062  0.99835572  0.24409484
  0.5428369   0.03496101  0.94383556  1.83271509  0.52461085  0.53912903
 -0.0854695  -0.40968345  0.30499847 -0.17825315 -0.06875813 -0.51612981
  0.43210423  0.15332075  0.24916622 -0.08627895 -0.19193277  0.00887302
  0.43848248 -0.06805317 -0.76111429 -0.39826027 -0.33136622 -0.01901373
  0.07385344  0.56165962  0.37110137  0.10365336 -0.29913282 -0.58259492
 -0.38007374 -0.25355155  0.26842561  0.11803572  0.00430479 -0.28998807
 -0.438684   -0.33913442  0.23758331 -0.23266066 -0.06545391  0.72359768
 -0.65220322 -0.80748796  0.62005705 -0.21554136  0.56266147 -0.50121432
 -2.15289549]",55,,"(np.int32(0), np.int32(1), np.int32(1), np.int32(0), np.int32(0), np.int32(1), np.int32(1), np.int32(0), np.int32(1), np.int32(1))",19.95211215136027
305,10,2,5,1.3356730397321492,"[-0.71275777 -0.35650145 -0.44657827  0.17770688  0.81871909  0.43142144
  0.595319   -0.3279638   0.839759    1.7246231   0.54556574  0.56754539
  0.16872213 -0.34227699  0.22435436 -0.17719037  0.11548666 -0.49009651
  0.23541495 -0.04070313  0.36637096 -0.14018999 -0.11877907  0.00502205
  0.45687616 -0.17599973 -0.58072602 -0.2570028  -0.28457802 -0.16627909
 -0.00997914  0.4916626   0.47266178 -0.03183503 -0.20198706 -0.5142601
 -0.29108033 -0.04251949  0.34014544  0.06080707 -0.12804338 -0.3642883
 -0.27392333 -0.16822682  0.35882759 -0.36930292 -0.05400553  0.57537155
 -0.51235239 -0.72951662  0.68357297 -0.2947171   0.52141489 -0.37465327
 -2.04298411]",55,,"(np.int32(0), np.int32(1), np.int32(1), np.int32(0), np.int32(0), np.int32(1), np.int32(1), np.int32(0), np.int32(1), np.int32(1))",19.95211215136027
325,10,2,5,1.320954866576157,"[-0.52900728 -0.52292374 -0.62595844 -0.03318374  0.81375702  0.20519647
  0.43568698 -0.47937917  1.25614455  1.35413297  0.49792599  0.57985031
  0.10861341 -0.43519316  0.1245434  -0.14336957  0.08033357 -0.48521342
  0.10310576  0.05932662  0.36150094 -0.13410127 -0.02883496  0.05460083
  0.46370677 -0.34906938 -0.4328001  -0.22638283 -0.19129478 -0.02792399
 -0.02172875  0.50333261  0.49132448 -0.01569079 -0.0633968  -0.42067637
 -0.26521923  0.02952376  0.28162707  0.21810121 -0.14831382 -0.40332056
 -0.2627012  -0.15273167  0.40346397 -0.24631705  0.02463992  0.41654417
 -0.32397463 -0.56534021  0.4517379  -0.09355993  0.35317617 -0.2172035
 -2.168169  ]",55,,"(np.int32(0), np.int32(1), np.int32(1), np.int32(0), np.int32(0), np.int32(1), np.int32(1), np.int32(0), np.int32(1), np.int32(1))",19.95211215136027
345,10,2,5,1.3191739255326758,"[-5.53885285e-01 -3.96231737e-01 -6.07606075e-01  3.57852343e-02
  7.01921571e-01  2.70818141e-01  3.70247997e-01 -6.19052440e-01
  1.26262962e+00  1.42593206e+00  4.41367896e-01  4.31697420e-01
  5.18941176e-02 -3.16749758e-01  1.40154879e-01  1.31552773e-02
  1.96675718e-01 -4.14885281e-01  2.02586325e-02  1.92376107e-03
  3.35579414e-01 -4.85883447e-02 -1.94343070e-01 -9.32933162e-02
  4.12743031e-01 -2.96581150e-01 -3.69324049e-01 -2.01619125e-01
 -1.97770058e-01 -4.81306086e-02 -1.16050654e-02  5.01104611e-01
  4.29625406e-01  1.43699019e-01 -7.08877455e-02 -4.35835480e-01
 -2.94898931e-01  6.14666434e-02  1.45455592e-01  3.60690745e-01
 -1.03397485e-01 -3.49987779e-01 -2.59805479e-01 -8.80703339e-02
  3.23884566e-01 -1.44757558e-01  1.76503535e-01  4.26923902e-01
 -4.20408515e-01 -4.43682403e-01  5.02002760e-01 -2.49279693e-01
  3.73951834e-01 -3.10928861e-01 -2.25110245e+00]",55,,"(np.int32(0), np.int32(1), np.int32(1), np.int32(0), np.int32(0), np.int32(1), np.int32(1), np.int32(0), np.int32(1), np.int32(1))",19.95211215136027
365,10,2,5,1.304066030292243,"[-0.52693046 -0.5154272  -0.58905738  0.01426179  0.55751257  0.23831207
  0.13253463 -0.84973649  1.15105553  1.18287356  0.42811339  0.41320478
 -0.02868289 -0.34179726  0.21652671  0.01108439  0.26844095 -0.36982618
  0.1111184  -0.01808449  0.3879344  -0.01523571 -0.14297411 -0.04448408
  0.40801774 -0.26450109 -0.2322996  -0.20036765 -0.20612016 -0.09568089
  0.05740124  0.52545734  0.44338592  0.19592742 -0.1655076  -0.46971331
 -0.09543826  0.10281213  0.21772194  0.27950069 -0.11876645 -0.12773824
 -0.08288037 -0.03817643  0.18455344 -0.26553888  0.19256401  0.52063016
 -0.30888486 -0.4289458   0.35977507 -0.07093041  0.30458012 -0.24143926
 -2.16258125]",55,,"(np.int32(0), np.int32(1), np.int32(1), np.int32(0), np.int32(0), np.int32(1), np.int32(1), np.int32(0), np.int32(1), np.int32(1))",19.95211215136027
385,10,2,5,1.300369218995385,"[-0.44212434 -0.37587325 -0.46644441  0.08916005  0.46226185  0.35871784
 -0.03740576 -0.78459841  1.00381308  1.19040162  0.41612479  0.35588512
 -0.03710368 -0.34012314  0.15947265  0.09001697  0.17705451 -0.36905868
  0.11637986 -0.09979453  0.35629379  0.02175267 -0.19954875 -0.00785303
  0.34766707 -0.22678849 -0.28691402 -0.2490368  -0.24397319 -0.165251
  0.12464381  0.5020825   0.47086233  0.19674367 -0.08764638 -0.51115358
 -0.12898361  0.08680306  0.29171011  0.25453919 -0.14925058 -0.1258391
 -0.04351791 -0.10775933  0.24094405 -0.21319207  0.12946866  0.60463252
 -0.37669446 -0.34719941  0.36179603 -0.05137432  0.3127549  -0.2207512
 -2.11862991]",55,,"(np.int32(0), np.int32(1), np.int32(1), np.int32(0), np.int32(0), np.int32(1), np.int32(1), np.int32(0), np.int32(1), np.int32(1))",19.95211215136027
405,10,2,5,1.2921494212214253,"[-2.32834589e-01 -2.34841212e-01 -3.54100094e-01  1.65171942e-01
  7.08903429e-01  6.34160149e-01  2.09946721e-01 -4.52025816e-01
  8.15829653e-01  1.39261634e+00  4.53497547e-01  3.66428304e-01
 -2.44288216e-02 -4.00801205e-01 -5.09629147e-03  8.51960320e-04
  2.75669702e-02 -3.51143900e-01  8.75493256e-02 -1.83083583e-01
  2.83650985e-01 -9.79617352e-02 -2.76715688e-01 -7.69509917e-02
  3.14148934e-01 -7.90545767e-03 -3.34063581e-01 -3.72104525e-01
 -2.27029261e-01 -4.39249935e-02  9.72612588e-02  4.25978698e-01
  4.17396750e-01  1.40073263e-01 -1.08710721e-01 -5.59172215e-01
 -7.97233770e-02  1.68640365e-01  4.33733036e-01  1.86517610e-01
 -2.49893654e-01 -1.69699983e-01 -1.00199136e-01 -9.35913442e-02
  1.57049768e-01 -2.34245750e-01  5.14971833e-02  4.93192873e-01
 -4.56546537e-01 -5.13376247e-01  3.30779305e-01 -8.63123195e-02
  3.57933918e-01 -2.79056151e-01 -2.03493527e+00]",55,,"(np.int32(0), np.int32(1), np.int32(1), np.int32(0), np.int32(0), np.int32(1), np.int32(1), np.int32(0), np.int32(1), np.int32(1))",19.95211215136027
