sample_size,n,k,repeat,mae,coefficients,non_zero_coef,num_iter,best_x,predicted_best
5,10,2,1,1.5895535714285716,"[-1.06428571  0.          0.          2.24642857  0.38928571  0.
  0.          0.          0.          0.18214286  0.          0.
  0.          0.          0.          0.          0.          0.
  0.          0.          0.          0.          0.          0.
  0.          0.          0.          0.          0.          0.
  0.          0.          0.          0.          0.          0.
  0.          0.          0.          0.          0.          0.
  0.          0.          0.          0.          0.          0.
  0.          0.          0.          0.          0.          0.
  0.        ]",4,4,"(np.int32(0), np.int32(1), np.int32(0), np.int32(1), np.int32(1), np.int32(0), np.int32(0), np.int32(0), np.int32(0), np.int32(0))",6.389285714285718
25,10,2,1,8.601035629657119e+25,"[-4.28307595e+25 -3.33419968e+16 -4.28323773e+25 -4.28307351e+25
  1.28758520e+18 -3.69769676e+25 -1.14914651e+24 -3.16707645e+17
 -1.29102661e+26  9.05714737e+25  2.64281146e+19  1.29014489e+26
  6.20791472e+21  7.95769526e+18 -2.72413844e+17 -1.09220959e+26
  2.01930972e+24  8.11833316e+25 -4.55787306e+25 -3.00860326e+25
 -9.09973295e+25  4.40602663e+19  4.25579230e+19 -3.60462070e+22
  1.32356796e+24  8.62718815e+25 -8.81712742e+17 -5.60900353e+25
 -6.53525335e+19 -3.62878780e+18  1.23085550e+26  1.64448677e+21
 -7.68453050e+21 -1.73187636e+24  6.71714892e+17  4.96778828e+20
  1.70324462e+22  4.29042426e+23  8.27765756e+25 -2.08844958e+17
 -5.94790302e+25  1.03227259e+19  2.99086296e+21  1.05254002e+18
 -3.16545697e+25 -1.09951109e+23  1.92759401e+20 -3.42791843e+17
 -5.29172633e+24  1.07063274e+26 -2.06119248e+21  8.83647582e+18
  4.58970453e+25 -1.32675127e+24 -4.29954585e+24]",55,64,"(np.int32(0), np.int32(0), np.int32(1), np.int32(0), np.int32(0), np.int32(0), np.int32(1), np.int32(1), np.int32(0), np.int32(1))",3.165125330792561e+26
45,10,2,1,8.513720028468453e+19,"[ 1.46611664e+20 -1.67825001e+18  1.55372612e+20  1.44930745e+20
 -3.49009373e+19 -9.46757719e+17 -3.95457154e+19  1.73467911e+17
  8.90110037e+19  1.99800010e+20  1.04391980e+19 -3.44880596e+19
 -5.20261463e+19  5.21162413e+18 -9.39949383e+18 -1.09850672e+20
 -3.35560077e+19  2.54105904e+19 -1.43785523e+20 -1.09146109e+19
 -1.24772815e+20  7.26316273e+19 -5.42658272e+19  8.32292419e+19
  2.72376421e+19  6.80398585e+19  1.86944745e+19 -2.11299109e+18
 -5.09624371e+19  1.08195764e+18 -7.75115815e+19 -1.73467911e+17
 -1.08765440e+20 -2.43025817e+18  4.53428049e+19 -3.08692463e+19
  2.39927567e+19 -8.15430007e+19  1.40927578e+19  5.41489088e+18
  1.12009723e+19  4.08008016e+17  6.43425801e+18 -3.77306900e+19
 -8.50560830e+19  2.21829288e+19 -9.60815480e+17  3.07364059e+19
  2.98933834e+19  7.23120430e+19 -4.40915345e+19  5.53286527e+19
 -1.12923611e+19 -3.28845525e+19 -1.33438402e+20]",55,70,"(np.int32(0), np.int32(0), np.int32(1), np.int32(0), np.int32(0), np.int32(0), np.int32(1), np.int32(1), np.int32(0), np.int32(1))",3.165125330792561e+26
65,10,2,1,277.2017467325904,"[ 517.68128001  -59.26296131  145.07191205  396.16307186 -239.18364903
  181.70973841 -386.83262716 -232.49233519  173.27051335   89.23800171
 -307.07967866 -135.91831783 -138.91192831  241.13067786   36.1535839
 -263.56350531 -114.8015461    62.04574398 -413.48634843  120.8291334
 -382.91969558  -96.13941508    1.09957587  405.87251325  165.61096592
   55.89349205   95.95325704  152.13810913 -140.5186197  -120.56615613
 -210.6920108   177.61856314 -192.59633723  -75.11684146  -55.65344217
   -3.15797059   66.01033367 -199.29131634  216.08367912 -215.94303401
  184.68075333  237.68955947 -196.14004485  189.07164656  125.24007629
  -79.43750353 -129.57302142   47.43435649 -176.04305285  402.82579171
 -198.73569197  179.37707463 -227.37078931  474.75677689 -169.75279229]",55,70,"(np.int32(0), np.int32(0), np.int32(1), np.int32(0), np.int32(0), np.int32(0), np.int32(1), np.int32(1), np.int32(0), np.int32(1))",3.165125330792561e+26
85,10,2,1,29.5651260366215,"[ 43.10083202  -9.7680271   19.97032941  23.15645368 -29.22223016
 111.15783261   2.46935563  13.79066733  14.0732137   11.47021798
  -8.57947676   1.1310939   -0.29860469  -8.22006426 -10.97641109
 -13.85365383 -24.675837   -25.70306131  -9.27665877   3.5616352
   5.74904685  26.24839658 -28.68463953 -16.25367787   9.33661732
  16.60157246 -11.75662837 -31.580738   -25.00485737  15.45462535
  -5.7484297   -6.64758503   3.40134088   6.01120328  14.62343137
 -18.49011034  -1.69801937 -17.10426763 -13.81145213  17.95819217
 -43.87042143  33.15170064  28.20844087  -4.01996739  14.43615137
 -26.94839213 -34.73156778 -27.9714014  -13.99010264  14.13184697
  10.31668732 -17.51349821   9.02790385 -16.63366342 -11.26665615]",55,65,"(np.int32(0), np.int32(0), np.int32(1), np.int32(0), np.int32(0), np.int32(0), np.int32(1), np.int32(1), np.int32(0), np.int32(1))",3.165125330792561e+26
105,10,2,1,3.7037033520430382,"[ 1.05608664  1.8381227   3.81066323  5.7853039   1.53367884 12.15256386
  1.46775469  5.23071822  4.09559156  3.37448333 -0.3521397   0.49859618
  1.01964693 -1.15767652  0.37432689  0.68942951 -4.32631587 -3.14706255
  1.77608491 -0.84297217 -1.3320617   1.59520592 -4.25743398 -1.78329407
  0.80444445  2.22934977 -1.57378651 -3.52609665 -1.80722551 -0.74729417
  0.33454889  0.87188165  1.42123199 -0.75184013  0.88268558 -3.61378913
 -0.61339548 -2.20816372 -3.06362572  1.63519337 -5.68256761  0.95953173
  0.5638228  -1.27353669  0.08628705 -1.67379465 -3.00237648 -3.17499284
 -0.18902576 -0.82156611  0.39899543 -0.90058982  2.36420076 -4.76931141
 -3.12505839]",55,61,"(np.int32(0), np.int32(0), np.int32(1), np.int32(0), np.int32(0), np.int32(0), np.int32(1), np.int32(1), np.int32(0), np.int32(1))",3.165125330792561e+26
125,10,2,1,6.803557500094894,"[ -6.70137967  -4.72652955 -19.29132115 -13.66203978  -5.6315081
   2.26797782  -2.73004661   6.22569357 -25.86810876   4.34004529
  -1.56388303   8.55553576   3.74116891   2.18821377   2.46232608
  -2.09406461  -3.16184634   4.38939732  -3.53770599   5.25191711
  -1.00163502   1.44116442  -3.95805633  -0.14129477  -0.49216984
  10.56855617  -3.49306814   3.39359914   3.12980877   2.75537111
   6.0689813    1.77150322   3.61444932   2.12284474   5.86593586
  -3.03418006   4.73803176   0.52563575   9.45068029   1.52421112
  -5.04757725  -2.49847006  -0.94335779   4.35963328  -1.9873284
   4.28814982  -4.19979317   3.79501571   0.1273771   -5.0548566
   5.22614545  -3.69524353   3.65884694  -2.65552705   2.8751544 ]",55,62,"(np.int32(0), np.int32(0), np.int32(1), np.int32(0), np.int32(0), np.int32(0), np.int32(1), np.int32(1), np.int32(0), np.int32(1))",3.165125330792561e+26
145,10,2,1,2.1101396657101414,"[-1.25623975e+00  8.37716872e-01  8.85390342e-01  2.76027524e+00
  9.89426208e-01  5.30449897e+00  1.30717221e+00  2.69180795e+00
  1.78695360e+00  3.24111406e+00  1.49355884e+00 -4.29222689e-01
 -4.27366913e-01  2.38657169e+00 -2.00063120e+00  5.22255329e-01
 -8.95776408e-01 -1.61414910e-01 -4.44531880e-03 -3.24663876e-01
 -6.76038892e-01  4.64135314e-01 -1.74233942e+00  4.69357652e-02
 -2.13639535e+00  1.70032866e+00 -9.06088225e-01 -1.67104375e-02
 -6.58228051e-01 -3.39034564e-01  6.06157785e-01  2.13463320e+00
  8.06841053e-02 -1.06901945e+00  2.75822036e-02 -2.23272451e+00
 -5.55857708e-01  2.04416836e-01 -9.94997346e-01 -6.09504477e-01
 -2.31841206e+00 -1.53822144e+00 -2.24191604e+00 -6.61662024e-01
  5.84065823e-01 -6.63153208e-01  1.59491039e+00 -9.18582672e-01
 -1.09813771e+00 -1.36459426e+00  3.04385281e-01 -2.14729331e-01
  1.32233761e-01 -1.66775921e+00 -1.85038104e+00]",55,59,"(np.int32(0), np.int32(0), np.int32(1), np.int32(0), np.int32(0), np.int32(0), np.int32(1), np.int32(1), np.int32(0), np.int32(1))",3.165125330792561e+26
165,10,2,1,2.6881673275827715,"[-1.32106952  1.81025421  3.26135919  3.93023976  1.19184792 -4.56468049
  3.66069249  0.84456549  5.26109224  2.58788861 -0.31391527  0.75361514
 -1.57720944 -1.46978817  0.2310611   1.31584569  0.80485527  1.67118228
  0.81139483 -0.02180518 -2.04417576 -1.32081028  2.30234203  0.30929533
 -1.8296831   0.1131301   0.19897606  0.82255127  0.73556744 -0.58711032
 -2.55455378  0.99000643 -4.01056148 -2.1736106  -0.77051789 -0.9369783
 -1.38405522 -0.55572823  0.94362294 -1.63089977  3.59971347 -1.3155934
 -0.6743438  -0.60804743  0.82337426  1.29231735  1.18227026  0.83134475
 -0.91000579 -1.16746035 -3.52298812  0.47237796 -0.79502652  0.57466483
 -3.23756479]",55,61,"(np.int32(0), np.int32(0), np.int32(1), np.int32(0), np.int32(0), np.int32(0), np.int32(1), np.int32(1), np.int32(0), np.int32(1))",3.165125330792561e+26
185,10,2,1,1.4416345629709442,"[-0.11730956  1.12882837  1.69116674  2.76899157  0.93604812  2.04035548
  1.07911655  1.336536    2.77564553  2.50634906  0.13395543  0.44264499
  0.92226192 -0.15047365 -0.28362853 -0.84535775 -0.47596744 -0.07213393
 -0.39282674 -0.2366458  -0.87733994  0.25673053 -0.7320321   0.42686767
 -0.93846511  0.62050658 -0.80156015 -2.46304414 -0.734217   -0.45936603
  0.90441295  0.76901139 -0.34847676 -0.28467425  0.36313219 -1.20669838
 -0.7106771  -0.6575244  -0.69041697  0.1299474  -0.4822172  -1.01128861
 -0.40657154 -0.59850092  0.29626584 -0.13002776  0.71692564 -0.6197419
 -0.37151214 -0.38886296  0.17504866 -0.70661697 -0.27581125 -0.36625156
 -2.33481251]",55,58,"(np.int32(0), np.int32(0), np.int32(1), np.int32(0), np.int32(0), np.int32(0), np.int32(1), np.int32(1), np.int32(0), np.int32(1))",3.165125330792561e+26
205,10,2,1,1.2776729618008091,"[-0.32923661  0.47360826  0.33567408  1.64291359  0.5588091   0.9204705
  0.88475081  1.20300132  1.78918563  1.92173687  0.25357996  0.42913349
  0.26491866  0.22080048 -0.37029851  0.00430245 -0.58584766  0.37224192
 -0.34285555 -0.15119652 -0.53009013  0.29995217 -0.24438645  0.41353793
 -0.93044738  0.62728836 -0.46797397  0.17409787 -0.58157922 -0.20628325
 -0.14282619  0.77164914 -0.32125257 -0.15034256  0.13945168 -0.99081718
 -0.76459517 -0.47852329 -0.27757056 -0.26714219 -0.49296626 -0.66995673
 -0.32582488 -0.35725019  0.32069746  0.01308142  0.96713184 -0.12347886
 -0.30602064 -0.54593064 -0.02106099  0.03366059 -0.30045355 -0.47514392
 -1.91967768]",55,56,"(np.int32(0), np.int32(0), np.int32(1), np.int32(0), np.int32(0), np.int32(0), np.int32(1), np.int32(1), np.int32(0), np.int32(1))",3.165125330792561e+26
225,10,2,1,1.2679450017459502,"[-0.09512607  0.09902958 -0.30644698  1.06683185 -0.42751878 -0.53149413
  0.65933641  1.13303921  1.53859119  1.5890623   0.06889627  0.66856535
  0.30865929 -0.1422906  -0.06081725 -0.31100562 -0.41063765  0.33697214
 -0.33183177  0.09265924 -0.25858695  0.38003563 -0.03825992  0.19659664
 -0.81971719  0.69387594 -0.39939002  0.01431867 -0.25993405 -0.19728946
  0.23038935  0.57586882 -0.38257569 -0.11042426  0.24358508 -0.76691959
 -0.62966373 -0.46159428  0.03304915 -0.13262783  1.00431345 -0.56073702
 -0.07814402 -0.23451014  0.25779687  0.26011974  0.48093577  0.07342485
  0.02757184 -0.33229068  0.00315372 -0.21687166 -0.41628162 -0.34269308
 -1.87628239]",55,56,"(np.int32(0), np.int32(0), np.int32(1), np.int32(0), np.int32(0), np.int32(0), np.int32(1), np.int32(1), np.int32(0), np.int32(1))",3.165125330792561e+26
245,10,2,1,1.193153121177688,"[-0.10800834  0.13027904 -0.19813327  1.1224938  -0.11973303 -0.15174036
  0.4641649   0.88061976  1.33462616  1.47340771  0.27167466  0.52954961
  0.20158424 -0.16315557 -0.1228277  -0.28908833 -0.65804753  0.36166521
 -0.23852863  0.21546374 -0.3122482   0.492112   -0.15975596  0.14634061
 -0.69626223  0.48456562 -0.46178611  0.032439   -0.16920055 -0.11866736
 -0.026665    0.43653041 -0.3312868  -0.19892958 -0.08083255 -0.50713459
 -0.55215379 -0.47619622 -0.00186135 -0.19518065  0.04248013 -0.33536701
  0.00703773 -0.26901726  0.5040713   0.16801296  0.6225487   0.14993654
 -0.02135046 -0.26200587  0.23807051 -0.13813806 -0.22197844 -0.24415091
 -1.82899305]",55,56,"(np.int32(0), np.int32(0), np.int32(1), np.int32(0), np.int32(0), np.int32(0), np.int32(1), np.int32(1), np.int32(0), np.int32(1))",3.165125330792561e+26
265,10,2,1,1.255008780274299,"[ 0.51719205  0.4098532   1.16738747  2.29318181  0.01085632 -0.49637557
  0.19418919  0.59946906  1.98189587  1.25359016  0.19599569  0.09156782
 -0.24310318 -0.34224561  0.07378466 -0.33168959 -0.55999816  0.19712961
 -0.32022865  0.01122891 -0.24276307  0.6344594  -0.14083917  0.20301155
 -0.76529404  0.2920787  -0.66801453 -0.87740436 -0.45679696 -0.33851211
 -0.1892227   0.37811507 -0.53687017 -0.25323649 -0.43304298 -0.44663133
 -0.76657305 -0.42614057 -0.21145727 -0.52420393  0.19095647 -0.18707327
  0.25363093 -0.32933503  0.67941076  0.30374294  0.83137312  0.11210566
  0.07467232 -0.2220323   0.31939864  0.33840609 -0.55540372  0.15512687
 -1.77224172]",55,57,"(np.int32(0), np.int32(0), np.int32(1), np.int32(0), np.int32(0), np.int32(0), np.int32(1), np.int32(1), np.int32(0), np.int32(1))",3.165125330792561e+26
285,10,2,1,1.3127044945597868,"[-0.40015218  0.45858919  0.91800966  1.91424724  0.11045331 -0.59835601
  0.08373944  1.27124437  1.58844593  1.75267122  0.41624258 -0.03320301
 -0.35064259  0.15479828 -0.11340361  0.41753369 -0.63894608  0.48547647
  0.28583201 -0.01334984 -0.26137905  0.51173479 -0.21258737  0.18092175
 -0.89290115  0.34941761 -0.61411896  0.20692816 -0.65027989 -0.18973241
 -0.40299438  0.28388319 -0.41670204 -0.48682449 -0.64653953 -0.46201249
 -0.87153483 -0.14190601 -0.30202159 -0.64767654  0.03030056 -0.12817544
  0.22491821 -0.26771689  0.51651128  0.28359856  1.00282777  0.34837905
  0.10910872 -0.48317968  0.33513839  0.41789331 -0.51341696 -1.12602982
 -1.87498854]",55,57,"(np.int32(0), np.int32(0), np.int32(1), np.int32(0), np.int32(0), np.int32(0), np.int32(1), np.int32(1), np.int32(0), np.int32(1))",3.165125330792561e+26
305,10,2,1,1.2054957283766594,"[-0.20046008  0.61841924  0.8926382   1.49926415 -0.49877171 -0.39563946
 -0.16683009  0.23145418  1.7084758   1.20674367  0.43633713  0.20602412
 -0.13280577  0.16123132 -0.06047449 -0.08392509 -0.45826597  0.22315686
 -0.07344877 -0.42751558 -0.35460417  0.38931358 -0.0612365   0.19206165
 -0.83621848  0.20889493 -0.55660886  0.09831474 -0.40470791 -0.39099241
 -0.31820495  0.13088512 -0.33097636 -0.30088186 -0.50289323 -0.35740048
 -0.58099421 -0.26045693  0.07299626 -0.55466688  0.15133608  0.31759089
  0.2796669   0.01276907  0.50481504  0.35984328  0.73413391  0.32015957
 -0.12349956 -0.02505751  0.08502516  0.2646783  -0.32584278  0.35372281
 -1.9416949 ]",55,57,"(np.int32(0), np.int32(0), np.int32(1), np.int32(0), np.int32(0), np.int32(0), np.int32(1), np.int32(1), np.int32(0), np.int32(1))",3.165125330792561e+26
325,10,2,1,1.2077769603108073,"[-0.54051771  0.40062532  0.94410794  1.41383563 -0.25096393 -0.45063465
  0.01876421  0.92325049  1.82169776  1.81733892  0.37792598  0.18115928
 -0.14533796  0.32742387 -0.24969378  0.20622911 -0.45794432  0.40574974
  0.31769582 -0.15015353 -0.36221361  0.32282191 -0.186748    0.24685364
 -0.78611782  0.29697078 -0.40158954  0.16275338 -0.51053415 -0.24619594
 -0.28764919  0.08512511 -0.45602271 -0.54855498 -0.59126564 -0.38879789
 -0.54250649 -0.1032886  -0.09848149 -0.59577296  0.16782133  0.11841286
  0.20710095 -0.03972487  0.46401046  0.25182378  0.97383677  0.15724263
  0.0338253  -0.21429329 -0.04385206  0.21018651 -0.39164235 -1.07495667
 -1.86322035]",55,58,"(np.int32(0), np.int32(0), np.int32(1), np.int32(0), np.int32(0), np.int32(0), np.int32(1), np.int32(1), np.int32(0), np.int32(1))",3.165125330792561e+26
345,10,2,1,1.1856026703414315,"[-2.59383451e-01  2.43890915e-01  5.98803154e-01  1.15406805e+00
 -2.82908609e-01 -3.59294101e-01  1.40992609e-01  2.21535561e-01
  1.73680488e+00  1.23261269e+00  1.38092600e-01  1.91686244e-01
 -1.20852055e-01  2.20286974e-01 -1.72414926e-01 -1.40040282e-01
 -3.40671995e-01  5.45124972e-01  1.42811717e-01  9.03701656e-05
 -1.16408957e-01  3.30514110e-01 -1.01623398e-02  1.71363164e-01
 -7.19541001e-01  2.95010822e-01 -4.31759390e-01  4.35095184e-02
 -3.45499257e-01 -2.46425923e-01 -1.51539249e-01  1.71059907e-01
 -3.97809096e-01 -5.24561230e-01 -4.61301862e-01 -2.35103620e-01
 -4.58546081e-01 -1.54508168e-01 -7.89937551e-02 -5.21204403e-01
  1.21234872e-01 -6.94018412e-02  2.24513728e-01 -8.33263901e-03
  4.54638847e-01  1.91954782e-01  7.70170921e-01  6.39715457e-02
 -1.07755473e-01 -2.60896668e-02  4.38694895e-02  1.85662127e-01
 -4.02021146e-01  1.81501147e-01 -1.86125853e+00]",55,55,"(np.int32(0), np.int32(0), np.int32(1), np.int32(0), np.int32(0), np.int32(0), np.int32(1), np.int32(1), np.int32(0), np.int32(1))",3.165125330792561e+26
365,10,2,1,1.2202101232337006,"[-0.66595021 -0.11140133  0.70907669  1.00080975 -0.03923205 -0.38763085
 -0.06269044  0.96119661  1.70889     2.28530711  0.10293883  0.42606617
  0.20693875  0.21288584 -0.21828547  0.09815496 -0.20660564  0.50833088
  0.1788029   0.08554395  0.08342629  0.34174814 -0.00858528  0.20227325
 -0.60303791  0.44578706 -0.33045115 -0.0345236  -0.28359804 -0.16185059
 -0.17734866 -0.32670855 -0.36044943 -0.52730853 -0.42093923 -0.41487516
 -0.39704632 -0.37945323  0.04329525 -0.56288325  0.09053262  0.1626603
  0.40009752 -0.11623333 -0.41769588  0.05483996  0.79352518  0.13659739
  0.12562498 -0.05845678  0.05756449  0.11502552 -0.47656419 -0.96135622
 -2.07143315]",55,59,"(np.int32(0), np.int32(0), np.int32(1), np.int32(0), np.int32(0), np.int32(0), np.int32(1), np.int32(1), np.int32(0), np.int32(1))",3.165125330792561e+26
385,10,2,1,1.1857969691676864,"[-0.49529565 -0.17397764  0.48293825  0.85514864 -0.41289004 -0.45403115
 -0.13488353  0.143995    1.66196365  1.20509743  0.04873296  0.41455103
  0.02492775  0.19890415 -0.03873547 -0.07664609 -0.15082939  0.42918082
  0.06497035  0.16015396  0.10667502  0.29852561  0.10240984  0.28510096
 -0.5266608   0.24811894 -0.3314812   0.0701918  -0.27653483 -0.23327181
 -0.23971628 -0.09337756 -0.25328921 -0.48384281 -0.39550342 -0.28954315
 -0.33986306 -0.35685976  0.15125308 -0.42897822  0.18119099 -0.0168807
  0.34585849 -0.01471676  0.36278042  0.22700887  0.63314561  0.08195955
 -0.06659507  0.12620462  0.10096911  0.20204468 -0.39300314  0.26508437
 -1.88676504]",55,55,"(np.int32(0), np.int32(0), np.int32(1), np.int32(0), np.int32(0), np.int32(0), np.int32(1), np.int32(1), np.int32(0), np.int32(1))",3.165125330792561e+26
405,10,2,1,1.1803668155896352,"[-0.39151749 -0.36190938  0.19777259  0.66276738 -0.32006922 -0.57096015
 -0.14552     0.2426086   1.49348081  1.18204704  0.1760037   0.3415174
  0.15129657  0.07178548 -0.0879391  -0.10726904 -0.17285833  0.31437842
  0.04597223  0.21822806  0.18175718  0.38130818  0.12929753  0.24591766
 -0.58062917  0.35250268 -0.41275977  0.12360625 -0.1038623  -0.06969839
 -0.16749406 -0.07335773 -0.25069548 -0.52801397 -0.34903367 -0.23683766
 -0.34228046 -0.43166766  0.24573969 -0.48518767  0.1631464  -0.09775653
  0.26656095 -0.06285783  0.29278784  0.25630495  0.56043539  0.17106453
 -0.00217018  0.07595803  0.11686455  0.34168487 -0.26700212  0.30325069
 -1.86341974]",55,55,"(np.int32(0), np.int32(0), np.int32(1), np.int32(0), np.int32(0), np.int32(0), np.int32(1), np.int32(1), np.int32(0), np.int32(1))",3.165125330792561e+26
5,10,2,2,1.785,"[ 0.  -1.5  0.   0.   0.   0.   0.5  0.5  0.   0.   0.   0.   0.   0.
  0.   0.5  0.   0.   0.   0.   0.   0.   0.   0.   0.   0.   0.   0.
  0.   0.   0.   0.   0.   0.   0.   0.   0.   0.   0.   0.   0.   0.
  0.   0.   0.   0.   0.   0.   0.   0.   0.   0.   0.   0.   0. ]",4,4,"(np.int32(0), np.int32(0), np.int32(1), np.int32(0), np.int32(0), np.int32(0), np.int32(1), np.int32(1), np.int32(0), np.int32(1))",3.165125330792561e+26
25,10,2,2,9.580781067285149e+24,"[-2.40956733e+17  3.10741948e+25 -2.37693838e+21  6.26517498e+24
  8.84630596e+24 -1.25481515e+18 -1.62347619e+21  7.30880077e+24
 -3.61840645e+21  4.24373396e+23  8.01968173e+23  4.20579341e+22
 -6.76629770e+19  5.11216368e+23  4.48291149e+24 -2.33023707e+20
 -1.39655084e+18 -1.37759096e+24  6.32921999e+19  1.19289966e+20
 -1.85062274e+17  2.02938389e+16  1.51978200e+24 -2.71452819e+25
 -3.14713864e+24 -1.83617484e+19 -2.51540271e+25 -9.20555232e+22
  1.95918634e+22 -2.15375394e+17 -3.16288634e+24  5.07614969e+18
 -1.67604360e+19 -1.73172391e+22  4.47516268e+22  1.19025649e+19
 -1.06822015e+22 -4.45131298e+16 -1.74687222e+24  1.14557910e+24
 -1.46421667e+25  1.27542859e+18 -1.94539111e+18 -9.85716029e+23
  8.15346866e+24  1.07421363e+24  4.46177169e+24  6.80451389e+24
 -9.16235397e+23 -7.89459713e+20  7.28857884e+24  1.05957424e+25
 -8.62264289e+24 -3.42524034e+16  2.30726766e+22]",55,66,"(np.int32(0), np.int32(0), np.int32(1), np.int32(0), np.int32(0), np.int32(0), np.int32(1), np.int32(1), np.int32(0), np.int32(1))",3.165125330792561e+26
45,10,2,2,5.905248676381997e+19,"[-3.50289175e+17  2.90330489e+17 -2.70122466e+19 -5.77200794e+19
 -6.98035588e+19 -1.21819564e+19 -1.61476838e+20  2.17804826e+18
 -2.94459412e+19 -3.22762512e+18  2.42210849e+18  2.76386166e+19
  1.88745565e+19  1.05222560e+19 -1.31877369e+19  2.19111971e+19
 -4.46687190e+19 -1.37284978e+19  9.73174920e+18 -5.57023267e+19
 -6.43508697e+18 -2.21477848e+19 -2.42902341e+19  5.64992195e+17
  6.71984544e+19  2.52030358e+19 -3.24949442e+19  5.83653770e+19
 -1.21591581e+17  2.73713376e+19 -2.64710013e+19  4.78903036e+18
  2.67279061e+17  5.51975483e+19 -1.68188370e+17 -2.21593513e+19
  4.57724863e+19 -2.51210792e+19 -1.97514284e+18 -1.29165788e+19
 -1.78952312e+18  1.31685949e+20 -1.45938984e+19 -2.70527793e+19
 -6.65247189e+18  1.06472693e+18 -2.64947955e+19  4.95081816e+19
  2.40781130e+19  4.14370422e+19  4.43829390e+19  1.77787280e+19
  3.73964461e+17 -1.49029156e+19  1.82969283e+19]",55,72,"(np.int32(0), np.int32(0), np.int32(1), np.int32(0), np.int32(0), np.int32(0), np.int32(1), np.int32(1), np.int32(0), np.int32(1))",3.165125330792561e+26
65,10,2,2,133.06831516629782,"[  38.6070249  -169.4875098   -10.71823601   10.13504186   87.00775588
  230.61714261  195.85192264  -79.93943229    1.74668753  143.79606627
   51.67623305  -56.8030004    37.7523047  -107.33131443   17.27296801
 -148.38646957  215.5946841   -14.93183712   -3.45261263   83.95546858
  -52.53055482  124.78477168 -107.44401012  206.24345216 -127.3746329
   53.44049768   63.17904901  -82.41805581   -9.05936704   23.82973126
   42.71555839  -30.78237087  -79.35405345   11.68490242  105.56236866
 -103.02686976  -76.94266221  116.9798529    74.00747707  -50.12594945
 -126.7024485  -212.99215394   75.59929981  126.45193731 -105.38109716
   37.51157312  -10.5465874   -82.5101129   -81.46307753  -55.8892209
  -75.59146633  -51.06764068   23.06525943  -33.06963822  -35.70173783]",55,68,"(np.int32(0), np.int32(0), np.int32(1), np.int32(0), np.int32(0), np.int32(0), np.int32(1), np.int32(1), np.int32(0), np.int32(1))",3.165125330792561e+26
85,10,2,2,13.235343022748921,"[  4.42154695  24.85078097  -6.51949132  22.80237592 -20.59533695
 -16.13776832 -34.14022702   0.41760435 -20.21832587 -37.23674045
  -2.44817523   7.70026209 -11.6275153   15.72268825  -1.91697048
  -6.69654013  -9.92850647   0.79944293  -2.2407483   -9.55921207
   2.03608793 -10.32609695  -0.26683138  -7.69377917  -7.74868483
  -0.29616681  -8.80786911   6.67773025   1.9683244    1.77216589
  -4.56567221   4.23346759   5.31788758   2.96752659 -12.58183999
   4.43188121  -4.8303693   -6.63962333 -16.05061198  -7.51935729
   4.26516253  18.77087122  -0.75049952   2.86357739  14.84251615
   7.90897098  -6.18649934  11.46289946   9.1758004   11.95177171
  20.1289418   27.27793424   0.34556201   6.87759303  19.85008361]",55,67,"(np.int32(0), np.int32(0), np.int32(1), np.int32(0), np.int32(0), np.int32(0), np.int32(1), np.int32(1), np.int32(0), np.int32(1))",3.165125330792561e+26
105,10,2,2,1.799251107268549,"[-0.60470555  0.4404765   2.42867219  3.04171552  1.18623341 -1.04886983
  0.2420398   0.6036915   1.53544935  0.81860774  1.31922666 -1.208782
 -0.86059285  1.81479912  0.23936388 -0.26206652 -1.41259169  1.21100735
  0.43765467 -0.0673216  -1.35012391  0.31538635 -1.01090041  1.17364382
 -1.00365916  0.88451076 -1.45154574  0.90323707 -0.69919308  0.74494127
 -0.99340475 -0.61670813 -1.50812336 -0.82131112 -1.05954896  0.37608064
 -1.43595853  0.45046111 -1.57775295 -2.05602465 -0.65884079 -0.79255953
 -0.80970221  0.1647539   0.69687625  0.56761987  0.92260122  1.04707368
 -0.00509001  0.83952465 -0.32297723  2.09174011  0.18726257 -0.6595117
 -1.08013482]",55,58,"(np.int32(0), np.int32(0), np.int32(1), np.int32(0), np.int32(0), np.int32(0), np.int32(1), np.int32(1), np.int32(0), np.int32(1))",3.165125330792561e+26
125,10,2,2,1.881370144794752,"[-1.21837228  1.33440234  2.16979314  3.72798781  3.3727213   5.67865319
  2.52431912  0.05135297  3.54821584  3.20573096  1.48070169 -0.69964174
 -0.9950403   1.90845429 -0.70424127 -0.20402181 -0.84270483  1.21477432
  1.40624663  0.12216496 -0.18874646 -0.13938612 -1.94108501  0.78539562
 -1.4011276   0.52276612 -1.61520333  0.54320434 -0.69754034 -0.79160985
 -1.2244018   0.59897551 -1.49139769 -0.18410289 -2.18394745 -1.24913816
 -1.64858981  1.51942113 -1.418207   -1.77960552 -2.2999989  -0.99502229
 -0.83187972  0.06048411 -1.10674472 -0.50332663 -0.12906766 -0.57519504
 -2.08189588  0.7185997  -1.35697061  1.13360932 -0.1148476  -0.6416982
 -1.69781783]",55,58,"(np.int32(0), np.int32(0), np.int32(1), np.int32(0), np.int32(0), np.int32(0), np.int32(1), np.int32(1), np.int32(0), np.int32(1))",3.165125330792561e+26
145,10,2,2,1.610428717351838,"[-0.51981956  0.15748242  1.02064708  2.04589451  1.63662403  4.96756184
  1.88897988 -0.86372211  2.83777022  1.99646655  1.30626456 -0.33651883
 -0.68858401  1.22527983 -1.1136824  -0.24983851 -0.57526821  0.74807724
  0.79378266  0.62027338 -0.38785169  0.12426477 -1.61508632  0.5042111
 -0.52418053  0.46899476 -1.06100151  0.65091224 -0.27330467 -0.74432213
 -1.13488654  0.67173174 -1.39687261 -0.03207683 -1.32794856 -0.79569222
 -0.70774537  0.81233143 -0.67248729 -0.90235022 -1.72484565 -0.85528072
 -0.41629872  0.43916301 -0.56370426 -0.7637807   0.22013851 -0.39130314
 -2.10060216  0.78107941 -1.07479735  0.66942501 -0.01963571  0.1602239
 -1.73930429]",55,57,"(np.int32(0), np.int32(0), np.int32(1), np.int32(0), np.int32(0), np.int32(0), np.int32(1), np.int32(1), np.int32(0), np.int32(1))",3.165125330792561e+26
165,10,2,2,1.3840332407798712,"[-0.4293263  -0.16034828  1.40759203  0.99020812  0.74881193 -0.8238496
  1.24634968 -0.5440526   2.02628675  0.88826577  0.90637576 -0.71479196
 -0.24060691  0.76632778  0.04110644 -0.09984905 -0.73834512  0.6387375
  0.82675811  0.47331349 -0.67314762  0.3811584  -0.61372434  0.77636243
 -0.48174883  0.23017093 -0.72743073  0.77681936 -0.61995695  0.33150976
 -1.27947068  0.46751509 -1.09640431 -0.53275499 -1.08534708 -0.22236304
 -0.65509545  0.86235704 -0.29823155 -0.3665455   0.17213512 -0.36981417
 -0.52838395  0.37578663 -0.07887209  0.36622608  0.9299865   0.64415392
 -0.51584444 -0.01658073 -0.75703205  0.77465112 -0.03120376  0.25467174
 -1.78910868]",55,55,"(np.int32(0), np.int32(0), np.int32(1), np.int32(0), np.int32(0), np.int32(0), np.int32(1), np.int32(1), np.int32(0), np.int32(1))",3.165125330792561e+26
185,10,2,2,1.2867611469715106,"[-0.43375541 -0.19961625  1.00456164  1.07590364  0.28422142 -0.41976867
  0.93678516 -0.89557822  2.00566567  0.88287105  0.94964222 -0.75694181
 -0.20324881  0.86511251  0.12823062 -0.13092745 -0.5949951   0.29289294
  0.54160011  0.3690293  -0.58039216  0.32299788 -0.40869407  0.56908157
 -0.49504766  0.44974156 -0.48830848  0.62795959 -0.59361054  0.12789091
 -1.1124519   0.81238668 -0.90985662 -0.19750219 -0.71159817 -0.17606241
 -0.66302604  0.59867727 -0.44587113 -0.55371632 -0.11175941 -0.21815948
 -0.42524411  0.49572414 -0.05883634  0.43567942  0.69574687  0.45824911
 -0.71069567  0.24963628 -0.74034164  0.67229115  0.04196039  0.39061918
 -1.59482611]",55,55,"(np.int32(0), np.int32(0), np.int32(1), np.int32(0), np.int32(0), np.int32(0), np.int32(1), np.int32(1), np.int32(0), np.int32(1))",3.165125330792561e+26
205,10,2,2,1.3235035602064256,"[-1.31523563 -0.36695782  0.95437279  1.4199366   0.07425758 -0.09266965
 -1.39345043 -0.56302951  2.0563744   1.36490113  0.76672455 -0.29995635
 -0.07829531  1.04365601 -0.05254672  0.48989167 -0.75536707  0.61004197
  0.57945935  0.42623685 -0.3733759   0.32219467 -0.66849128  0.82080256
 -0.37109484  0.5298541  -0.55921166  0.47973486 -0.65945307 -0.19756289
 -0.62403718  0.53770668 -0.8847988  -0.45200708 -0.87410519 -0.25000829
 -0.02153809  0.16659496 -0.57301091 -0.88636115  0.12795667  0.24004764
 -0.39034964  0.22322175 -0.14158132  0.77417294  0.89348201  0.17866875
 -0.85933498  0.57403934 -0.25783636  1.05895977 -0.24553417  0.28207604
 -1.86823968]",55,56,"(np.int32(0), np.int32(0), np.int32(1), np.int32(0), np.int32(0), np.int32(0), np.int32(1), np.int32(1), np.int32(0), np.int32(1))",3.165125330792561e+26
225,10,2,2,1.2746011385699905,"[-1.64976307 -1.61443031 -0.17007782  0.39088015 -0.5586718  -1.05341859
 -3.35272152 -0.38109683  1.93270063  0.5973932   0.96788241  0.07250981
  0.37202005  0.30342808 -0.02632008  0.33491148 -0.33372425  0.6805625
  0.53036805  0.36729828 -0.24776206  0.85304966 -0.13020488  1.31668445
  0.09695411  0.29039503 -0.52642537  0.48751609 -0.07946033 -0.39046976
  0.32366938  0.10400883 -0.39016131 -0.38727945 -0.14116243 -0.0385692
  0.83546354 -0.06091567 -1.20295005 -0.60125588  0.5216036   0.33519972
 -0.61839023  0.03716996  0.24197051  1.11849229  0.58565821  0.2340447
 -0.24952899  0.66846038  0.49966619  1.1768486  -0.21764966  0.22386172
 -1.85953694]",55,57,"(np.int32(0), np.int32(0), np.int32(1), np.int32(0), np.int32(0), np.int32(0), np.int32(1), np.int32(1), np.int32(0), np.int32(1))",3.165125330792561e+26
245,10,2,2,1.1669362351246806,"[-0.68923182 -1.20666342  0.05947757  0.25073317 -0.1122526  -0.43700999
  0.54745333 -0.53689972  2.01006486  1.09942316  0.75115055  0.04555679
  0.14893213  0.5478938  -0.21061443 -0.18884677 -0.24630493  0.1597737
  0.31043976  0.58837243 -0.08822341  0.44248177  0.01215075  0.52189341
 -0.07005505  0.52086532 -0.47141858  0.41850368  0.05793467 -0.21103175
 -0.61915775  0.18845103 -0.38147457 -0.33564312 -0.51909432  0.02585622
 -0.1027154   0.16086757  0.00214474 -0.49679331  0.16698274 -0.29860349
 -0.18405539  0.03488313  0.15297229  0.27557432  0.50345875  0.43950257
 -0.37367101  0.2003644  -0.50162739  0.33930757 -0.18387848  0.37056296
 -1.80154029]",55,55,"(np.int32(0), np.int32(0), np.int32(1), np.int32(0), np.int32(0), np.int32(0), np.int32(1), np.int32(1), np.int32(0), np.int32(1))",3.165125330792561e+26
265,10,2,2,1.1616420735191992,"[-1.22006615 -1.20105866 -0.15306614  0.46098134 -0.56264201 -0.37705596
  0.65548828 -0.44847272  2.08320645  1.21757651  0.7370207   0.37856332
  0.41103426  0.3929501  -0.17331102 -0.14710306 -0.09570861  0.33237368
  0.34084198  0.67012918  0.11483845  0.4532769   0.13580233  0.32983209
 -0.12842386  0.30615377 -0.48894829  0.36788421  0.16469157 -0.24585981
 -0.44425637  0.09181686 -0.30756541 -0.51710309 -0.53042607  0.02571007
 -0.79741654 -0.01621429  0.01765831 -0.51994142  0.25263993 -0.14192339
  0.1419302   0.14289157  0.38223632  0.22759406  0.34476564  0.27596689
 -0.27710685  0.22518387 -0.43751841  0.35959322 -0.30017407  0.2225519
 -2.03427933]",55,57,"(np.int32(0), np.int32(0), np.int32(1), np.int32(0), np.int32(0), np.int32(0), np.int32(1), np.int32(1), np.int32(0), np.int32(1))",3.165125330792561e+26
285,10,2,2,1.1820357643429413,"[-0.98506692 -0.60688699  0.13142696  0.51364375  0.23862858  0.19088725
  0.12175833  0.02170126  2.14076486  1.63629003  0.33317178  0.38907336
  0.36255749  0.37357692 -0.16925663 -0.02311532 -0.11530958  0.39095478
  0.11519376  0.58516601  0.12023721  0.31120056 -0.18825797  0.24050024
 -0.3656169   0.48064345 -0.47227613  0.15701146 -0.09077161 -0.37684376
 -0.26413506  0.0401164  -0.27391272 -0.57777686 -0.53619946 -0.28002021
 -0.2107261  -0.18396925  0.17581446 -0.59059279  0.2982831  -0.24766831
  0.00783654 -0.61022231  0.2410922   0.21713728  0.39509429  0.10788283
 -0.49537468  0.25843009 -0.31333554  0.39210182 -0.31807733 -0.02618393
 -1.87598596]",55,57,"(np.int32(0), np.int32(0), np.int32(1), np.int32(0), np.int32(0), np.int32(0), np.int32(1), np.int32(1), np.int32(0), np.int32(1))",3.165125330792561e+26
305,10,2,2,1.202745575149599,"[-0.47371249 -0.41761023  0.31108929  0.83057864 -0.08709288  1.84802307
  0.01720737  0.19101308  2.24172773  1.97701911  0.30934891  0.21099595
  0.26342445  0.10502163 -0.72860771  0.01834956  0.00958877  0.38401966
  0.09227375  0.52708403  0.08044916  0.47746685 -0.36164136  0.36314311
 -0.37787893  0.18670242 -0.6221384   0.04951101  0.05624646 -0.64285357
 -0.2272929   0.05465736 -0.39001324 -0.50593676 -0.20340874 -0.60838863
 -0.03890881 -0.28544985 -0.02825459 -0.72475998 -0.30852392 -0.15141689
 -0.00609393 -0.07308818  0.18149249 -0.20893442  0.21718314 -0.35614594
 -0.56355039  0.20681272 -0.01519058  0.31884892 -0.29635747 -0.20237917
 -1.87507656]",55,56,"(np.int32(0), np.int32(0), np.int32(1), np.int32(0), np.int32(0), np.int32(0), np.int32(1), np.int32(1), np.int32(0), np.int32(1))",3.165125330792561e+26
325,10,2,2,1.1559919807660592,"[-0.62352669 -0.56371587  0.21004568  0.74644195 -0.3354058  -0.35824123
 -0.19156918  0.10706182  1.92693848  1.64962415  0.22675614  0.23716152
  0.19215617  0.22181452 -0.34809719  0.18686736 -0.15305923  0.47733504
  0.13603698  0.33659135 -0.04524478  0.48915328  0.19837136  0.33192275
 -0.3837      0.27365911 -0.47189527  0.07907596 -0.01638409 -0.09084347
 -0.29465723 -0.08324043 -0.26088108 -0.53018709 -0.35603199 -0.18177718
 -0.1961907  -0.23140972  0.06143326 -0.59919818  0.14457883 -0.11766271
  0.11099317 -0.13959119  0.20252189  0.19269979  0.63169093  0.12487085
 -0.33116315  0.24764352 -0.18024899  0.28394199 -0.36492359 -0.11670971
 -1.83816191]",55,55,"(np.int32(0), np.int32(0), np.int32(1), np.int32(0), np.int32(0), np.int32(0), np.int32(1), np.int32(1), np.int32(0), np.int32(1))",3.165125330792561e+26
345,10,2,2,1.194846547223279,"[-0.22704722 -0.34167031  0.2690364   0.83201845  0.08124241  0.51368449
  0.08847208  0.16965562  1.82416866  1.36457233  0.19954642  0.21521444
  0.16631217 -0.09683792 -0.44939414  0.01903193 -0.08679215  0.31498264
  0.13593378  0.30087875 -0.0807981   0.52089365  0.03383764  0.29947985
 -0.57570509  0.32912938 -0.38570228 -0.01445281 -0.06062209 -0.23887802
 -0.17916058 -0.00751146 -0.29442876 -0.51701515 -0.30608183 -0.30800732
 -0.22978411 -0.32624097  0.13521022 -0.37965987 -0.09022694 -0.40097065
  0.14426562 -0.11575573  0.14568319 -0.05079201  0.39690473 -0.03184891
 -0.44007543  0.20848768 -0.05264684  0.38673959 -0.15472587  0.11860737
 -1.91641304]",55,56,"(np.int32(0), np.int32(0), np.int32(1), np.int32(0), np.int32(0), np.int32(0), np.int32(1), np.int32(1), np.int32(0), np.int32(1))",3.165125330792561e+26
365,10,2,2,1.1658578785165923,"[-3.78471374e-01 -3.68466573e-01  1.02243990e-01  7.19884388e-01
 -6.73477116e-02 -3.12804266e-01  2.57052784e-03  2.53601490e-01
  1.75060007e+00  1.17429330e+00  2.07373993e-01  3.51402284e-01
  1.67010941e-01 -9.51361338e-03 -2.57809059e-01 -5.80114546e-03
 -2.01220777e-01  2.65973762e-01  1.66835702e-01  2.50112323e-01
 -5.70479920e-02  4.36933374e-01  1.53382073e-01  2.50836112e-01
 -5.29601372e-01  3.08724429e-01 -2.73266177e-01  6.43700465e-02
 -9.03521793e-02 -2.46380668e-02 -1.11652220e-01  7.65801250e-04
 -2.35418220e-01 -5.71041957e-01 -2.83094423e-01 -2.28643425e-01
 -2.91918337e-01 -3.43854631e-01  8.15845527e-02 -2.74832557e-01
  1.19536641e-01 -3.15830167e-01  1.02643694e-01 -7.65651114e-02
  1.19909171e-01  9.62633491e-02  4.74844896e-01  1.74059023e-01
 -2.62500725e-01  1.06046726e-01 -6.59439202e-02  3.98536144e-01
 -2.30226409e-01  2.02195600e-01 -1.88313835e+00]",55,55,"(np.int32(0), np.int32(0), np.int32(1), np.int32(0), np.int32(0), np.int32(0), np.int32(1), np.int32(1), np.int32(0), np.int32(1))",3.165125330792561e+26
385,10,2,2,1.1578569163782517,"[-0.48912716 -0.48003954  0.11705253  0.57746885 -0.22899034 -0.42947329
 -0.19929537  0.16904876  1.6359391   1.19200433  0.21375066  0.40069357
  0.1876596   0.0507261  -0.12886263 -0.06009515 -0.1909912   0.32453376
  0.06322297  0.20275914  0.03415367  0.46507724  0.180945    0.35430104
 -0.47381551  0.34253308 -0.30789581  0.04231469 -0.0807957  -0.08411356
 -0.10670699  0.00401773 -0.28528782 -0.43633399 -0.22780558 -0.23245529
 -0.23251753 -0.32266798  0.19007572 -0.37124778  0.1244329  -0.25840053
  0.17397802 -0.04498225  0.1364858   0.21995465  0.46803636  0.17523672
 -0.18458787  0.07455097  0.01996083  0.33413716 -0.24773922  0.22716135
 -1.87450635]",55,55,"(np.int32(0), np.int32(0), np.int32(1), np.int32(0), np.int32(0), np.int32(0), np.int32(1), np.int32(1), np.int32(0), np.int32(1))",3.165125330792561e+26
405,10,2,2,1.1803668155896356,"[-0.39151749 -0.36190938  0.19777259  0.66276738 -0.32006922 -0.57096015
 -0.14552     0.2426086   1.49348081  1.18204704  0.1760037   0.3415174
  0.15129657  0.07178548 -0.0879391  -0.10726904 -0.17285833  0.31437842
  0.04597223  0.21822806  0.18175718  0.38130818  0.12929753  0.24591766
 -0.58062917  0.35250268 -0.41275977  0.12360625 -0.1038623  -0.06969839
 -0.16749406 -0.07335773 -0.25069548 -0.52801397 -0.34903367 -0.23683766
 -0.34228046 -0.43166766  0.24573969 -0.48518767  0.1631464  -0.09775653
  0.26656095 -0.06285783  0.29278784  0.25630495  0.56043539  0.17106453
 -0.00217018  0.07595803  0.11686455  0.34168487 -0.26700212  0.30325069
 -1.86341974]",55,55,"(np.int32(0), np.int32(0), np.int32(1), np.int32(0), np.int32(0), np.int32(0), np.int32(1), np.int32(1), np.int32(0), np.int32(1))",3.165125330792561e+26
5,10,2,3,1.8,"[ 0.   0.   0.   0.   0.  -2.   0.   0.   0.   0.   0.   0.   0.   0.
  0.   0.   0.   0.   0.   0.   0.   0.   1.8  0.  -2.   0.   0.   0.
  0.   0.   0.   0.   0.   0.   0.   0.   0.   0.  -0.6  0.   0.   0.
  0.   0.   0.   0.   0.   0.   0.   0.   0.   0.   0.   0.   0. ]",4,5,"(np.int32(0), np.int32(0), np.int32(1), np.int32(0), np.int32(0), np.int32(0), np.int32(1), np.int32(1), np.int32(0), np.int32(1))",3.165125330792561e+26
25,10,2,3,2.4337543311302497e+24,"[-1.45384473e+20 -6.50701848e+20  2.63868953e+24  6.14604520e+20
  2.65019754e+24  1.77888978e+16 -5.20543937e+21 -1.39981017e+24
  2.26078048e+24  6.41547086e+24  6.83948014e+23  1.69615760e+21
 -4.07319296e+24  1.58839837e+22  2.76943261e+24 -3.50354716e+23
 -1.07934793e+19 -2.00892932e+17  2.64744502e+16  1.62167069e+22
 -1.24266740e+16 -2.68100497e+18  2.88055026e+24  9.23028866e+14
  7.38282814e+23 -2.16116758e+22 -2.80074380e+24  3.69944055e+24
  1.63728355e+21 -1.32251515e+18 -2.38996612e+22 -1.58995433e+15
 -2.63264385e+24 -6.31815985e+24 -2.02004832e+18  2.24032771e+20
 -3.26376209e+23  3.73139855e+23 -2.44238202e+16  4.02471947e+15
  3.48579685e+15 -5.77945962e+22  2.28806865e+23 -2.92048152e+24
 -6.70117368e+23 -6.90941435e+16  4.17868821e+17  1.06731230e+24
 -4.87088782e+24  1.10762221e+19  3.55549078e+23 -6.76991590e+19
 -1.90401732e+18  9.24590112e+23 -5.90392024e+19]",55,62,"(np.int32(0), np.int32(0), np.int32(1), np.int32(0), np.int32(0), np.int32(0), np.int32(1), np.int32(1), np.int32(0), np.int32(1))",3.165125330792561e+26
45,10,2,3,2748613117071485.5,"[-4.18914893e+14 -3.28498357e+15  6.93728491e+13  3.58533707e+15
 -2.35214636e+12  8.80170282e+11  1.52241879e+13  3.05895212e+14
  7.41364050e+14 -5.67397778e+15  1.30640528e+15  1.10146821e+15
 -1.63381706e+15  1.03453947e+15 -1.61614213e+15 -1.49114553e+13
 -3.03156560e+15  1.64188460e+15  3.91061363e+15  3.00548337e+14
  1.89933123e+15 -2.74685565e+15  3.74812115e+15  7.26307935e+14
  3.54624994e+14  2.17092938e+15 -9.97094422e+14 -1.46051455e+15
 -1.10317934e+15  4.99360720e+12 -1.08748464e+13 -1.48927094e+15
  7.44133005e+14  4.91550163e+15 -1.63140710e+14 -2.84485319e+15
 -1.43861467e+15 -2.22719598e+15  0.00000000e+00  5.95757331e+14
 -1.83353330e+15  2.15111038e+15  3.91640042e+14  1.69995617e+15
 -4.92680852e+14 -1.09922909e+12 -1.00327280e+14  2.31969336e+14
  2.76600604e+15  2.71601955e+12 -7.29336687e+14  2.16470124e+15
  9.55724596e+14  2.61384308e+15 -2.93460552e+15]",54,72,"(np.int32(0), np.int32(0), np.int32(1), np.int32(0), np.int32(0), np.int32(0), np.int32(1), np.int32(1), np.int32(0), np.int32(1))",3.165125330792561e+26
65,10,2,3,105.47999015905803,"[  12.70059399  -71.70425618 -225.17134202   75.15718628    5.96345031
 -146.23385673  109.91615792  369.84709041  -96.36761631 -199.24171814
  -10.63885358   21.99442809   -1.18349712  -20.57024604   37.19905027
  -42.46431648 -115.30854193   46.83384821   33.46283818  101.0811216
  -34.88382523    9.10632508   81.61486951  -65.86428262 -144.0618124
   39.23612357   85.25845331   68.25591417  -52.37371972  -19.05260968
   24.54368053  -22.87735522  138.84900201  111.09443834   20.36392759
  -30.77107701  -61.33924487  -66.42779584 -143.55972989   56.20870662
   38.54987252  -50.27917096   18.37486234   59.21682188  -69.44502087
  -36.95812877 -102.57809621   48.54104017  166.62268551   38.56498252
  -27.14922546   11.09600788 -136.69198056 -120.59403439  102.80247232]",55,67,"(np.int32(0), np.int32(0), np.int32(1), np.int32(0), np.int32(0), np.int32(0), np.int32(1), np.int32(1), np.int32(0), np.int32(1))",3.165125330792561e+26
85,10,2,3,4.040855079525995,"[-8.39180407e+00  2.11708801e-04 -1.74279761e+00  6.89186282e-01
 -2.66607798e+00 -1.58116739e+00 -1.26880268e+00  7.01329007e+00
 -3.42755098e+00  2.19461690e+00  1.90246601e+00  4.45204366e+00
  4.44766603e+00 -2.08721861e+00 -3.60314824e-01 -3.08821285e-01
 -6.77521825e-01  3.61859497e+00  3.35787756e+00 -9.35098350e-01
  3.93631599e-01 -8.13028483e-01 -2.28350187e+00  4.21426157e-01
 -8.89628482e-01  1.85247266e+00  1.78326447e+00 -6.86845451e-01
  1.52846452e+00  4.97588366e+00  1.25247763e+00 -4.97781978e+00
  2.30662750e+00 -3.67303357e+00 -1.31488153e+00  8.46359136e-01
 -2.08466257e+00 -2.50847072e+00  4.87986188e+00 -3.08469647e+00
 -7.26327224e-01  6.99975985e+00  1.82054315e+00 -2.13411068e+00
  2.64449403e+00  1.27700635e+00 -4.96561322e+00  3.61320798e+00
 -1.15119127e+00  2.45565147e-01 -3.23671010e+00 -2.63383331e+00
 -1.61920738e+00  1.56392354e+00 -1.97989110e+00]",55,61,"(np.int32(0), np.int32(0), np.int32(1), np.int32(0), np.int32(0), np.int32(0), np.int32(1), np.int32(1), np.int32(0), np.int32(1))",3.165125330792561e+26
105,10,2,3,3.3583457042840097,"[-2.76877403 -2.2690777  -2.08555976  3.54220903 -1.98284718 -1.45168579
  1.92834275  8.91286188  0.04731852  2.66404143  2.12476318  3.80665917
  0.99053913 -0.95111284 -0.01920412 -1.30732763 -2.42148196  2.27002857
  0.92880136  1.97365279 -0.62329019  0.03639696 -1.49542385  0.74308252
 -2.14371129  1.68994963  2.33197997 -1.1352447   0.52108597  5.09813061
 -0.90443452 -3.91495227  2.4121251  -3.11482195 -0.64150203  0.62259325
 -1.63672786 -2.64687684  1.7879     -2.81129045 -1.08758459  3.03870523
  2.07570043 -0.59397404  1.52801084  1.30418635 -4.19217952  2.14069872
 -0.13289771  0.04448291 -2.21837212 -2.78472794 -5.0703251   1.74291971
 -2.02462227]",55,64,"(np.int32(0), np.int32(0), np.int32(1), np.int32(0), np.int32(0), np.int32(0), np.int32(1), np.int32(1), np.int32(0), np.int32(1))",3.165125330792561e+26
125,10,2,3,1.9242380367543421,"[-1.67149933 -1.7368289  -2.48203046 -0.3210546  -0.9642019   0.4666736
  1.45218348  3.81654342 -1.11037966  2.12934761  1.59929067  2.3425133
  0.96161131 -0.69770716 -1.1291662  -0.86119383 -1.14150494  1.43134047
  0.95281389  1.71712274 -0.17602138  0.70221411 -0.15556896  0.0956896
 -2.11449547  0.75635569  0.6474461   1.32864678  0.49763222  1.41852377
 -0.50619763 -1.16000733  1.5703868  -2.28121682  0.16062188  0.76915023
 -0.48754119 -1.7864119   1.18440383 -1.15554977 -0.02234235  0.53238609
  0.79217634 -0.4606832   0.24588661 -0.15368929 -1.57959217  0.48295937
 -0.82844045  0.1949085  -0.40379763 -0.94466101 -1.07812576  1.01892808
 -1.07727164]",55,58,"(np.int32(0), np.int32(0), np.int32(1), np.int32(0), np.int32(0), np.int32(0), np.int32(1), np.int32(1), np.int32(0), np.int32(1))",3.165125330792561e+26
145,10,2,3,2.1875200590755064,"[-2.34544975 -1.98621034 -1.6581439   1.43389512 -0.66582291 -0.8659846
  1.01756554  4.09064001  1.42044123  2.74511219  1.72876104  2.35065674
  1.05030052 -0.59795707 -0.95693966 -0.46885607 -0.82667616  0.60598219
  1.53369617  0.58023178 -0.2389169   0.5428677  -0.37194577  0.27879564
 -0.67347044  1.04690657  0.99621593  0.27427188  1.00008263  1.78895019
 -0.65165687 -1.10529635  1.21403885 -2.26189808 -0.95624105  1.05402137
 -1.03538903 -2.29385997  1.44456966 -1.99154712 -0.17371668  1.76569267
  1.63031532 -1.83997101  0.10026114  0.64242681 -0.75795522  0.82537296
 -1.04858922 -0.26185954 -1.0058336  -1.17907048 -2.97754305  0.48670649
 -1.6269314 ]",55,59,"(np.int32(0), np.int32(0), np.int32(1), np.int32(0), np.int32(0), np.int32(0), np.int32(1), np.int32(1), np.int32(0), np.int32(1))",3.165125330792561e+26
165,10,2,3,1.9889960424197222,"[-2.42024482 -2.43912813 -2.72521878  0.16900131 -2.26492232  0.53451284
  1.40229259  3.88903888  0.87251052  3.13769662  1.62082801  2.62781616
  1.01042061 -0.77914432 -0.84397112 -0.16260399 -1.02508372  0.78701843
  1.09135201  0.83430646  0.35181158  0.55650576 -1.06252317  0.7024604
 -0.80872527  1.48523205  0.81520278  0.65747367  1.30591813  1.38281526
 -0.63941537 -0.80937427  1.45978143 -1.70989574  0.22809552  0.24230139
 -0.60347802 -1.89168567  1.15057908 -1.53681509 -0.03219309  1.50524166
  1.20487325 -1.02745584  0.62363522  0.92420464 -0.99847627  0.46068489
 -0.90986201 -1.23791926 -1.03048811 -2.1240039  -1.60851633  0.2544942
 -2.22818101]",55,61,"(np.int32(0), np.int32(0), np.int32(1), np.int32(0), np.int32(0), np.int32(0), np.int32(1), np.int32(1), np.int32(0), np.int32(1))",3.165125330792561e+26
185,10,2,3,1.6508142657278926,"[-1.41029932e+00 -1.65752490e+00 -1.15421021e+00  8.60740406e-01
 -9.73674960e-01  6.23162098e-01  1.25563483e-01  3.14959904e+00
  2.55008961e+00  1.25218003e+00  1.18704260e+00  1.77485502e+00
  7.23189612e-01 -4.70831074e-01 -7.47771487e-01 -1.96326335e-01
 -7.43760194e-01  2.64692001e-01  9.35666693e-01  3.92347342e-01
  1.69999038e-01  3.27691134e-01 -1.37870487e-01  8.84767849e-01
 -8.89364374e-01  7.87274033e-01  1.69703550e-01  1.35502830e-01
  7.17422271e-01 -5.54793516e-02 -5.69328879e-01 -4.63889837e-01
  9.04327544e-01 -6.24243824e-01 -3.43973894e-01 -4.46067175e-01
 -9.93616503e-02 -1.49358243e+00  5.22194210e-01 -5.81977934e-01
  4.73660547e-01  4.32044325e-01  9.26557596e-01 -6.88350232e-01
 -3.15551182e-02  9.66405546e-02  2.37706955e-01  3.68438124e-02
 -4.81114228e-01 -4.39675306e-03 -7.38982543e-01 -2.93618289e-01
 -2.97677518e+00  1.30983657e-03 -1.48774754e+00]",55,56,"(np.int32(0), np.int32(0), np.int32(1), np.int32(0), np.int32(0), np.int32(0), np.int32(1), np.int32(1), np.int32(0), np.int32(1))",3.165125330792561e+26
205,10,2,3,1.7412774636789228,"[-1.34424022 -1.52737486 -1.27432888  0.92775115 -1.56747306 -0.02526948
  0.42586353  3.23631444  2.37786842  2.3891474   1.2622606   1.69644098
  0.94212285 -0.34481395 -0.84433963 -0.36208048 -0.77532385  0.42511365
  0.68855737  0.38726087  0.15687011  0.61309315 -0.16113877  0.74531653
 -0.97701431  0.88002972 -0.03280153 -0.04316872  0.89822486  0.74548484
 -0.65103595 -0.6032605   0.84197977 -0.9763521   0.05381686 -0.48721253
 -0.18854465 -1.58751678  0.74900541 -0.88294345  0.42282581  0.7118097
  1.06666606 -0.65688889 -0.21270286  0.59046728  0.3392085   0.27436704
 -0.58771087 -0.05380702 -0.51341896 -1.23824981 -3.26768259  0.13212962
 -1.66659277]",55,59,"(np.int32(0), np.int32(0), np.int32(1), np.int32(0), np.int32(0), np.int32(0), np.int32(1), np.int32(1), np.int32(0), np.int32(1))",3.165125330792561e+26
225,10,2,3,1.3604905297343266,"[-0.54433811 -1.09537555  0.20147165  0.4003177  -1.57778258  0.01981989
  0.03333288 -3.91729247  1.65664701  1.53799519  1.29476033  0.54860458
  0.4467846  -0.22321511 -0.30042657 -0.69142449  0.45858393 -0.27546702
 -0.1461534  -0.04217102 -0.21801083  0.75847123 -0.15856725  0.21069189
  0.57146906 -0.25790503 -0.18712993 -0.22702278  0.12587303 -0.39111152
 -0.42592512  0.80348554  0.11909181 -1.11246932  0.14284541 -0.40992913
 -0.13791118  0.2131286   0.56781995 -0.66396804  0.4046484  -0.26125598
  0.93552612  0.36460304  0.37419469  0.40177885  1.06688415 -0.29856105
 -0.03940793  0.94416665 -0.38725803  0.15692571  0.92059632  1.41629428
 -2.31565419]",55,58,"(np.int32(0), np.int32(0), np.int32(1), np.int32(0), np.int32(0), np.int32(0), np.int32(1), np.int32(1), np.int32(0), np.int32(1))",3.165125330792561e+26
245,10,2,3,1.5384895032189922,"[ 0.42595411 -1.59355279  0.77593187  1.47664916 -0.56777282 -0.80059314
  0.03094607  2.29803665  3.61196889  1.18253806  1.10263008  0.47036763
  0.15049318 -0.22563346 -0.20865079 -0.24404625 -0.5270925  -1.06045572
  0.19734954 -0.02599814  0.26955846  0.36746955  0.44302917  0.38031176
 -0.55771802  0.24217769  0.37264077 -0.23970446  0.11778616  0.34921883
 -0.68076195 -0.69804279  0.01758866 -0.86749495 -0.53181239 -0.25138325
 -0.33023008 -1.47396382  0.48177278 -0.38553972  0.13252253  0.45405891
  1.24878366 -0.37055401 -0.32842848  0.08967106  0.46759849  0.34623795
 -0.09217837  0.06785036 -0.26764883  0.48794459 -2.66740945  0.35372244
 -2.05148659]",55,57,"(np.int32(0), np.int32(0), np.int32(1), np.int32(0), np.int32(0), np.int32(0), np.int32(1), np.int32(1), np.int32(0), np.int32(1))",3.165125330792561e+26
265,10,2,3,1.4253688340119657,"[ 1.82506136e-01 -1.15397950e+00  9.54126034e-01  7.18326655e-01
 -1.51751790e+00 -5.62087985e-01 -4.14579874e-02 -4.94052982e+00
  2.34069292e+00  1.90442404e+00  1.33101470e+00  4.16620945e-02
  1.82794803e-01 -1.15789630e-01 -1.41907401e-01 -5.32948717e-01
  6.84730902e-01 -1.21296069e+00 -4.10593525e-01  3.27667653e-03
 -1.76026725e-01  5.24871939e-01  4.30227067e-02  2.43871390e-01
  5.91131259e-01 -2.56379962e-01 -2.07044895e-01 -4.48574804e-01
  1.55866429e-02 -3.42955083e-01 -4.51353239e-01  8.37649818e-01
 -2.36830878e-01 -1.42123594e+00 -1.14034222e-02 -3.46949849e-01
 -4.00627460e-01  4.91306742e-01  4.47527357e-01 -7.17699661e-01
  3.99425166e-01 -1.40019564e-01  1.51522068e+00  2.08405430e-01
  1.48738215e-01  2.46718168e-01  1.45826745e+00 -2.83705482e-01
  5.63961580e-02  1.00916010e+00 -1.37862588e-01  3.43418851e-01
  1.09566312e+00  1.51392892e+00 -2.40893494e+00]",55,57,"(np.int32(0), np.int32(0), np.int32(1), np.int32(0), np.int32(0), np.int32(0), np.int32(1), np.int32(1), np.int32(0), np.int32(1))",3.165125330792561e+26
285,10,2,3,1.3773292022214716,"[-1.03923237 -0.92505124  0.78523651  0.66906068 -1.82592233 -0.47605328
 -0.22343188 -4.47871255  2.1864244   2.18198132  1.07957897  0.47743594
  0.51146757  0.05227013 -0.16084123 -0.21708111  0.62308289 -0.02419498
 -0.32465396 -0.00763327 -0.11679526  0.67167988 -0.09135049  0.32070453
  0.63706843 -0.21790122 -0.5219819  -0.42464089  0.06811701 -0.37815348
 -0.40240583  0.70522431 -0.42339087 -1.28743391  0.06176295 -0.39151208
 -0.37146927  0.48023386  0.26643058 -0.86831775  0.58768572 -0.11303252
  1.22637791  0.29179995  0.2443086   0.19340618  1.71257089 -0.48340373
 -0.08218119  0.89866092 -0.30577407  0.38531588  0.82215964  1.18253209
 -2.25165092]",55,57,"(np.int32(0), np.int32(0), np.int32(1), np.int32(0), np.int32(0), np.int32(0), np.int32(1), np.int32(1), np.int32(0), np.int32(1))",3.165125330792561e+26
305,10,2,3,1.4371393433531643,"[-1.24167755 -0.44486773  0.22992425  0.61282966 -1.79954321 -0.37473481
 -0.25883805 -5.78683572  1.87753254  2.07368212  0.96771461  0.23843111
  0.51977647  0.02747152 -0.01204697 -0.03854001  0.9463312  -0.08617455
 -0.27983751 -0.08521143 -0.29251869  0.45786022 -0.24324217  0.15886631
  0.72264132 -0.18704346 -0.60334079 -0.26174103  0.64026762 -0.43061174
 -0.20622947  1.17745434 -0.46101761 -1.18318072 -0.05896524 -0.42421436
 -0.36093937  0.69997343  0.31933592 -0.90585136  0.33901204 -0.3441665
  1.23895563  0.47117278  0.29696248  0.36021767  1.81495646 -0.40055662
 -0.08937511  1.04568914 -0.26137368  0.15059586  1.22697798  1.57795845
 -2.36568454]",55,57,"(np.int32(0), np.int32(0), np.int32(1), np.int32(0), np.int32(0), np.int32(0), np.int32(1), np.int32(1), np.int32(0), np.int32(1))",3.165125330792561e+26
325,10,2,3,1.2574973784341517,"[-0.3289806  -0.38251159  0.72483022  1.3428688  -0.72550567 -0.43347415
 -0.42287123  0.14076536  2.01079493  1.73965213  0.76949713  0.59044661
  0.4233929  -0.1676738  -0.13967029  0.0053051  -0.29420705 -0.62319148
  0.06816453  0.11202552  0.01456638  0.399895   -0.03391384  0.18851982
 -0.6671863   0.40759654 -0.40443624 -0.29015612 -0.14954724 -0.12636362
 -0.15907825 -0.19006831 -0.30302914 -0.89573872 -0.4785316  -0.46437789
 -0.33068023 -0.65960591  0.33456744 -0.71654373  0.42822046  0.30490821
  0.62366156  0.15598152  0.03079396  0.08601217  0.80391118  0.1133479
  0.15529297  0.25504924 -0.03530164  0.56362569 -0.12325039  0.34381412
 -2.16583226]",55,57,"(np.int32(0), np.int32(0), np.int32(1), np.int32(0), np.int32(0), np.int32(0), np.int32(1), np.int32(1), np.int32(0), np.int32(1))",3.165125330792561e+26
345,10,2,3,1.2636628582722071,"[-0.35939527 -0.19210373  0.77491784  1.44190168  1.60781627 -0.42726376
  0.01596321  0.56162482  1.80751846  1.97694048  0.79017873  0.42300518
  0.36731884 -0.46672079 -0.20936401 -0.14572208 -0.55684301  0.47762129
  0.12801343  0.28220435  0.19887176 -0.26874307 -0.08742348  0.14643357
 -0.6487425   0.38605843 -0.35241214 -0.23341876 -0.69309708  0.07648769
 -0.05880399 -0.24416044 -0.35437791 -0.76291445 -0.95948446 -0.33408817
 -0.40521925 -0.44954718  0.2212114  -0.76219545  0.13320541 -0.23792828
  0.24275884 -0.25201409 -0.39221035  0.05071146  0.85000786  0.04398556
  0.09174893  0.28153358 -0.20904771  0.5314885  -0.26029647  0.0835631
 -1.88616946]",55,57,"(np.int32(0), np.int32(0), np.int32(1), np.int32(0), np.int32(0), np.int32(0), np.int32(1), np.int32(1), np.int32(0), np.int32(1))",3.165125330792561e+26
365,10,2,3,1.1967043728265316,"[-0.50069839 -0.54682827  0.12537147  0.83884807 -0.10208386 -0.90621998
 -0.30154229  0.3440984   1.62271249  1.73943458  0.56955829  0.15752897
  0.26849751 -0.03735306 -0.143859    0.11444079 -0.25093146  0.4487107
 -0.01798249  0.32019057  0.25793051  0.21550105 -0.10197275  0.26338116
 -0.57284038  0.25434389 -0.27162139 -0.15663209 -0.02315259  0.79366809
 -0.06257908 -0.17135103 -0.43248231 -0.78527715 -0.47070198 -0.34002447
 -0.31453763 -0.29997512  0.26137259 -0.68032     0.22538519 -0.12376167
  0.23854254  0.02094974  0.06581465  0.25171427  0.6530927   0.09276384
  0.13495281  0.0045459   0.078191    0.42045188 -0.16692494  0.19157561
 -2.01360196]",55,56,"(np.int32(0), np.int32(0), np.int32(1), np.int32(0), np.int32(0), np.int32(0), np.int32(1), np.int32(1), np.int32(0), np.int32(1))",3.165125330792561e+26
385,10,2,3,1.2086231879107823,"[-0.36976739 -0.17956435  0.55096182  0.89305112 -0.17751822  1.17165147
  0.05120567  0.03483619  1.89612595  1.65178623  0.38586398  0.33987529
  0.22242481  0.03187386 -0.47764397 -0.03841753 -0.22063689  0.28487576
  0.06272687  0.13040237  0.10929052  0.34975118 -0.24465439  0.36252368
 -0.49860358  0.35698161 -0.61354558  0.05258642  0.01711478 -0.55803788
 -0.26326707 -0.0462962  -0.42999049 -0.54715661 -0.33997945 -0.66631352
 -0.2774516  -0.28029638  0.1584163  -0.58667739 -0.08558338 -0.29212522
  0.29689933 -0.0119069   0.20169825  0.00721528  0.49876494 -0.24347785
 -0.30966862  0.09239207  0.09370714  0.34198011 -0.12968257  0.38243788
 -1.98997314]",55,56,"(np.int32(0), np.int32(0), np.int32(1), np.int32(0), np.int32(0), np.int32(0), np.int32(1), np.int32(1), np.int32(0), np.int32(1))",3.165125330792561e+26
405,10,2,3,1.180366815589635,"[-0.39151749 -0.36190938  0.19777259  0.66276738 -0.32006922 -0.57096015
 -0.14552     0.2426086   1.49348081  1.18204704  0.1760037   0.3415174
  0.15129657  0.07178548 -0.0879391  -0.10726904 -0.17285833  0.31437842
  0.04597223  0.21822806  0.18175718  0.38130818  0.12929753  0.24591766
 -0.58062917  0.35250268 -0.41275977  0.12360625 -0.1038623  -0.06969839
 -0.16749406 -0.07335773 -0.25069548 -0.52801397 -0.34903367 -0.23683766
 -0.34228046 -0.43166766  0.24573969 -0.48518767  0.1631464  -0.09775653
  0.26656095 -0.06285783  0.29278784  0.25630495  0.56043539  0.17106453
 -0.00217018  0.07595803  0.11686455  0.34168487 -0.26700212  0.30325069
 -1.86341974]",55,55,"(np.int32(0), np.int32(0), np.int32(1), np.int32(0), np.int32(0), np.int32(0), np.int32(1), np.int32(1), np.int32(0), np.int32(1))",3.165125330792561e+26
5,10,2,4,1.9662499999999996,"[-2.    0.    1.    0.75  0.    0.    0.    0.    0.    0.    0.    0.
  0.    0.    0.    0.    0.   -1.75  0.    0.    0.    0.    0.    0.
  0.    0.    0.    0.    0.    0.    0.    0.    0.    0.    0.    0.
  0.    0.    0.    0.    0.    0.    0.    0.    0.    0.    0.    0.
  0.    0.    0.    0.    0.    0.    0.  ]",4,4,"(np.int32(0), np.int32(0), np.int32(1), np.int32(0), np.int32(0), np.int32(0), np.int32(1), np.int32(1), np.int32(0), np.int32(1))",3.165125330792561e+26
25,10,2,4,3.1521893493006396e+25,"[ 6.25231415e+25 -1.06702204e+24 -2.77964193e+23 -2.29912933e+25
 -1.01814851e+19 -6.72983423e+19 -2.88412747e+17  2.41626361e+18
 -5.94877512e+25  6.54185668e+22 -9.32557836e+24 -3.73770840e+25
  1.16957239e+25 -1.48190979e+21  2.05609628e+25 -4.92978613e+25
 -2.75162031e+25  3.59084100e+24  5.70971270e+16 -1.24249468e+23
 -1.23995908e+20 -5.82735376e+18 -1.10125997e+18 -1.21160446e+18
 -1.12919302e+25 -4.00902073e+18  2.86147074e+22 -1.19767317e+25
 -2.16982959e+20 -2.89809679e+19 -8.88786924e+21  9.45395868e+16
  6.57192953e+24  2.14127209e+25 -4.13026629e+25 -3.03804275e+24
 -1.46559374e+24 -1.18013550e+17  4.52960766e+25 -6.60100508e+20
  5.21799300e+25 -1.65221744e+22  1.35835379e+17 -2.37794708e+25
  6.03245814e+16 -9.23787584e+20 -2.83696424e+25 -1.76096161e+21
 -2.87325767e+22  2.42798525e+25  2.87485677e+25 -1.46216517e+25
  5.49242525e+24  1.76633113e+24  1.57240565e+17]",55,60,"(np.int32(0), np.int32(0), np.int32(1), np.int32(0), np.int32(0), np.int32(0), np.int32(1), np.int32(1), np.int32(0), np.int32(1))",3.165125330792561e+26
45,10,2,4,2.791681959353543e+22,"[ 5.71626101e+22 -3.34862759e+22  6.63226037e+22  6.65684813e+22
 -2.15391108e+20  1.41337278e+20  5.61124918e+20 -4.27807633e+20
 -2.69191733e+22  3.78239034e+22 -3.16970703e+22 -2.57471212e+22
 -1.08089165e+22 -3.10921944e+22 -1.50511968e+21 -1.62356405e+22
  9.51148073e+21 -1.36747287e+22  1.57901720e+21  6.36162203e+21
  1.36618093e+22  3.02299100e+22  1.42684388e+22  1.17680967e+20
  2.66573824e+22 -8.81867292e+21  2.50721781e+20 -4.72054316e+22
  1.33753157e+22 -2.17657761e+20 -1.86303893e+21 -8.41114070e+21
  9.10209265e+21 -1.10262919e+22  5.92332059e+21 -7.57302649e+21
 -8.83323086e+20 -2.22159426e+22  9.00802275e+21 -2.68318281e+22
 -1.19780994e+22  3.97801499e+21  1.37373355e+22  1.02942524e+22
 -1.99801969e+22  1.83031966e+22 -4.61378178e+21 -4.29235633e+19
 -5.00190405e+20  7.76068989e+21  8.58721610e+20  8.46398849e+21
  3.98125419e+21 -1.79552242e+21 -2.40363483e+21]",55,73,"(np.int32(0), np.int32(0), np.int32(1), np.int32(0), np.int32(0), np.int32(0), np.int32(1), np.int32(1), np.int32(0), np.int32(1))",3.165125330792561e+26
65,10,2,4,14071.610466449494,"[ 1.32511305e+04 -1.67342303e+04 -1.64059358e+04 -2.22660752e+03
  7.45696843e+03  2.95223365e+04 -9.45369249e+03 -1.65614735e+04
  7.09234848e+03  1.88866396e+04  3.09584016e+03  2.94136327e+03
 -1.48810050e+04  5.16577351e+03 -1.03356577e+04  2.17070101e+01
  1.88033650e+03 -9.25182153e+03 -4.44101034e+03  1.67978289e+04
  8.98126017e+03  9.29774587e+03 -5.59694967e+02  1.01585746e+04
 -1.56321888e+03 -3.59717048e+03 -7.72057438e+03  3.04766237e+03
 -9.56149235e+02 -1.54226565e+04  2.48241285e+03  8.03886751e+03
  1.18179991e+02  4.16330362e+03 -1.28692589e+04 -5.49360114e+03
  9.30500341e+03  7.84817652e+03  7.42666957e+03 -1.21234152e+04
 -1.72343948e+04 -5.92126112e+03 -1.18413673e+04 -5.66223475e+03
  1.54106233e+04 -6.52560860e+03  4.21236374e+03  1.47164290e+03
 -1.12140898e+03  5.75744950e+03  5.68934638e+03 -1.89195535e+03
  7.13152813e+03  3.73786363e+03 -2.18396623e+04]",55,74,"(np.int32(0), np.int32(0), np.int32(1), np.int32(0), np.int32(0), np.int32(0), np.int32(1), np.int32(1), np.int32(0), np.int32(1))",3.165125330792561e+26
85,10,2,4,5.233647754890139,"[-15.83404013  -6.08042095  -6.84172219  -5.26710424  -2.59821308
  -1.88568256  -2.73366722   9.34298316   3.05088485  -2.6090201
   5.2392638    5.11782996   4.76896466   4.28614465   6.01070132
   3.80736752  -0.47775475   1.20927445  -2.27417576   1.63897493
   3.66647641  -1.33129882  -3.62198061  -0.61967694  -4.06309862
  -0.89234919   5.95416409   6.17883524   2.56965406  -1.2256715
  -2.52683004  -0.81291232   0.06999925  -1.66781774   2.53140668
  -1.20882053  -0.37449888  -2.54902209  -2.73285173  -3.12989943
  -4.12649466  -0.53002308   1.49436353   2.37466998  -1.34705671
  -0.86553244  -1.97170166   1.24000342   7.5326092   -1.03228576
   3.13215465   4.1934668   -4.23735028  -3.0339792   -2.22606679]",55,63,"(np.int32(0), np.int32(0), np.int32(1), np.int32(0), np.int32(0), np.int32(0), np.int32(1), np.int32(1), np.int32(0), np.int32(1))",3.165125330792561e+26
105,10,2,4,2.2151513981079303,"[-3.68313326 -4.10739149 -1.84255867  1.35803015 -0.70284149 -1.48764771
 -1.30738962  3.39873082  3.61245253  3.33283478  0.62730702  1.5662162
  2.02788606 -0.22700985 -0.10175462  1.03794341 -1.33002794 -0.06007626
  1.19270721  2.68155621  1.49735838  1.62913123 -0.92316718  0.83937252
 -0.35795178  0.29468302 -0.16483712  0.77922104  0.27811131  0.9648366
 -0.92868839 -0.0347123  -1.64039731 -1.69458415 -0.15559021 -0.4627432
 -0.7035603  -2.92397781 -2.58567277 -1.18574832 -0.50942499  0.89589115
 -0.11649085 -0.30363638 -0.75023304 -0.27292858  0.61618476  1.24369226
  1.41749982  0.49197968  1.46105569 -0.6529838  -0.5445232  -2.18257193
 -3.29058434]",55,60,"(np.int32(0), np.int32(0), np.int32(1), np.int32(0), np.int32(0), np.int32(0), np.int32(1), np.int32(1), np.int32(0), np.int32(1))",3.165125330792561e+26
125,10,2,4,1.498212119749573,"[-1.24221733e+00 -1.92792182e+00 -1.02381209e+00  2.68527895e-01
 -1.15108318e+00 -1.96034457e-01  1.05819242e+00  3.80068002e+00
  2.63013372e+00  1.86738775e-01  1.15208824e+00  1.08997947e+00
  1.11881607e+00  1.96104923e-01 -1.06689457e-01 -7.81145669e-02
 -1.54873156e+00 -7.71317426e-01  3.48086509e-01  1.42157277e+00
  8.98616997e-01  1.39091229e+00 -6.11293704e-01 -6.21197737e-01
 -1.29587949e+00  5.33118336e-01  6.88263896e-01  4.68937837e-01
  1.53829027e-01  4.68014524e-01 -1.01679663e+00 -6.15290912e-01
 -5.08539795e-01  1.62910703e-01 -4.45442057e-02 -8.19196270e-01
 -3.62791130e-01 -1.72121418e+00  3.02547391e-01 -2.00665419e-01
  2.68478042e-01  1.97820833e-01  3.14329661e-04 -2.73764243e-01
 -2.33614535e-01 -1.92036261e-01  1.15897188e-01  1.51009217e-01
  6.60253255e-01 -4.38035204e-01  6.73952397e-01  4.36995487e-01
 -7.58132143e-01 -3.30193659e-01 -2.31992963e+00]",55,56,"(np.int32(0), np.int32(0), np.int32(1), np.int32(0), np.int32(0), np.int32(0), np.int32(1), np.int32(1), np.int32(0), np.int32(1))",3.165125330792561e+26
145,10,2,4,4.091286312910082,"[16.23336965  3.30409604 11.00270792 12.40294187 -1.85790125  7.75928999
  6.36347759  7.31074426  8.59726746  7.49044576 -3.59263379 -4.35708681
 -3.77544686 -1.24292107 -4.62745736 -3.42257101 -4.57912687 -4.57040401
  0.91834609  0.22675491  0.52161093  2.11349146 -1.94274171 -0.06353545
 -1.69490199  3.16243907 -3.74732343 -4.38027016 -1.15555473 -1.08066296
 -3.13030918 -1.1879698  -4.29132228 -0.27929944 -1.08166053 -3.82031125
 -1.56462665 -3.99693865 -3.10962623 -1.44195818  0.90680701  1.60483697
  1.49759191  0.05954243 -1.80197188 -1.12957157  0.56279666 -2.76918077
  0.6629277  -0.89084465  1.59685357 -1.94068842 -0.31897952 -2.577462
 -4.61229818]",55,64,"(np.int32(0), np.int32(0), np.int32(1), np.int32(0), np.int32(0), np.int32(0), np.int32(1), np.int32(1), np.int32(0), np.int32(1))",3.165125330792561e+26
165,10,2,4,1.8504855452860465,"[-2.63244233 -3.75730344 -2.78813238 -3.42645165 -0.46139038 -2.90125788
  0.2645566   3.84212014  2.24582564  2.57443417  1.75314757  1.35814978
  2.31937554 -0.46032286  0.25861376  0.4154195  -1.52277166 -0.40978734
  0.11882663  1.82560489  2.32503569  1.42877791 -0.30562291 -0.88760113
 -0.88005593  0.68577676  0.36586617  1.47319983 -0.15172737  2.41827973
 -0.82877895 -0.88876724 -0.49099982 -0.19619565  0.06009069 -0.31033721
 -0.25531251 -1.11543315  0.75169592 -0.17606777  0.50392473  0.422147
 -0.13414693 -0.28381962 -0.44192209  0.45207684  0.6928294   0.33143014
  0.76708494  0.0567408   0.3360016  -0.02321906 -0.11305055 -1.84543537
 -3.27038503]",55,59,"(np.int32(0), np.int32(0), np.int32(1), np.int32(0), np.int32(0), np.int32(0), np.int32(1), np.int32(1), np.int32(0), np.int32(1))",3.165125330792561e+26
185,10,2,4,1.9213098138650748,"[ 4.05991455 -0.82359446  3.70946799  4.16593688  0.37974543  1.11645677
  1.3093577   3.76382382  4.47583935  1.79249313  0.31003881 -1.10407188
  0.05290291 -0.90626881 -1.20888824 -1.06928697 -1.50219046 -1.45429553
 -0.75326917  0.42760781  1.22999363  1.11509261 -0.59150231 -0.64202472
 -1.51977029  1.15039152 -0.19503624 -2.60974561 -0.38845506  0.12321795
 -1.18822982 -1.11934691 -1.91657956  0.24136721 -1.41285826 -1.96505573
 -0.61042958 -2.09333556 -0.26605326 -0.66370172  0.76741609  0.38177517
  0.23726605 -1.14326943 -0.29616773  0.46503317  0.66237982 -1.19486944
  0.63874503  0.14949475  0.77861257 -0.029736   -0.91839766 -0.0346141
 -2.51153724]",55,59,"(np.int32(0), np.int32(0), np.int32(1), np.int32(0), np.int32(0), np.int32(0), np.int32(1), np.int32(1), np.int32(0), np.int32(1))",3.165125330792561e+26
205,10,2,4,1.882038112162109,"[-2.80567878 -2.9845003  -2.20812343 -5.48675117  0.17086094 -2.82882529
  0.35929792  4.11689748  1.14697172  3.19552014  1.77136302  1.23739216
  2.29323124 -0.05676926  0.66491825  0.31369261 -1.08399672 -0.02215888
 -0.68129433  1.25646186  2.83277243  1.22042863 -0.41726505 -0.70623924
 -1.33066424  0.44847104 -0.27382135  2.23827952 -0.14604488  1.6924015
 -0.68035002 -1.28647498 -0.11248431 -0.45771926  0.38505544 -0.59123068
  0.47838751 -0.56619563  1.94411056 -0.25601608  0.9430597  -0.49860872
 -1.00999685 -0.2426539  -0.37121128  0.69911292  1.04300209  0.55787494
  0.53117986 -0.45410592  0.08443418  0.5134284  -0.23036176 -1.18932302
 -3.01217986]",55,60,"(np.int32(0), np.int32(0), np.int32(1), np.int32(0), np.int32(0), np.int32(0), np.int32(1), np.int32(1), np.int32(0), np.int32(1))",3.165125330792561e+26
225,10,2,4,1.6142707975157944,"[-0.4037557  -1.63878439  0.89576904  1.34371199  1.71828217 -1.35391591
  0.44802431  3.98693911  3.01612449  2.11394234  1.14760123  0.10136131
  0.65435345 -0.62157118 -0.48662752  0.51983609 -1.06817982 -0.04308466
  0.10332907  0.60015851  0.98416953  0.84242234 -0.39132463 -0.40020478
 -0.91871735  0.50302381  0.30858613  0.0432409  -0.71667301  0.94213495
 -0.814886   -1.02847996 -0.90156661 -0.22118713 -0.8889567  -1.13143385
 -0.49710721 -1.44104905  0.05275208 -0.904677    0.75194477 -0.35338577
 -0.6167649  -1.17516919 -0.26009394  0.82668963  1.09996096  0.39439608
  0.35108902 -0.62693193  0.23891906  0.40979342 -0.87901088 -1.14738928
 -2.60993042]",55,60,"(np.int32(0), np.int32(0), np.int32(1), np.int32(0), np.int32(0), np.int32(0), np.int32(1), np.int32(1), np.int32(0), np.int32(1))",3.165125330792561e+26
245,10,2,4,1.3490656527332192,"[-0.09297536 -1.18784582  0.64323727  1.03075735  0.07195058 -0.58941578
  0.22495799  2.29232359  2.1083582   1.70994053  0.82184662  0.09309428
  0.32998237 -0.42861561 -0.2968139   0.00853579 -0.86681449 -0.06367417
  0.42528702  0.38824495  0.78656153  0.67378233 -0.17462627 -0.25019962
 -0.65035291  0.437897   -0.17885786  0.29370142 -0.17676404  0.07857685
 -0.69572137 -0.512041   -0.47150338 -0.26074152 -0.48292589 -0.84563085
 -0.58116065 -1.02724585  0.10491162 -0.71332778  0.55749633  0.19745821
  0.19612129 -0.27207885 -0.4623779   0.65712502  0.52113818  0.29668264
  0.31608037 -0.17063763  0.15193434  0.50739752 -0.53990344 -0.70569735
 -2.2855226 ]",55,58,"(np.int32(0), np.int32(0), np.int32(1), np.int32(0), np.int32(0), np.int32(0), np.int32(1), np.int32(1), np.int32(0), np.int32(1))",3.165125330792561e+26
265,10,2,4,1.318781233188374,"[-0.16532827 -1.00293868  0.51248853  0.95289314 -0.16001233 -0.56759187
  0.45239086  2.05535455  2.23373223  1.50678476  0.76710781  0.29379549
  0.33315472 -0.45277236 -0.20867163  0.01453523 -0.86870509 -0.12413537
  0.39054494  0.30995144  0.61859208  0.60453537 -0.13726634 -0.12603683
 -0.65855917  0.48590337 -0.29273605  0.17048437 -0.022775   -0.08888041
 -0.62613809 -0.39103198 -0.50264382 -0.27506692 -0.34197629 -0.73169613
 -0.7189326  -0.83636044  0.07304955 -0.59545413  0.65011588  0.10440679
  0.3759713  -0.28121996 -0.46339758  0.42567965  0.44114756  0.30534832
  0.40192003 -0.33399536  0.14574199  0.55819967 -0.54229259 -0.54197687
 -2.25402867]",55,57,"(np.int32(0), np.int32(0), np.int32(1), np.int32(0), np.int32(0), np.int32(0), np.int32(1), np.int32(1), np.int32(0), np.int32(1))",3.165125330792561e+26
285,10,2,4,1.4071948873730868,"[ 0.1380899  -0.58424392  0.56843444  0.8812391  -0.16597861  3.34425366
  0.64398025  1.23161957  2.04840486  1.69213373  0.71771296  0.19360315
  0.16729155 -0.365765   -0.9160918   0.11092678 -0.5459005  -0.0928137
  0.21709172  0.07298722  0.72247898  0.691603   -0.80087394 -0.32901879
 -0.64405047  0.79211503 -0.58157766  0.18573891  0.16477917 -0.98068647
 -0.70454907 -0.12056763 -0.45137064  0.19641217 -0.46306564 -1.20692721
 -0.30251612 -0.49386223  0.24059026 -0.73594925 -0.19134642 -0.01434281
  0.51692187 -0.04592677 -0.40422954 -0.50315128 -0.34527946 -0.69658853
 -0.31471917 -0.24066493  0.23657223  0.63064743 -0.29324895  0.01759071
 -2.3276894 ]",55,57,"(np.int32(0), np.int32(0), np.int32(1), np.int32(0), np.int32(0), np.int32(0), np.int32(1), np.int32(1), np.int32(0), np.int32(1))",3.165125330792561e+26
305,10,2,4,1.242081746840882,"[-0.74573317 -0.93343792 -0.08006203  0.17429996  0.0956491  -0.10169286
  0.25477705  1.27341735  1.82745967  1.30613066  0.68880644  0.44151831
  0.26255174 -0.25664144  0.01581978  0.20137663 -0.48557301  0.10592667
  0.074365    0.38747228  0.72759197  0.46301702 -0.1960664  -0.22259355
 -0.55976265  0.4970628  -0.41430514  0.38221999 -0.06656536 -0.23783115
 -0.36178236 -0.14015609 -0.22094838 -0.17482598 -0.3563607  -0.40468031
 -0.36477288 -0.53889812  0.39624054 -0.56434049  0.32677161 -0.13089848
  0.31849213 -0.31635532 -0.21044244  0.16867432  0.18731263  0.06208881
  0.20168535 -0.26981545  0.05739488  0.51802837 -0.50178964 -0.0136745
 -2.03943395]",55,55,"(np.int32(0), np.int32(0), np.int32(1), np.int32(0), np.int32(0), np.int32(0), np.int32(1), np.int32(1), np.int32(0), np.int32(1))",3.165125330792561e+26
325,10,2,4,1.3045001993587717,"[-0.37448486 -0.34663405  0.77926467  0.73836641 -0.08656569  2.92797503
  0.49412353  1.09984672  2.2356016   2.03962998  0.73296517  0.32628161
  0.23718472 -0.16457919 -0.61914777  0.15379541 -0.27973817  0.13476043
 -0.14343621  0.21285006  0.46482767  0.48438711 -0.56979481 -0.20140329
 -0.58743132  0.48631377 -0.68085174  0.20649     0.04509856 -0.92626875
 -0.52514184 -0.15806119 -0.53090049 -0.26370039 -0.49083259 -0.86840465
 -0.22182592 -0.32556248  0.29231503 -0.84370827 -0.23170838  0.12685549
  0.59456133 -0.27697067 -0.25213959 -0.63905383 -0.55907487 -0.58900018
 -0.22799237 -0.4369298   0.33553761  0.62759294 -0.35599383  0.18527434
 -2.31949531]",55,58,"(np.int32(0), np.int32(0), np.int32(1), np.int32(0), np.int32(0), np.int32(0), np.int32(1), np.int32(1), np.int32(0), np.int32(1))",3.165125330792561e+26
345,10,2,4,1.2038908004326971,"[-0.64675279 -0.51379247  0.2571692   0.35198896 -0.18359468 -0.76059528
 -0.30673253  0.45881242  1.74503413  1.62050031  0.41935742  0.24641283
  0.17865339  0.08286197  0.0499461   0.24151262 -0.33518014  0.27581786
  0.02553824  0.25473896  0.38164333  0.36647366  0.16654646  0.05954603
 -0.4372149   0.22197042 -0.53902724  0.16723135 -0.14673089 -0.08497805
 -0.15126891  0.09101359 -0.24962434 -0.64222222 -0.31471188 -0.26733403
 -0.20950816 -0.29836484  0.33065918 -0.54423543  0.39442365 -0.11490512
  0.19765214 -0.28326845  0.18813157  0.25959863  0.53980301  0.16356105
 -0.06341327  0.00266109  0.16469272  0.34902453 -0.48020094  0.05574313
 -1.83207361]",55,56,"(np.int32(0), np.int32(0), np.int32(1), np.int32(0), np.int32(0), np.int32(0), np.int32(1), np.int32(1), np.int32(0), np.int32(1))",3.165125330792561e+26
365,10,2,4,1.197834895175469,"[-0.36001784 -0.24945679  0.21964303  0.49100675  0.01536302 -0.72114336
  0.005514    0.34211279  1.31996547  1.07197786  0.35110226  0.21812635
  0.06184841  0.02295697 -0.00894183 -0.08285474 -0.44224545  0.37700471
  0.1582962   0.21987135  0.23150785  0.30317708  0.1088402   0.06399371
 -0.55485773  0.26674782 -0.47789708  0.12643665 -0.24709463 -0.11619697
 -0.13887893  0.13218278 -0.14899329 -0.53693942 -0.23785568 -0.26945115
 -0.305385   -0.22198409  0.27192951 -0.44657258  0.33922244 -0.31543444
  0.13636054 -0.20868531  0.19142059  0.13701028  0.5606998   0.30101937
  0.0800528  -0.04340224  0.30254545  0.45777118 -0.28274388  0.25293963
 -1.83893874]",55,55,"(np.int32(0), np.int32(0), np.int32(1), np.int32(0), np.int32(0), np.int32(0), np.int32(1), np.int32(1), np.int32(0), np.int32(1))",3.165125330792561e+26
385,10,2,4,1.2517827338960814,"[-0.22039433 -0.18849667  0.24787022  0.73930405  0.11811915  2.3686113
 -0.00972922 -0.01661612  1.34896011  1.72037492  0.34530517  0.32864795
  0.08707657  0.01814196 -0.59341768  0.17836047 -0.22266375  0.30669351
 -0.04011498  0.1575789   0.18018854  0.39932767 -0.43296906  0.25302854
 -0.50959374  0.45331991 -0.57330915  0.08555039 -0.15229381 -0.67599841
 -0.16008818  0.24005798 -0.1398371  -0.4002431  -0.2769977  -0.83749256
 -0.20448905 -0.17411188  0.32763926 -0.56875179 -0.4046742  -0.31678734
  0.2401318   0.07203921  0.13783713 -0.40549671  0.12289239 -0.49887066
 -0.56077117  0.09533243  0.30487868  0.34274469 -0.05292422  0.30134504
 -1.89066103]",55,57,"(np.int32(0), np.int32(0), np.int32(1), np.int32(0), np.int32(0), np.int32(0), np.int32(1), np.int32(1), np.int32(0), np.int32(1))",3.165125330792561e+26
405,10,2,4,1.180366815589634,"[-0.39151749 -0.36190938  0.19777259  0.66276738 -0.32006922 -0.57096015
 -0.14552     0.2426086   1.49348081  1.18204704  0.1760037   0.3415174
  0.15129657  0.07178548 -0.0879391  -0.10726904 -0.17285833  0.31437842
  0.04597223  0.21822806  0.18175718  0.38130818  0.12929753  0.24591766
 -0.58062917  0.35250268 -0.41275977  0.12360625 -0.1038623  -0.06969839
 -0.16749406 -0.07335773 -0.25069548 -0.52801397 -0.34903367 -0.23683766
 -0.34228046 -0.43166766  0.24573969 -0.48518767  0.1631464  -0.09775653
  0.26656095 -0.06285783  0.29278784  0.25630495  0.56043539  0.17106453
 -0.00217018  0.07595803  0.11686455  0.34168487 -0.26700212  0.30325069
 -1.86341974]",55,55,"(np.int32(0), np.int32(0), np.int32(1), np.int32(0), np.int32(0), np.int32(0), np.int32(1), np.int32(1), np.int32(0), np.int32(1))",3.165125330792561e+26
5,10,2,5,1.4850000000000012,"[ 0.00000000e+00  1.00000000e+00  0.00000000e+00 -1.33226763e-15
  0.00000000e+00  0.00000000e+00  0.00000000e+00 -6.66133815e-16
  0.00000000e+00  0.00000000e+00  0.00000000e+00  0.00000000e+00
  0.00000000e+00  0.00000000e+00  0.00000000e+00  0.00000000e+00
  0.00000000e+00  0.00000000e+00  0.00000000e+00  0.00000000e+00
  0.00000000e+00  0.00000000e+00  0.00000000e+00  0.00000000e+00
  0.00000000e+00  0.00000000e+00  0.00000000e+00  0.00000000e+00
  0.00000000e+00  0.00000000e+00  0.00000000e+00  0.00000000e+00
  0.00000000e+00  0.00000000e+00  0.00000000e+00  0.00000000e+00
 -1.00000000e+00  0.00000000e+00  0.00000000e+00  0.00000000e+00
  0.00000000e+00  0.00000000e+00  0.00000000e+00  0.00000000e+00
  0.00000000e+00  0.00000000e+00  0.00000000e+00  0.00000000e+00
  0.00000000e+00  0.00000000e+00  0.00000000e+00  0.00000000e+00
  0.00000000e+00  0.00000000e+00  0.00000000e+00]",4,4,"(np.int32(0), np.int32(0), np.int32(1), np.int32(0), np.int32(0), np.int32(0), np.int32(1), np.int32(1), np.int32(0), np.int32(1))",3.165125330792561e+26
25,10,2,5,6.939003212841466e+24,"[-1.67877758e+25  5.39930249e+16 -7.41244838e+24  2.45714929e+16
 -4.87465971e+17  1.05565836e+24  5.29012577e+19  5.51596588e+21
 -1.15204446e+24 -4.18548154e+16 -9.31368215e+19  9.66656362e+24
  1.45468349e+19  3.41079579e+24  5.00621202e+24  7.05604818e+24
 -6.50624721e+17  1.98336134e+24 -2.82501464e+17  1.58716988e+17
 -6.33458794e+20  6.45672958e+20  2.35142334e+21 -1.22681575e+19
  7.48535964e+17 -4.01027667e+16 -4.89219845e+24  5.53920504e+24
  5.97309384e+20  2.25494500e+23  6.51110750e+22 -3.46078921e+24
  3.28544877e+19  7.12121248e+24 -1.82940007e+24  1.07908735e+25
 -5.53848096e+24  1.62047045e+24 -6.68255127e+23  1.18811149e+21
 -3.98691365e+22 -4.46197885e+22  8.15037818e+22 -1.63013855e+23
  4.83182578e+24 -8.49937271e+24  1.92410485e+22  2.39082930e+20
 -1.74920263e+17  6.45605838e+21  4.05520917e+18  1.48790369e+24
  6.08638014e+24 -4.99555458e+24  2.01667435e+18]",55,64,"(np.int32(0), np.int32(0), np.int32(1), np.int32(0), np.int32(0), np.int32(0), np.int32(1), np.int32(1), np.int32(0), np.int32(1))",3.165125330792561e+26
45,10,2,5,1.644826582400077e+98,"[ 1.50318562e+98 -3.20144505e+98 -3.61278244e+96  8.98980164e+97
 -5.08553725e+97  0.00000000e+00  0.00000000e+00  0.00000000e+00
  1.81532737e+98 -6.71987766e+97 -4.98357587e+97 -1.09656320e+98
  1.83212669e+98  6.09678393e+97  1.34882333e+98 -1.02210445e+98
 -2.59560729e+98 -4.09692099e+97 -1.12802615e+97  2.29233831e+98
 -5.71841542e+97  1.77709066e+98  4.31144213e+97  1.97778367e+98
  0.00000000e+00  0.00000000e+00  0.00000000e+00 -1.79296841e+98
 -1.08743518e+98 -1.23239099e+98  6.36882290e+97  1.67220869e+98
 -9.55726326e+97  3.71687620e+97 -3.57798737e+97  5.64570340e+97
 -9.66598610e+97  0.00000000e+00  0.00000000e+00  0.00000000e+00
 -1.01410402e+96  9.21630633e+97 -1.37694220e+98 -2.44687758e+97
 -7.26719701e+97 -4.46393272e+97  3.90257156e+97  0.00000000e+00
  1.03382390e+96  0.00000000e+00  0.00000000e+00 -1.41868867e+98
 -1.21468030e+98  2.11692110e+98  2.56152565e+97]",43,500,"(np.int32(1), np.int32(0), np.int32(0), np.int32(1), np.int32(0), np.int32(0), np.int32(0), np.int32(0), np.int32(0), np.int32(0))",7.594781648142674e+98
65,10,2,5,2501.462672566786,"[-2018.34367447 -1771.08447732  1809.63210912  4238.90990327
   997.12933098  -549.699774    -219.35332428 -2251.57547412
  -421.53214928  4063.54984028  -771.74236417  -361.5476981
   465.30543437   231.71295913  3175.14929197  3047.5399591
  -627.37407763   502.45907501  -922.13867512   761.68161633
  1436.35479659   861.67765176 -2605.6750152   -555.64184351
 -1611.13016393  2083.19793723  2976.29088303 -1051.73642366
  -356.01064222   312.33506255 -1755.95911159   210.56997734
  1044.99058473  -993.54014302 -2578.1349403  -3336.49518155
 -2012.49427437  1990.92618877 -2559.17998339   429.08027794
   739.45412722   947.71802152  3420.02102265  -851.85396634
 -2986.06400282    84.31520808  2168.59501038   288.29762486
    16.37363749  2019.75113849  1452.17421907 -2517.31627403
   660.75501171 -3901.32038767  -947.19543588]",55,71,"(np.int32(1), np.int32(0), np.int32(0), np.int32(1), np.int32(0), np.int32(0), np.int32(0), np.int32(0), np.int32(0), np.int32(0))",7.594781648142674e+98
85,10,2,5,2.2749862735454163,"[-0.37009008 -1.90494281  1.24761071  4.35491506  0.03649887 -3.01286616
  0.69952747  2.53478126  3.00451864  0.68938228  0.90302144 -0.33249156
 -1.05123193  0.683852   -1.68195902 -0.22439895  0.85994346  1.48119683
  0.65739824  0.53837854 -0.46116979  1.34858749  0.6877364   0.93847535
 -1.02615908  0.47804619  0.65717156  0.47313518 -0.48684009  1.26760602
 -0.3767623  -2.33609096  0.61324554 -1.12822475 -1.69125018  1.66236154
 -1.70505107 -1.93284698 -0.54785091 -1.3034488   1.74666192 -1.03817724
  0.67519495 -2.35162163  0.0764821   0.46169656  0.72991908  1.12128436
 -0.22849925 -0.8939836  -0.05366564  1.02167184 -2.91686473  0.99877004
 -2.4475422 ]",55,58,"(np.int32(1), np.int32(0), np.int32(0), np.int32(1), np.int32(0), np.int32(0), np.int32(0), np.int32(0), np.int32(0), np.int32(0))",7.594781648142674e+98
105,10,2,5,2.7451506074613907,"[ 2.05100229  0.02582983  6.83856015  8.09418135  0.61469295 -2.98365414
  2.81501998  1.99642411  3.69097056  1.06526338  0.39664067 -3.46935571
 -2.41806453  0.36575848 -0.99191695 -0.52869968 -0.09951296  2.28746842
  0.04920564  0.34756563 -1.55628936  1.53958218 -1.49749636 -0.01296922
 -0.64568378 -0.53582302  1.38412916 -0.3875317  -2.15774051  0.46773208
 -2.27578782 -1.60691355 -0.77055909 -2.23903171 -2.83700881  0.09773393
 -3.03486415 -2.32801054 -1.55043187 -0.1304541   2.81355208 -1.20095293
  1.34049657 -1.78876143 -0.01707219  1.33284909  1.22887844  1.88985812
  0.71149013 -0.37610502  2.05818934 -0.3216534  -2.00238293  1.14674665
 -3.85073158]",55,61,"(np.int32(1), np.int32(0), np.int32(0), np.int32(1), np.int32(0), np.int32(0), np.int32(0), np.int32(0), np.int32(0), np.int32(0))",7.594781648142674e+98
125,10,2,5,3.264883525632894,"[ 2.17655579 -8.95473052  2.22475838  6.99700754  3.90480821 -6.2825455
  1.36034181  3.01771666  2.54721593  7.1027614   4.0701675  -0.64815722
 -1.50347634 -3.9512723   1.8323697  -1.14575663 -1.2292275   1.86306368
 -3.00690274 -0.25275166 -0.18657598  2.82096409  0.45185531  3.96302174
  0.12942779  3.07714886  1.52386261 -1.05610707 -0.41814741  1.37168315
 -0.800022   -1.63388719  1.47755014 -1.784569   -2.53812253  1.00377743
 -2.85081851 -2.19676297 -2.20017851 -0.36967047  2.91067954 -1.78167204
  1.01730769 -1.76291169 -2.47534865  1.79335883  0.85129682 -0.43868796
  0.53945285 -0.58714413  0.78804639 -2.44054404 -2.42354883 -0.14383674
 -4.51176457]",55,62,"(np.int32(1), np.int32(0), np.int32(0), np.int32(1), np.int32(0), np.int32(0), np.int32(0), np.int32(0), np.int32(0), np.int32(0))",7.594781648142674e+98
145,10,2,5,2.4254993329731875,"[ 1.22676813  1.6899535   6.52153137  5.4405338  -2.86907778  6.61911156
  1.4322279  -0.66404002  6.08198467  2.27209506  0.54263926 -2.65139042
 -1.02462147  1.53307729 -2.81917381  0.48824219 -0.05191473 -0.24368021
  0.70543255 -2.18892821 -0.96510364  0.44818456 -0.94473609 -0.13139944
  0.756661    0.73232002 -1.08517742  0.09411904 -0.54226671 -0.76601729
 -1.98559669 -0.72345017 -0.97127104 -1.23576921 -0.86229413 -0.61232727
 -2.24863083 -0.82658447 -1.55608018 -1.424587   -0.57448059  2.01329861
  0.88243474 -0.70127945  1.29942526 -2.27732335  0.14008833 -2.02039417
 -1.60635754  0.29861293 -0.27115906  1.1817877  -0.01254656  0.37516826
 -3.69724795]",55,62,"(np.int32(1), np.int32(0), np.int32(0), np.int32(1), np.int32(0), np.int32(0), np.int32(0), np.int32(0), np.int32(0), np.int32(0))",7.594781648142674e+98
165,10,2,5,14.634662677011406,"[ 24.60198107 -43.44066039  27.34322008  37.6267801   23.80215712
 -24.9785495   19.3038274   11.5600643   16.37239508  29.03036607
  17.68766818 -11.25099028  -9.96844631 -18.02484324   6.09804288
 -12.12110564  -5.62798834   2.4764805  -15.16739219   6.44969438
  -5.24384147  13.34137746  -5.47429892  18.08762442   7.51090437
  12.59541248   9.64468051 -10.29037796 -12.72515743  -0.10957681
  -8.36424168  -4.94072857   3.46879971 -12.85745061 -11.55310476
   3.17943035 -13.94024498  -9.5585303  -11.94215087   4.19999398
  16.79571563  -9.21820616   0.39947767 -10.33618742 -13.19932464
   8.3572643    5.92888625  -2.05968053  10.62663556  -4.09863183
   2.5848164  -18.21356121  -9.53972783  -2.27100283 -17.16054319]",55,64,"(np.int32(1), np.int32(0), np.int32(0), np.int32(1), np.int32(0), np.int32(0), np.int32(0), np.int32(0), np.int32(0), np.int32(0))",7.594781648142674e+98
185,10,2,5,1.4085865803885047,"[ 0.06883917  0.35011046  1.73089925  2.09527502  0.03942879 -1.44410619
  0.3839644   0.63620492  2.4679848   1.20036415  0.3371275   0.13559984
 -0.39705273 -0.10892597 -0.55828477  0.07255925 -0.21621881  0.71040943
 -0.32651081 -1.20275407 -0.37422869  0.49701678  0.4096017   0.30771687
 -0.8563714   0.19209881  0.05111459 -0.63272103  0.18015858  0.25737274
 -0.31076695 -0.466798    0.40157908 -1.24392905 -0.51360892  0.09055106
 -0.83566554 -0.77610146  0.11753834 -0.37822338  0.79514825 -0.67126215
  0.45620552 -0.89692923  0.15941894  0.61972657  1.31961364 -0.38440241
 -0.28142116 -0.34027527  0.07312298  0.67808867 -0.90314654  0.54565229
 -1.90532059]",55,56,"(np.int32(1), np.int32(0), np.int32(0), np.int32(1), np.int32(0), np.int32(0), np.int32(0), np.int32(0), np.int32(0), np.int32(0))",7.594781648142674e+98
205,10,2,5,1.2749975716527526,"[-0.57730564 -0.35204934  0.86727339  1.18829681 -0.13858456 -0.77032133
 -0.49440978  0.27402077  2.01512549  1.75126493  0.42016404  0.22727621
  0.1972193   0.17081394 -0.30915037  0.48723739 -0.29483883  0.82447268
 -0.57813491 -0.07141016 -0.12669365  0.21697429  0.22318334  0.45086559
 -0.38701823  0.46526243 -0.46298023 -0.30070859  0.21331548 -0.12125032
 -0.16322729 -0.28729118  0.2368366  -0.99311191 -0.46203532  0.00240767
 -0.52275863 -0.39773845  0.3957558  -0.6614295   0.54741738 -0.19382585
  0.3005454  -0.95465585  0.33153557  0.34987142  0.82570298 -0.43706163
 -0.13963424 -0.12973643  0.0243537   0.59883151 -0.66314196  0.25945133
 -1.86184039]",55,56,"(np.int32(1), np.int32(0), np.int32(0), np.int32(1), np.int32(0), np.int32(0), np.int32(0), np.int32(0), np.int32(0), np.int32(0))",7.594781648142674e+98
225,10,2,5,1.2483030416362937,"[-3.29028545e-01 -6.90756677e-02  8.64990614e-01  1.31817714e+00
 -2.57316116e-01 -5.84484784e-01 -8.60605704e-02  2.32536168e-01
  1.59978225e+00  8.01132752e-01  2.41569918e-01  1.91677366e-01
  1.19434204e-01  1.85230862e-01 -3.01761502e-01 -1.67615637e-02
 -2.70042911e-01  8.43277496e-01 -3.58260449e-01 -1.27873600e-01
 -2.04480842e-01  1.10247399e-01  1.73331503e-01  4.41527540e-01
 -3.71359043e-01  3.61769509e-01 -4.21472948e-01 -4.15981592e-01
  1.52994738e-01 -2.56203165e-01 -1.67883205e-01 -2.92734097e-01
  2.62134916e-01 -6.22623788e-01 -4.54729093e-01  1.22854699e-03
 -7.21171697e-01 -5.18379903e-01  4.04219273e-01 -2.14798603e-01
  4.47700065e-01 -4.08535865e-01  3.01878404e-01 -6.03428913e-01
  6.90185289e-01  3.01713583e-01  8.18753784e-01 -2.78383848e-01
 -6.09350793e-02 -1.20194183e-01  2.64517272e-01  8.01332110e-01
 -5.69338975e-01  2.98509217e-01 -2.03976885e+00]",55,55,"(np.int32(1), np.int32(0), np.int32(0), np.int32(1), np.int32(0), np.int32(0), np.int32(0), np.int32(0), np.int32(0), np.int32(0))",7.594781648142674e+98
245,10,2,5,1.2608591438548469,"[-0.20318746  0.06273597  0.99563298  1.31831398 -0.06572491 -0.66494264
 -0.0995101  -0.11915676  1.67416679  0.74648737  0.09299908  0.00254493
 -0.05294786  0.18800189 -0.31376415 -0.0883907  -0.22644834  1.02740739
 -0.19500242 -0.10498368 -0.04432737 -0.14649988  0.39571288  0.40427124
 -0.34418563  0.16441646 -0.45371636 -0.33136387 -0.08891724 -0.24299898
 -0.21074961 -0.10513817  0.24379612 -0.66281341 -0.64682484  0.05648006
 -0.64888124 -0.40357681  0.24160166 -0.25591624  0.28977968 -0.4907346
  0.37470662 -0.36010757  0.90726681  0.40499509  0.94926037 -0.45144048
 -0.18052748  0.0531693   0.16519421  0.75370141 -0.70284147  0.21001764
 -1.88389973]",55,55,"(np.int32(1), np.int32(0), np.int32(0), np.int32(1), np.int32(0), np.int32(0), np.int32(0), np.int32(0), np.int32(0), np.int32(0))",7.594781648142674e+98
265,10,2,5,1.2995939935780398,"[-0.05842573  0.21959549  0.82689699  1.19897562  1.20977731 -0.75627938
  0.31094204  0.10919124  1.87620515  0.66635192  0.27407147  0.1821478
  0.0332657  -0.25579285 -0.40611859 -0.25132428 -0.10519868  0.97944055
 -0.05552204 -0.19850377  0.08148914 -0.54848681  0.35768651  0.14088248
 -0.53493844  0.35214668 -0.27489053 -0.2666329  -0.26192653 -0.11608476
 -0.12899221  0.09337183  0.20792203 -0.70900966 -0.8949401   0.24886836
 -0.76986176 -0.35067805  0.22756051 -0.16151272  0.21898396 -0.62028751
  0.22272502 -0.64883207  0.64011245  0.27824423  0.91558808 -0.28508801
 -0.15961148  0.02989962  0.0547495   0.81763087 -0.98162124  0.24333148
 -1.95104507]",55,56,"(np.int32(1), np.int32(0), np.int32(0), np.int32(1), np.int32(0), np.int32(0), np.int32(0), np.int32(0), np.int32(0), np.int32(0))",7.594781648142674e+98
285,10,2,5,1.2080655503337583,"[-0.04352083  0.01408239  0.61283686  0.86138982 -0.40399661 -0.64083482
 -0.13887646  0.2657947   1.52880759  0.39350325 -0.07860041  0.27651938
  0.17311707  0.1493502  -0.5184887  -0.25279618 -0.13832372  0.66718965
  0.09815482 -0.06887334  0.01488824 -0.01754846  0.38397266  0.33840321
 -0.47089233  0.28338315 -0.32336656 -0.13696665  0.06106132 -0.08785959
 -0.14779495 -0.13010246 -0.22095132 -0.54679435 -0.49254104  0.14121016
 -0.62318285 -0.4250719   0.26017056 -0.13362597  0.27131022 -0.21813407
  0.33480853 -0.11198876  0.82867799  0.29816967  0.6830701  -0.09083855
 -0.03454121 -0.10173786  0.26511252  0.8007891  -0.6937702   0.25372626
 -1.92685447]",55,56,"(np.int32(1), np.int32(0), np.int32(0), np.int32(1), np.int32(0), np.int32(0), np.int32(0), np.int32(0), np.int32(0), np.int32(0))",7.594781648142674e+98
305,10,2,5,1.2135082939154573,"[-0.28800963  0.27228103  0.21606886  0.86121999 -0.30682546 -0.8118025
 -0.09594065  0.13808353  1.31330827  0.49548491 -0.07068868  0.22452136
  0.13815281  0.24168245 -0.27109494 -0.18949252 -0.01371037  0.6394349
  0.09682905  0.08320833 -0.00535211 -0.16258638  0.23166271  0.15363437
 -0.67999315  0.27981135 -0.28242015  0.09447067 -0.041402    0.02235787
 -0.10539393  0.03330548 -0.22683397 -0.48147646 -0.59412869  0.01035441
 -0.53639839 -0.54009447  0.30895239 -0.13616529  0.24367875 -0.25309983
  0.48166373  0.14202384  0.64468463  0.37235582  0.69370309  0.04565603
  0.05976611  0.02018993  0.30576463  0.62659981 -0.55048946  0.22087868
 -2.01589747]",55,55,"(np.int32(1), np.int32(0), np.int32(0), np.int32(1), np.int32(0), np.int32(0), np.int32(0), np.int32(0), np.int32(0), np.int32(0))",7.594781648142674e+98
325,10,2,5,1.1936610646129544,"[-0.15361733  0.09597222  0.34131254  1.27160802 -0.25672346 -0.80938802
 -0.04116387  0.11899443  1.51925102  0.51141647 -0.02398503  0.27030685
  0.22614189  0.15123925 -0.3240271  -0.28659982  0.00306578  0.41136024
  0.04558904  0.15729222  0.09536024 -0.04883358  0.27006502  0.14542525
 -0.58620142  0.24406307 -0.30029902 -0.48467363 -0.03961838  0.14781827
  0.00821401 -0.10225752 -0.16674988 -0.40433064 -0.64529559 -0.08790679
 -0.59912731 -0.62359214  0.30191692 -0.21643845  0.32332341 -0.2178905
  0.4407208   0.01189604  0.66599807  0.25813695  0.72422261 -0.01927194
  0.10553159  0.10216218  0.28730069  0.64746556 -0.41550358  0.26012811
 -2.0572631 ]",55,56,"(np.int32(1), np.int32(0), np.int32(0), np.int32(1), np.int32(0), np.int32(0), np.int32(0), np.int32(0), np.int32(0), np.int32(0))",7.594781648142674e+98
345,10,2,5,1.2017598120303237,"[-0.39959187  0.2032281  -0.32451235  0.7925552  -0.48339877 -0.58603238
 -0.4067183   0.17603199  1.54972995  0.94764278  0.02199429  0.37388139
  0.24360069  0.22310314 -0.1663843  -0.17021882 -0.18292953  0.55291897
  0.05872898  0.20747893  0.09708392  0.10078356 -0.01964152  0.13393632
 -0.67214745  0.2807849  -0.4245548   0.33239567  0.05373069  0.05918196
  0.12078267  0.05050041 -0.21205117 -0.46295913 -0.64369729 -0.25003886
 -0.3739812  -0.57177147  0.2965425  -0.40198519  0.19998963  0.1453146
  0.37859493 -0.13442152  0.48257846  0.16480542  0.67754096  0.09610607
  0.19209992  0.26251582  0.07682517  0.43688894 -0.4515953   0.20700906
 -1.88916964]",55,57,"(np.int32(1), np.int32(0), np.int32(0), np.int32(1), np.int32(0), np.int32(0), np.int32(0), np.int32(0), np.int32(0), np.int32(0))",7.594781648142674e+98
365,10,2,5,1.217831412659089,"[-0.64183063  0.09623156 -0.36453722  1.0244085  -0.55587332 -0.76299145
 -0.48002013  0.06284131  1.49996292  1.17336366 -0.02287575  0.44469017
  0.23349814  0.30483965 -0.09767592 -0.05173169 -0.06695346  0.58800475
  0.01907118  0.33471188  0.13784826  0.26004864 -0.01674009  0.22630271
 -0.6798418   0.21760282 -0.49534939  0.27255385 -0.02195172  0.23782611
  0.09032839  0.0874285  -0.27185797 -0.6320083  -0.62839352 -0.3385782
 -0.47356104 -0.63084283  0.26490597 -0.51564117  0.25050127 -0.01935845
  0.37667101 -0.1482324   0.56027403  0.20729162  0.67255736  0.17416436
  0.18609195  0.28525841  0.18430428  0.43106717 -0.36658588  0.22067001
 -1.96066975]",55,56,"(np.int32(1), np.int32(0), np.int32(0), np.int32(1), np.int32(0), np.int32(0), np.int32(0), np.int32(0), np.int32(0), np.int32(0))",7.594781648142674e+98
385,10,2,5,1.1897178756741382,"[-0.32674837 -0.16457552  0.04949973  0.70947013 -0.34314199 -0.46320143
 -0.2586945   0.34771492  1.57790847  1.2476318   0.13075084  0.31014063
  0.23470188  0.16951166 -0.06951887 -0.13928742 -0.17435018  0.37978541
 -0.09021575  0.24456203  0.17750109  0.32932425  0.06513803  0.29646969
 -0.64935069  0.26484685 -0.41007871  0.21602284 -0.06357643 -0.0743355
 -0.08226755  0.02437041 -0.21658576 -0.50152472 -0.46748298 -0.2596041
 -0.2808187  -0.55769936  0.2023845  -0.44675633  0.14932699 -0.03682699
  0.19427089 -0.09280993  0.35089473  0.16802515  0.54180315  0.06626593
  0.05204877  0.11759398  0.12118748  0.32066815 -0.30822753  0.2731185
 -1.83448946]",55,55,"(np.int32(1), np.int32(0), np.int32(0), np.int32(1), np.int32(0), np.int32(0), np.int32(0), np.int32(0), np.int32(0), np.int32(0))",7.594781648142674e+98
405,10,2,5,1.1803668155896354,"[-0.39151749 -0.36190938  0.19777259  0.66276738 -0.32006922 -0.57096015
 -0.14552     0.2426086   1.49348081  1.18204704  0.1760037   0.3415174
  0.15129657  0.07178548 -0.0879391  -0.10726904 -0.17285833  0.31437842
  0.04597223  0.21822806  0.18175718  0.38130818  0.12929753  0.24591766
 -0.58062917  0.35250268 -0.41275977  0.12360625 -0.1038623  -0.06969839
 -0.16749406 -0.07335773 -0.25069548 -0.52801397 -0.34903367 -0.23683766
 -0.34228046 -0.43166766  0.24573969 -0.48518767  0.1631464  -0.09775653
  0.26656095 -0.06285783  0.29278784  0.25630495  0.56043539  0.17106453
 -0.00217018  0.07595803  0.11686455  0.34168487 -0.26700212  0.30325069
 -1.86341974]",55,55,"(np.int32(1), np.int32(0), np.int32(0), np.int32(1), np.int32(0), np.int32(0), np.int32(0), np.int32(0), np.int32(0), np.int32(0))",7.594781648142674e+98
