sample_size,n,k,repeat,mae,coefficients,non_zero_coef,num_iter,best_x,predicted_best
5,10,2,1,1.3485536532170121,"[-0.05235005  0.0547928  -0.01625954  0.01044166 -0.04435115  0.02908397
 -0.04435115 -0.02908397  0.         -0.0967012  -0.0280916  -0.01044166
  0.01625954  0.0967012   0.02326609  0.0967012  -0.02326609 -0.05235005
  0.04435115  0.0967012   0.04435115 -0.01044166 -0.08387677 -0.01044166
  0.08387677  0.0547928   0.01625954  0.05235005 -0.0280916  -0.01282443
 -0.0280916   0.01282443 -0.01625954 -0.0547928  -0.0547928  -0.03952563
 -0.0547928   0.03952563  0.01044166 -0.0280916   0.01526718  0.
 -0.01526718 -0.04435115  0.05235005  0.01526718  0.          0.02908397
  0.06761723 -0.01526718 -0.04435115  0.05235005 -0.02908397 -0.06761723
 -0.0967012 ]",52,,"(np.int32(1), np.int32(0), np.int32(0), np.int32(1), np.int32(1), np.int32(0), np.int32(1), np.int32(1), np.int32(0), np.int32(1))",7.0
25,10,2,1,1.4182016856611903,"[ 0.02463094 -0.00731084 -0.08766629  0.10142469  0.05032968  0.08528549
 -0.14739776  0.09406957  0.12319694 -0.31959755 -0.01945891 -0.07435605
  0.1514846  -0.05059919  0.01439385  0.3008549  -0.00347315  0.14883101
  0.2653085  -0.20530653 -0.16063163  0.05218849 -0.00524682 -0.10020192
 -0.01043281  0.16485297 -0.06073145 -0.01255731 -0.31290419 -0.05618111
 -0.11694803  0.08801282 -0.0297512   0.12125646 -0.20203721  0.06873842
 -0.04171337  0.23975266 -0.00431927  0.21999503  0.03615876  0.02595351
 -0.08318146  0.12496382  0.32352958  0.08962007  0.09804034 -0.06441915
 -0.1168189   0.04837723 -0.09254848  0.01336231 -0.23329743 -0.07780644
 -0.3403867 ]",55,,"(np.int32(1), np.int32(0), np.int32(1), np.int32(1), np.int32(0), np.int32(0), np.int32(1), np.int32(1), np.int32(0), np.int32(1))",8.531528318548958
45,10,2,1,1.8399923702281087,"[ 0.05826888 -0.03958536 -0.05932383 -0.10569749 -0.2359024   0.29167681
 -0.09907628  0.4263956  -0.07661428 -0.23001659  0.12792919 -0.02729853
  0.05610241  0.15853312 -0.21761822  0.37720774 -0.15612036  0.15306125
  0.59723873 -0.42351336 -0.63805824 -0.35586709 -0.21563575  0.33898188
  0.30442454  0.37126865 -0.4151239  -0.2531274  -0.04340554 -0.43567283
  0.12299119  0.03968272  0.04790567 -0.04680943 -0.18702558  0.38854878
 -0.2373803   0.14256851  0.05217269  0.0478065   0.22205595  0.14856683
 -0.19395998  0.01826679  0.23697268 -0.0731789   0.3954511  -0.08571906
 -0.15448639  0.70965479  0.19998144 -0.00192413 -0.14717761 -0.12370225
 -0.41180932]",55,,"(np.int32(1), np.int32(0), np.int32(1), np.int32(0), np.int32(1), np.int32(0), np.int32(0), np.int32(0), np.int32(0), np.int32(1))",10.85887104559318
65,10,2,1,2.3491075205989587,"[-0.21289549 -0.22741494 -0.0062045   0.00642236 -0.12134698  0.31825641
 -0.15145155  0.78593835 -0.46822197 -0.6107078   0.18138913 -0.09342456
 -0.31276471 -0.2985478  -0.673315    0.29456501 -0.14187157  0.01267801
  0.66997292 -0.60004046 -0.39918398 -0.70453125  0.01938206  0.49113011
  0.48291931  0.19156945  0.11136717 -0.44699342  0.01141224 -0.32487208
 -0.47240841  0.0162506   0.17000325  0.13480272 -0.66245443  0.13081861
 -0.04130203  0.35075312 -0.07803759 -0.15960231  0.14185476 -0.32317303
 -0.03623584  0.1163386   0.18897299 -0.43258914  0.08015129  0.34230243
 -0.20637348  0.30635602 -0.01614738  0.38900914  0.17195044 -0.05843116
 -0.26270401]",55,,"(np.int32(1), np.int32(1), np.int32(0), np.int32(0), np.int32(1), np.int32(0), np.int32(1), np.int32(0), np.int32(0), np.int32(1))",12.866170689863583
85,10,2,1,1.9634037358601675,"[ 0.14385873 -0.18823857 -0.66081537  0.04193532 -0.09477733  0.22372135
  0.01919835  0.51595018 -0.18877819 -0.37831423  0.13254056  0.23825302
 -0.19897076 -0.00844255 -0.23892494  0.20896549 -0.12876989 -0.43163213
  0.32538511 -0.27913268 -0.14053099 -0.13160316  0.33068158  0.33332452
  0.54345758  0.35590005 -0.41865343 -0.29143307 -0.06617143 -0.11571724
  0.02097094 -0.15296818 -0.01502614  0.36350398  0.16019749  0.10964245
 -0.68255304 -0.06631484  0.31966321 -0.31604515  0.19708524 -0.03270022
 -0.18771871  0.24231817  0.33343825  0.0477592  -0.10844963  0.04646364
  0.20157557  0.6288611  -0.17724395 -0.25578035  0.15588058 -0.14608475
 -0.75197443]",55,,"(np.int32(1), np.int32(1), np.int32(0), np.int32(0), np.int32(1), np.int32(0), np.int32(1), np.int32(0), np.int32(0), np.int32(1))",12.866170689863583
105,10,2,1,1.6584671468662475,"[ 0.06870111  0.03072433 -0.12733656 -0.08682687 -0.17270779  0.08172958
 -0.01987313  0.22026591 -0.18105089 -0.05337524  0.10567703 -0.06048447
 -0.05849995  0.12186856  0.03061767  0.10134567  0.05275175 -0.29445815
 -0.0484427  -0.00347294 -0.14115827 -0.16749648  0.07798774  0.52486791
  0.28039929  0.36203921 -0.12581072 -0.24964046 -0.02319413  0.04313826
 -0.02353954  0.12606943  0.3380083   0.08154195 -0.18993186  0.01587142
 -0.41441782 -0.1136775   0.1145514   0.00598086  0.22841726  0.0030477
 -0.19551167  0.16769881  0.30663752  0.01432844  0.00234404 -0.03260515
 -0.0275264   0.33180516 -0.12934791 -0.31431819  0.10411773 -0.04004452
 -0.74361936]",55,,"(np.int32(1), np.int32(1), np.int32(0), np.int32(0), np.int32(1), np.int32(0), np.int32(1), np.int32(0), np.int32(0), np.int32(1))",12.866170689863583
125,10,2,1,1.639312697472289,"[-4.29927342e-02  6.95875064e-02 -1.79670191e-01 -1.17141660e-01
 -2.64761845e-01 -4.13296103e-02  7.22544175e-04  2.99809602e-01
 -1.66709022e-01 -1.48017385e-01 -1.52504875e-02 -1.43698336e-01
  6.67397107e-02  4.70238530e-02 -1.53273520e-01  1.45422287e-01
 -1.58759107e-02 -6.77777239e-02  4.28657963e-02  1.01329847e-01
 -3.60712335e-01 -1.03697916e-01  2.93749096e-02  4.13938835e-01
  2.40740369e-01  1.31578431e-01 -1.04776899e-01 -1.21457779e-01
 -1.05160515e-01  8.29898900e-02  2.32073095e-02  8.21990142e-02
  2.60379581e-01  1.03602888e-01 -2.58210313e-02 -3.90219121e-02
 -3.95996893e-01 -1.45229678e-01  1.59379934e-01  8.77952725e-02
  3.62176138e-01 -5.57156777e-02 -2.90917671e-01  1.31870503e-01
  3.49399056e-01 -6.54404935e-02 -1.71669994e-01 -8.71296613e-02
  8.81556114e-02  3.60596830e-01 -1.20016032e-02 -2.61676403e-01
  7.82098109e-02 -1.37191210e-01 -7.35338750e-01]",55,,"(np.int32(1), np.int32(1), np.int32(0), np.int32(0), np.int32(1), np.int32(0), np.int32(1), np.int32(0), np.int32(0), np.int32(1))",12.866170689863583
145,10,2,1,1.645603233663653,"[-0.09050251  0.1208343  -0.07611523 -0.09369421 -0.18897789 -0.13553303
  0.0288597   0.26643068 -0.23839607 -0.23026678 -0.11992659 -0.24836242
  0.04024756  0.05355746 -0.10573858  0.16742111  0.08740483 -0.09321715
  0.08095653  0.0149816  -0.30571631 -0.06955154 -0.04982443  0.45836975
  0.16346825  0.06908129 -0.0262406  -0.17668387 -0.0900781  -0.01469564
 -0.01185747  0.05128049  0.14498902  0.08658333  0.02415337 -0.05593533
 -0.3350455  -0.20728608  0.10232759  0.13544302  0.43340202 -0.12561882
 -0.28663379  0.0798744   0.2762596  -0.08577664 -0.23191659 -0.05230149
  0.07221509  0.30117167  0.09203066 -0.05715252 -0.00634055 -0.14183056
 -0.55181324]",55,,"(np.int32(1), np.int32(1), np.int32(0), np.int32(0), np.int32(1), np.int32(0), np.int32(1), np.int32(0), np.int32(0), np.int32(1))",12.866170689863583
165,10,2,1,1.4815694134095727,"[-0.07810837  0.05184787  0.02109066 -0.0674574  -0.11801119 -0.0926897
  0.03965394  0.09689478 -0.35243529 -0.00723718 -0.12433777 -0.37140751
  0.07861581 -0.09286854 -0.04397432  0.22506456  0.17153365  0.06717286
  0.06192111  0.05706962 -0.20461839 -0.04836348 -0.09800095  0.27411198
  0.16734399  0.08893245  0.06364044 -0.04218706 -0.10455662 -0.10089458
 -0.06485679  0.13544242  0.06460283 -0.00377429 -0.02745848  0.00567166
 -0.240794   -0.02910187  0.03976334  0.053623    0.27579992 -0.12627007
 -0.13693472  0.05337096 -0.00569978 -0.04592864 -0.03003185  0.11551174
 -0.05095852  0.25774167  0.15821736  0.05812385 -0.02297946  0.06408212
 -0.54201117]",55,,"(np.int32(1), np.int32(1), np.int32(0), np.int32(0), np.int32(1), np.int32(0), np.int32(1), np.int32(0), np.int32(0), np.int32(1))",12.866170689863583
185,10,2,1,1.4601487283703092,"[ 0.02347002 -0.07558866 -0.04486608  0.01492332 -0.12548831 -0.12567752
 -0.01790733  0.10276011 -0.46095313  0.00114767 -0.0798309  -0.34101186
 -0.0445353  -0.23911965 -0.00950769  0.28457984  0.22521236  0.02685707
  0.07444423 -0.02835345 -0.13695311 -0.13695379 -0.1308023   0.19813311
  0.1892885   0.07886223  0.0824622   0.05088242 -0.07295066 -0.08349986
 -0.09479794  0.22078761  0.04116229 -0.05214699 -0.03884091 -0.00799141
 -0.28792285  0.06485245  0.00315734  0.00661931  0.2707168  -0.19974597
 -0.10735717 -0.01566781 -0.03619378 -0.10295725 -0.03745922  0.04823367
  0.0351109   0.23561368  0.06303669  0.18455794 -0.06015345  0.01717723
 -0.45942976]",55,,"(np.int32(1), np.int32(1), np.int32(0), np.int32(0), np.int32(1), np.int32(0), np.int32(1), np.int32(0), np.int32(0), np.int32(1))",12.866170689863583
205,10,2,1,1.4159054973312681,"[-0.02465928 -0.03547773  0.01652411  0.06795642 -0.12719094 -0.06848322
 -0.06060444  0.09447301 -0.51515307 -0.00965011 -0.06063362 -0.23657286
 -0.03468113 -0.24294031 -0.03451294  0.20150607  0.19873     0.01891954
  0.06464718 -0.02596626 -0.09531001 -0.16697204 -0.10259604  0.18768167
  0.16203763  0.06271328  0.08756006  0.01964247 -0.02918269 -0.02783254
 -0.08853619  0.25213761  0.07882269 -0.01293646 -0.02793688 -0.0016182
 -0.20550287  0.08266966  0.01218054  0.01253986  0.23892725 -0.2189145
 -0.11554817 -0.01170003 -0.01661277 -0.16796154 -0.04098492  0.05496707
  0.09054029  0.2283867  -0.00658415  0.12962236 -0.08307544 -0.00148629
 -0.49831328]",55,,"(np.int32(1), np.int32(1), np.int32(0), np.int32(0), np.int32(1), np.int32(0), np.int32(1), np.int32(0), np.int32(0), np.int32(1))",12.866170689863583
225,10,2,1,1.365344275442875,"[-0.05532703 -0.03836579  0.02134488  0.09348522 -0.0898704  -0.00827848
 -0.10003015  0.10784783 -0.47341841  0.0529845  -0.05272539 -0.17274259
  0.01685537 -0.17711303 -0.0363219   0.14782991  0.13013723  0.00262216
  0.09208338 -0.02580696 -0.08162141 -0.18341817 -0.07586931  0.19209472
  0.13116304  0.05977177  0.11081821  0.00921893 -0.04266892 -0.00890445
 -0.05895397  0.24985181  0.06801155 -0.05166463 -0.04322317  0.00908932
 -0.14768063  0.04406491  0.02521578  0.01975258  0.18266735 -0.14455805
 -0.071921   -0.0262433  -0.07011884 -0.13821341 -0.00718699  0.01188426
  0.09127409  0.15912584 -0.03211898  0.16451628 -0.08794469  0.02595687
 -0.51660454]",55,,"(np.int32(1), np.int32(1), np.int32(0), np.int32(0), np.int32(1), np.int32(0), np.int32(1), np.int32(0), np.int32(0), np.int32(1))",12.866170689863583
245,10,2,1,1.339256874993163,"[-6.02867181e-03 -1.10650249e-02  2.71977414e-02  8.24440051e-02
 -4.04631883e-02  3.62750301e-04 -1.02178425e-01  1.07294958e-01
 -4.12307023e-01  2.71027122e-02 -1.54833471e-02 -1.40495585e-01
  4.06600579e-02 -1.59068443e-01 -3.72409779e-02  1.19514810e-01
  8.18470277e-02  2.55214661e-02  5.36313671e-02  6.41831901e-03
 -9.39862351e-02 -8.38424236e-02 -2.21389465e-04  1.42267936e-01
  9.72935434e-02  1.02583400e-01  1.13407544e-01 -4.10645979e-02
 -8.66002678e-02 -5.82157582e-03 -6.68579930e-02  2.29514984e-01
  2.85326181e-02 -4.05772760e-02 -1.82880983e-02  3.63595200e-02
 -1.09318143e-01  8.20566036e-02  4.72932440e-02  4.38423368e-02
  1.85440115e-01 -5.41519556e-02 -9.65753350e-02 -1.71797927e-02
 -2.19526373e-02 -6.25251313e-02 -1.35424840e-02  4.63488506e-02
  1.22775846e-01  8.50727935e-02  4.63718325e-02  1.61100886e-01
 -1.08311456e-01  2.86360882e-02 -4.48125974e-01]",55,,"(np.int32(1), np.int32(1), np.int32(0), np.int32(0), np.int32(1), np.int32(0), np.int32(1), np.int32(0), np.int32(0), np.int32(1))",12.866170689863583
265,10,2,1,1.3254583390552508,"[ 0.05773743  0.05979704  0.01174     0.04868967 -0.01898696  0.03595908
 -0.11708482  0.06943173 -0.39335331  0.02035247  0.00767941 -0.10986495
  0.10668073 -0.13254341 -0.05879649  0.13753259  0.05063291 -0.04159904
  0.05045673  0.03503439 -0.1002338  -0.02586747  0.05302331  0.15160398
  0.12662657  0.09664749  0.08275267 -0.08007738 -0.06522721  0.01890965
 -0.04880024  0.19671304  0.07837543 -0.02996069 -0.00301798  0.03982338
 -0.13221139  0.04521043  0.09654077  0.0210394   0.18511526 -0.01736137
 -0.08173501 -0.05540683  0.03195753 -0.03437199 -0.04380126 -0.02500985
  0.1376237   0.03003607  0.05790955  0.14826839 -0.08967271  0.06611541
 -0.44819912]",55,,"(np.int32(1), np.int32(1), np.int32(0), np.int32(0), np.int32(1), np.int32(0), np.int32(1), np.int32(0), np.int32(0), np.int32(1))",12.866170689863583
285,10,2,1,1.3138966007499138,"[ 0.05048855  0.05858669  0.04117933  0.04187453 -0.02524703  0.0885205
 -0.07898769  0.09246091 -0.39248376  0.03778548  0.02435476 -0.12991898
  0.1088845  -0.12978193 -0.08063094  0.10179776  0.04001747 -0.05216641
  0.03060691  0.04618584 -0.07427028 -0.01033783  0.08134166  0.168505
  0.12427201  0.07205711  0.1103312  -0.0836872  -0.05565011  0.04858707
 -0.04089839  0.16820941  0.06179346  0.01495353 -0.01096634  0.04527909
 -0.12356349  0.04595948  0.10247541  0.02833263  0.20528801 -0.00939622
 -0.11065157 -0.08945165  0.0692628  -0.02663292 -0.04965977 -0.02387274
  0.12185661  0.03185831  0.07667832  0.11216286 -0.03247235  0.05256864
 -0.48166927]",55,,"(np.int32(1), np.int32(1), np.int32(0), np.int32(0), np.int32(1), np.int32(0), np.int32(1), np.int32(0), np.int32(0), np.int32(1))",12.866170689863583
305,10,2,1,1.2724392836029745,"[ 0.04854608  0.01941323  0.00949953  0.0347704  -0.0074943   0.07212432
 -0.08004496  0.04732296 -0.39765059 -0.01923597  0.02661039 -0.09864821
  0.0513482  -0.10609931  0.00306702  0.0868879   0.03725645 -0.10031986
  0.02718021  0.04804447 -0.0706385  -0.0410036   0.09111572  0.12496169
  0.07977207  0.06750597  0.02887631 -0.08135322 -0.03075008  0.04582605
 -0.0501803   0.14704807  0.06851442 -0.05137249  0.06177294  0.04635721
 -0.12893542  0.01940986  0.11917715  0.02533641  0.15984569 -0.02167599
 -0.10352484 -0.05319997  0.07296885 -0.01439651 -0.08986462 -0.00087879
  0.12109596  0.02669694  0.03470987  0.0446549  -0.03520351 -0.04595016
 -0.47150371]",55,,"(np.int32(1), np.int32(1), np.int32(0), np.int32(0), np.int32(1), np.int32(0), np.int32(1), np.int32(0), np.int32(0), np.int32(1))",12.866170689863583
325,10,2,1,1.2848330866749933,"[ 0.01664022  0.02299287  0.02665742  0.04238615  0.02876667  0.02891512
 -0.03001513  0.03448897 -0.40481546 -0.02980303 -0.01296868 -0.14575686
  0.04599398 -0.09088249  0.02231013  0.09170517  0.02235601 -0.03729319
  0.03767995  0.0492629  -0.07680431 -0.03219137  0.06424398  0.15116891
  0.10146167  0.03545622  0.0203621  -0.05138902 -0.03700225 -0.01662663
  0.00704384  0.09317005  0.04113936 -0.02173383  0.0847636   0.00917663
 -0.11747634 -0.02010263  0.07987633  0.04008691  0.15496752 -0.01548845
 -0.10221007 -0.10792951  0.07998484 -0.02896367 -0.07155012  0.03379875
  0.13072765  0.05813624  0.03423618  0.00913399 -0.02424821 -0.02652887
 -0.45494132]",55,,"(np.int32(1), np.int32(1), np.int32(0), np.int32(0), np.int32(1), np.int32(0), np.int32(1), np.int32(0), np.int32(0), np.int32(1))",12.866170689863583
345,10,2,1,1.2795535071330342,"[ 0.0356226   0.05175537  0.03614442  0.07656553  0.03753447  0.00766245
 -0.02728093  0.03670017 -0.38873103 -0.05324105  0.02152872 -0.13867256
  0.0229279  -0.0646995   0.02677947  0.10694513  0.04860731 -0.02133936
  0.03298104  0.0690691  -0.08305083  0.00733937  0.01635822  0.14992408
  0.06500403  0.01379137 -0.00602362 -0.04805627 -0.03274988 -0.02062114
 -0.00134907  0.0882798   0.0509818  -0.02023272  0.09595698 -0.02882031
 -0.09922503 -0.03496825  0.07603624 -0.02278841  0.13369869 -0.00384614
 -0.09848235 -0.08069968  0.07438264 -0.04841012 -0.07790283  0.01905607
  0.11278473  0.02909343 -0.00388713 -0.01160855 -0.03859245 -0.05162764
 -0.4882872 ]",55,,"(np.int32(1), np.int32(1), np.int32(0), np.int32(0), np.int32(1), np.int32(0), np.int32(1), np.int32(0), np.int32(0), np.int32(1))",12.866170689863583
365,10,2,1,1.2695990256628225,"[ 0.04264415  0.08992676  0.05403796  0.05688788  0.0459235   0.01277664
 -0.03625499  0.0409495  -0.40413932 -0.03498639 -0.01404652 -0.11994051
  0.0277692  -0.06929795  0.07482447  0.07132631  0.05232938 -0.02159558
  0.07734393  0.09131482 -0.09217817  0.02044194  0.01014959  0.10389432
  0.03373057  0.00237653  0.01606224 -0.06110696 -0.02831814  0.01473956
 -0.01132929  0.0811537   0.04431726 -0.01956545  0.10028161 -0.02058434
 -0.05837722 -0.01152005  0.03046046 -0.01040356  0.09467861  0.01855803
 -0.09433744 -0.06553869  0.056181   -0.01465177 -0.01985859  0.0255003
  0.10002457  0.00989423 -0.02160437  0.01765149 -0.04181112 -0.01701135
 -0.51152597]",55,,"(np.int32(1), np.int32(1), np.int32(0), np.int32(0), np.int32(1), np.int32(0), np.int32(1), np.int32(0), np.int32(0), np.int32(1))",12.866170689863583
385,10,2,1,1.261725919020946,"[ 6.55666405e-02  1.13057593e-01  2.17443092e-02  2.65121361e-02
  2.37722143e-02  2.92520718e-02 -2.09896074e-02  3.97865330e-02
 -4.20938352e-01 -2.98419359e-02 -3.78483941e-02 -1.30511631e-01
  8.82868351e-03 -8.84904196e-02  6.48946005e-02  3.39551787e-02
  6.34797494e-02 -4.35411107e-02  4.87315884e-02  7.59282577e-02
 -7.65591595e-02 -2.41977978e-03 -4.40917799e-03  8.91955395e-02
  3.73389384e-02 -1.04108746e-02  2.58058352e-02 -7.42556582e-02
 -8.89152705e-03 -2.32927171e-03 -3.02207059e-02  3.56262249e-02
  3.82663858e-02 -2.43629432e-02  7.04604201e-02 -2.19809438e-02
 -7.51300117e-02 -2.61864685e-02 -5.81261532e-03 -3.18408794e-02
  6.85625096e-02 -1.37665811e-04 -8.63943086e-02 -8.32940949e-02
  1.52653596e-02 -1.19990574e-02 -1.18180251e-02  2.18995811e-02
  1.08149017e-01  3.46734350e-03 -4.99910268e-02  3.20834684e-02
 -3.94723928e-02  2.44388108e-03 -5.35145220e-01]",55,,"(np.int32(1), np.int32(1), np.int32(0), np.int32(0), np.int32(1), np.int32(0), np.int32(1), np.int32(0), np.int32(0), np.int32(1))",12.866170689863583
405,10,2,1,1.2624129977999061,"[ 0.03012741  0.1050694   0.00958265 -0.00318127  0.00142718  0.02784015
  0.00248697  0.06084768 -0.43696491 -0.01864427  0.00563143 -0.07021076
  0.0062812  -0.06609491  0.05774256 -0.00614658  0.02332971 -0.00155733
  0.07766385  0.07653802 -0.05769374  0.02963546  0.00725667  0.06347326
  0.03225962  0.00227359  0.0179688  -0.03511787  0.02514033  0.01047386
 -0.05478483  0.02942335  0.07413887 -0.02140568  0.08539354 -0.02069432
 -0.09573323 -0.07186861  0.02160883  0.0147444   0.03906552 -0.02964552
 -0.11227302 -0.03532362  0.01445592 -0.01369656 -0.03504804  0.03811813
  0.11184087  0.01608276 -0.08045452  0.02151971 -0.06085696 -0.00819205
 -0.50503085]",55,,"(np.int32(1), np.int32(1), np.int32(0), np.int32(0), np.int32(1), np.int32(0), np.int32(1), np.int32(0), np.int32(0), np.int32(1))",12.866170689863583
5,10,2,2,1.731578618605377,"[-0.10529023 -0.0514096  -0.11596899  0.06194137 -0.05388064  0.06208835
  0.0514096  -0.01067876  0.         -0.10529023  0.05388064 -0.01067876
 -0.04334886  0.0514096  -0.04320188 -0.05388064 -0.11596899 -0.10529023
  0.          0.04320188 -0.13470848  0.10529023  0.01067876  0.
 -0.06208835 -0.0514096   0.05388064 -0.0326701   0.06208835 -0.05388064
 -0.04320188 -0.10529023 -0.11596899 -0.01067876  0.02941825  0.12402973
  0.13470848  0.07262013  0.06194137 -0.04334886 -0.11596899 -0.10529023
 -0.04320188 -0.05388064  0.0514096  -0.01067876  0.0514096   0.06208835
 -0.04320188  0.06208835  0.0514096  -0.05388064 -0.01067876 -0.11596899
 -0.10529023]",52,,"(np.int32(1), np.int32(1), np.int32(0), np.int32(0), np.int32(1), np.int32(0), np.int32(1), np.int32(0), np.int32(0), np.int32(1))",12.866170689863583
25,10,2,2,1.6765773864277855,"[-0.03086384 -0.25991747 -0.0235054   0.13749127 -0.02375289 -0.0744965
 -0.259037   -0.14231818 -0.49472357  0.20516992  0.13772451 -0.1924611
 -0.04784835 -0.07192005  0.14632715 -0.12639716 -0.07759694  0.00073228
 -0.00899022  0.32928767 -0.24266455  0.46583306 -0.1989623   0.09302672
 -0.03827754 -0.35853432  0.3011905  -0.24912021  0.3497001  -0.19196936
  0.02291454 -0.02223258 -0.36146096 -0.12563047  0.01005059  0.05540534
  0.08160021 -0.20184582  0.04704547  0.42455694 -0.0061266  -0.09885702
 -0.20352425  0.17734215  0.30381978 -0.26373275  0.10193899  0.25368302
  0.02762857 -0.17954482 -0.03624213  0.00528254 -0.31736073  0.13597851
 -0.45869188]",55,,"(np.int32(1), np.int32(1), np.int32(0), np.int32(0), np.int32(1), np.int32(0), np.int32(1), np.int32(0), np.int32(0), np.int32(1))",12.866170689863583
45,10,2,2,3.746491321993452,"[-0.16276771 -1.11136492 -0.32355421  0.1882927  -0.41271157 -0.39636212
  1.0542131  -1.14795476 -0.43110181  0.73359012  0.03061057 -0.30529687
  0.47700164 -0.43524067  0.11744561 -0.31075247 -0.98086715  0.63039447
  0.48038135  0.00738348  0.96252019  0.96252019 -0.7293642  -0.23692909
 -0.13004105 -0.10311494  0.38868855 -0.3556504   0.73813584  0.60413086
 -0.46118573 -0.39601692 -0.79744724 -1.06673306  1.07927334 -0.38290454
  0.07785869  0.41084192 -0.0598232   0.02763004  0.67812693  0.22502105
 -0.61440759  0.15622821  1.53365859  0.5907979  -0.901246   -0.3390659
  0.40186611 -0.02845746  0.18283769 -1.11863212 -0.01578492  0.74148616
 -0.54899865]",55,,"(np.int32(1), np.int32(1), np.int32(0), np.int32(1), np.int32(1), np.int32(0), np.int32(0), np.int32(1), np.int32(1), np.int32(1))",16.849495177540216
65,10,2,2,5.2594828613987605,"[ 0.21884047 -1.04727509  1.64895566 -0.07818714  0.05935146  0.77628575
  0.64975162 -2.15698492  0.03299032  0.59997815  0.26522419 -0.72252796
  1.38124547 -0.83157184 -1.9594682  -1.40587243  0.04301072  1.53297633
  1.42826138  0.75466808  0.28480299  1.18645453  0.38124513 -1.12602614
  0.29438411 -0.95253306  0.43799137 -0.76986049 -0.58031219 -0.5282865
  0.68829185  0.20851405 -1.22464993  0.40898618  0.74325047 -1.14387275
  0.45094566 -0.32597643  0.23908723 -0.19651572 -0.50824009 -0.7233972
  0.68049278  0.40677913  1.2636872   0.37941161  0.4386724  -0.66668501
  0.09107964  0.0697614   0.92901569  0.3479542  -1.17277987  0.10623706
 -0.90702287]",55,,"(np.int32(1), np.int32(1), np.int32(0), np.int32(1), np.int32(1), np.int32(0), np.int32(0), np.int32(1), np.int32(1), np.int32(1))",22.356282422665803
85,10,2,2,2.1812785718612036,"[-0.26491939 -0.18027665 -0.03892524 -0.20175595  0.27556443  0.17724918
  0.03087385 -0.02707976 -0.58705748  0.24142994  0.13507208  0.19858929
  0.62226567 -0.37328458 -0.25378287 -0.14607351 -0.09171364  0.59844389
  0.09189593  0.33187908 -0.42917533  0.50786085  0.12509491 -0.19955549
 -0.04066209 -0.169154    0.45486707 -0.07904607  0.80780036  0.30677188
  0.01030696  0.09432227 -0.07019704 -0.3670295   0.44941607 -0.19684438
  0.09289722 -0.23791397 -0.10261497 -0.22378555  0.25130418 -0.24041654
 -0.30057784  0.09854439  0.14148758 -0.28195687  0.16375352  0.09154604
 -0.19813898  0.02330075  0.2139777  -0.30103107 -0.21265837  0.76169979
 -0.90120748]",55,,"(np.int32(1), np.int32(1), np.int32(0), np.int32(1), np.int32(1), np.int32(0), np.int32(0), np.int32(1), np.int32(1), np.int32(1))",22.356282422665803
105,10,2,2,1.8982391134770802,"[-0.19411914 -0.34680058  0.03622881 -0.12717577  0.05361504  0.09012439
  0.14639565 -0.08200673 -0.51167952  0.11973036  0.08267852  0.07566157
  0.11970249 -0.2946537  -0.04020844 -0.16111157  0.16587951  0.4952947
  0.26821696  0.06115716 -0.22446292  0.27578196  0.03828924 -0.20703103
  0.22703358 -0.04190087  0.4450984   0.01294884  0.60206212  0.32555316
  0.05263969  0.18276009  0.21213633 -0.15676024  0.45250019 -0.1858603
 -0.11491125  0.1088609  -0.15259828 -0.16644997  0.12165613 -0.3933749
 -0.17736261  0.23174436  0.03356912 -0.33996555 -0.05407123  0.27826749
 -0.06976377 -0.06491415  0.08656266 -0.23900397 -0.07038125  0.31315568
 -0.95695734]",55,,"(np.int32(1), np.int32(1), np.int32(0), np.int32(1), np.int32(1), np.int32(0), np.int32(0), np.int32(1), np.int32(1), np.int32(1))",22.356282422665803
125,10,2,2,1.6068956044227645,"[-0.17529362 -0.19924381  0.09947075 -0.00982427  0.08935382  0.03211653
  0.14702023 -0.04851001 -0.31778081 -0.11463868 -0.00317911 -0.27796359
  0.12750904 -0.10231595  0.06941338 -0.15249224  0.06836645  0.46118422
  0.19597397  0.01135929 -0.01269004  0.27445448  0.04494768 -0.12015319
  0.18821737  0.06043087  0.22940385  0.1561029   0.3202875   0.15493364
  0.04205811  0.22013271  0.29144566 -0.15969877  0.25376729 -0.15293553
 -0.11906502  0.01976866 -0.07173243 -0.08036299  0.21018253 -0.24577426
 -0.02658118  0.05213498 -0.05557289  0.01495135 -0.04097119  0.15043408
 -0.05337009  0.00542388 -0.07638384 -0.18837811 -0.21094266  0.03349394
 -0.84423889]",55,,"(np.int32(1), np.int32(1), np.int32(0), np.int32(1), np.int32(1), np.int32(0), np.int32(0), np.int32(1), np.int32(1), np.int32(1))",22.356282422665803
145,10,2,2,1.4434221505319165,"[-0.06765092 -0.04054255  0.1333111  -0.16776208  0.05599061  0.05975349
  0.11232869  0.0053753  -0.46081162 -0.19345981 -0.10568493 -0.21447903
 -0.10741179 -0.12250176 -0.00939895 -0.15443069  0.00886672  0.16086168
 -0.05633942  0.12382994 -0.09390793  0.18037559 -0.06418582 -0.03183639
  0.21971846 -0.04482232  0.20215026  0.06223423  0.24878892  0.11642446
 -0.02266004  0.11435263  0.1787031  -0.23953234  0.10679628 -0.22005441
 -0.12785627  0.03529925  0.09617065  0.08008477  0.29404829 -0.18690498
  0.0457354   0.05738559 -0.09750497  0.05569742 -0.02427133  0.11381142
 -0.07219558  0.07462076 -0.02127217 -0.12930794 -0.08729127  0.08510607
 -0.55865718]",55,,"(np.int32(1), np.int32(1), np.int32(0), np.int32(1), np.int32(1), np.int32(0), np.int32(0), np.int32(1), np.int32(1), np.int32(1))",22.356282422665803
165,10,2,2,1.4157584333391242,"[-0.10036049 -0.01268152  0.11349228 -0.14766156  0.06949104  0.05165439
  0.02843249 -0.00256099 -0.43444669 -0.17963495 -0.12684714 -0.14100389
 -0.03547247 -0.09854696 -0.00388834 -0.13529628 -0.041995    0.2446977
 -0.06236537  0.17481958 -0.01682379  0.14243093 -0.08856097 -0.02976213
  0.20181806  0.00459728  0.15092309  0.09770537  0.20334943  0.08513962
 -0.03836971  0.16775419  0.17624907 -0.19838897  0.14466612 -0.13693318
 -0.14405421 -0.02965974  0.06211652  0.12773448  0.18795154 -0.17724382
  0.05600245  0.0650534  -0.09204411  0.10905351  0.03756184  0.12364783
 -0.06258263  0.02915937 -0.01071373 -0.10795326 -0.09753035  0.0545479
 -0.59425217]",55,,"(np.int32(1), np.int32(1), np.int32(0), np.int32(1), np.int32(1), np.int32(0), np.int32(0), np.int32(1), np.int32(1), np.int32(1))",22.356282422665803
185,10,2,2,1.4365344845901311,"[ 0.01330396  0.07254955  0.12810745 -0.06778225  0.19989007  0.02790113
 -0.0027982   0.0206743  -0.36650219 -0.27732675 -0.08512026 -0.03407494
 -0.0201787  -0.10468938 -0.03562833 -0.13837744 -0.01792526  0.15227657
  0.0108412   0.20187645 -0.08266958  0.08443358 -0.01373836  0.05779251
  0.1455613  -0.01738089  0.1746139   0.07835047  0.29424657  0.01433981
  0.05778723  0.24459343  0.15981909 -0.18805936  0.06950589 -0.07738296
 -0.16084438 -0.11272937  0.04214568  0.14381158  0.16781363 -0.11116124
 -0.00056241 -0.06162633  0.00854363  0.07918129  0.00612927  0.08315829
 -0.05456161  0.11785878 -0.00105785 -0.02989325 -0.06908393  0.05105378
 -0.49486517]",55,,"(np.int32(1), np.int32(1), np.int32(0), np.int32(1), np.int32(1), np.int32(0), np.int32(0), np.int32(1), np.int32(1), np.int32(1))",22.356282422665803
205,10,2,2,1.3710500397111907,"[-0.00796423  0.07484427  0.05106411 -0.11088896  0.18478899  0.02404274
  0.06128701  0.11500473 -0.37487509 -0.26334636 -0.10666296 -0.02103544
  0.01102422 -0.10682498 -0.00279772 -0.15848571 -0.06257373  0.2410917
  0.01148504  0.19848214 -0.03827019  0.09980046  0.06409104  0.03161269
  0.14679027  0.07218566  0.12799344  0.02130005  0.21908753  0.05725242
  0.02521875  0.2782755   0.1170766  -0.1496777   0.06981413 -0.14475357
 -0.1058612  -0.07687328  0.05945142  0.16943094  0.11233759 -0.0515137
  0.03798051 -0.03904226  0.01541188  0.0122493  -0.00824824  0.01968983
 -0.01994532  0.13174878  0.02401771 -0.02943055 -0.06470942  0.03792221
 -0.46471744]",55,,"(np.int32(1), np.int32(1), np.int32(0), np.int32(1), np.int32(1), np.int32(0), np.int32(0), np.int32(1), np.int32(1), np.int32(1))",22.356282422665803
225,10,2,2,1.3672678935393576,"[ 0.0241091   0.07747735  0.04568081 -0.10649011  0.13887776  0.03513362
  0.03503397  0.11251236 -0.34937306 -0.20349345 -0.10584214 -0.01434049
  0.04313639 -0.09058149 -0.01985478 -0.14121762  0.00129575  0.22100554
  0.00854854  0.22860669 -0.06631474  0.07792168  0.0513198   0.02859455
  0.19631404  0.08395551  0.08606991  0.07834405  0.22213593  0.05026477
 -0.02242132  0.2503776   0.15151155 -0.10395557  0.0804853  -0.09906501
 -0.09919489 -0.03295649  0.05701452  0.13860008  0.07577278 -0.09053301
  0.02679565 -0.00151514  0.09742148 -0.02345363 -0.03992049  0.01614157
  0.02697752  0.07714913  0.02539335  0.03195976 -0.01789824  0.06919855
 -0.50695824]",55,,"(np.int32(1), np.int32(1), np.int32(0), np.int32(1), np.int32(1), np.int32(0), np.int32(0), np.int32(1), np.int32(1), np.int32(1))",22.356282422665803
245,10,2,2,1.3455499751334223,"[-0.02956654  0.01492099 -0.02786514 -0.10664292  0.06022479  0.07922267
  0.03448955  0.09879392 -0.41657138 -0.13156805 -0.11446769 -0.07283814
  0.00311842 -0.13659752  0.00068927 -0.05074838 -0.05751146  0.12384761
  0.015843    0.15942688 -0.12268209  0.04870814  0.03454423  0.09151356
  0.18654469  0.05587253  0.0438726  -0.00373621  0.13373352  0.04813515
  0.00095965  0.19039441  0.09781082 -0.12219259  0.05803448 -0.02023902
 -0.03467132 -0.04092939 -0.00331764  0.12944124  0.09398736 -0.11124833
 -0.07981721 -0.10435999  0.14093394 -0.11299601 -0.05689129  0.02820656
  0.12094969  0.02447338  0.02637613  0.04223513  0.01362225  0.15499631
 -0.47374356]",55,,"(np.int32(1), np.int32(1), np.int32(0), np.int32(1), np.int32(1), np.int32(0), np.int32(0), np.int32(1), np.int32(1), np.int32(1))",22.356282422665803
265,10,2,2,1.2991173582456201,"[-3.20777680e-02  1.35962207e-02  4.62434074e-02 -3.80997648e-02
  7.64477106e-03  1.10848397e-01  2.68067360e-02  8.88707430e-02
 -4.22698209e-01 -8.15612481e-02 -8.14999885e-02 -5.28356459e-02
  9.23045539e-05 -6.50118250e-02  7.72297732e-02  4.89786268e-03
 -2.69900723e-02  1.39934955e-01  4.34837717e-02  1.36306184e-01
 -9.13387222e-02  4.15659608e-02  1.49319530e-02  7.18972689e-02
  1.13711130e-01  7.93964935e-02  1.58380301e-02  3.18359191e-02
  7.54457007e-02  4.08744284e-02  1.04640392e-03  1.71978492e-01
  6.67371772e-02 -1.16046599e-01  8.86603084e-02 -1.19714703e-02
 -2.18245231e-02 -6.92221628e-02  3.67929757e-02  1.69020319e-01
  9.37415207e-02 -4.98637556e-02 -9.26491592e-02 -7.20763716e-02
  1.04876061e-01 -7.36574253e-02 -3.35581342e-02 -1.14367377e-02
  1.15802148e-01  2.71273528e-02 -7.71360093e-03  1.33313870e-02
 -5.10926723e-02  1.05786370e-01 -5.26354907e-01]",55,,"(np.int32(1), np.int32(1), np.int32(0), np.int32(1), np.int32(1), np.int32(0), np.int32(0), np.int32(1), np.int32(1), np.int32(1))",22.356282422665803
285,10,2,2,1.2951112951445152,"[ 2.54311975e-04 -9.07426250e-03  2.58292689e-02 -2.52334545e-02
  2.57115561e-02  3.86508272e-02  4.41162642e-02  5.89440355e-02
 -4.24706047e-01 -6.03022170e-02 -7.40160027e-02 -7.74678145e-02
 -2.83726195e-02 -6.88510032e-02  7.38851992e-02  3.57424120e-02
 -2.38199257e-02  6.32132502e-02  2.38469042e-02  7.67357232e-02
 -8.48683478e-02  6.09921680e-02 -3.23046604e-02  1.29014032e-01
  1.00916622e-01  3.68969421e-02  5.13734834e-02  2.31796007e-02
  1.02554043e-01  6.98375245e-03  9.32756508e-03  1.40928058e-01
  4.60323802e-02 -7.84608623e-02  1.24806981e-01 -9.99329369e-03
 -2.39514046e-02 -3.53776985e-02  2.50188179e-02  1.68509653e-01
  1.27172774e-01 -6.40558117e-02 -9.97564698e-02 -1.06694573e-01
  7.93385905e-02 -4.09001543e-02 -7.20070367e-02 -2.37618160e-02
  1.24950581e-01  4.28213680e-02 -1.39121682e-02 -1.84193049e-02
 -4.14228974e-02  1.09477286e-01 -5.13093055e-01]",55,,"(np.int32(1), np.int32(1), np.int32(0), np.int32(1), np.int32(1), np.int32(0), np.int32(0), np.int32(1), np.int32(1), np.int32(1))",22.356282422665803
305,10,2,2,1.293175866149709,"[ 0.04751156  0.0303205   0.02707128  0.01035171  0.02442469  0.05241332
  0.0493327   0.08424631 -0.42715346 -0.07678272 -0.07576047 -0.10552233
 -0.0026691  -0.06342109  0.095468    0.03211391  0.03205177  0.0167171
  0.038001    0.09208998 -0.05014222  0.07445844  0.00198853  0.08975814
  0.08943878  0.02762281  0.03987635  0.01998917  0.06903613 -0.01274423
 -0.00468729  0.13567952  0.06449112 -0.08839494  0.09446532  0.00071459
 -0.03454311  0.00093516  0.03042013  0.17096561  0.12012245 -0.05595106
 -0.06227988 -0.12983645  0.08356435 -0.00366819 -0.07361158  0.0240175
  0.12339347  0.03109717 -0.02923999  0.00719909 -0.07980787  0.09726479
 -0.48960548]",55,,"(np.int32(1), np.int32(1), np.int32(0), np.int32(1), np.int32(1), np.int32(0), np.int32(0), np.int32(1), np.int32(1), np.int32(1))",22.356282422665803
325,10,2,2,1.2799550777403736,"[ 0.03347961  0.01548262  0.03237861 -0.00521134 -0.00078886  0.09527035
  0.0628879   0.06762042 -0.47353258 -0.05518653 -0.09933421 -0.09887617
  0.0062016  -0.03846815  0.0972252  -0.0117087   0.0243962   0.01389652
  0.06310211  0.10393425 -0.05583784  0.06193023  0.00349893  0.0653028
  0.05592407  0.01822418  0.05410905  0.04608287  0.05031966 -0.042836
  0.00332111  0.10127065  0.06821671 -0.08071254  0.08711533  0.01420911
 -0.06262466 -0.01682714  0.02811076  0.16378588  0.0987228  -0.06254923
 -0.05291634 -0.05387846  0.05472383  0.01862642 -0.04085099  0.03053524
  0.09005762  0.0406778  -0.05910584  0.00110644 -0.07121613  0.06950398
 -0.47159118]",55,,"(np.int32(1), np.int32(1), np.int32(0), np.int32(1), np.int32(1), np.int32(0), np.int32(0), np.int32(1), np.int32(1), np.int32(1))",22.356282422665803
345,10,2,2,1.276532990885694,"[ 0.02391692  0.03927048  0.01082745 -0.01295176 -0.00887574  0.08683765
  0.01088009  0.04895167 -0.4272486  -0.02660248 -0.08472992 -0.0888441
  0.04401929 -0.03270688  0.08588612 -0.03306108  0.01711648  0.05127449
  0.06311374  0.0997519  -0.05039791  0.06999501  0.00437349  0.06805684
  0.02094909  0.03507592  0.02050617 -0.0151855   0.02831601 -0.01810815
 -0.02006986  0.07080527  0.08760345 -0.06611276  0.13877375  0.01715482
 -0.07331073 -0.07705212  0.03388142  0.10310833  0.05288392 -0.04710226
 -0.05917689 -0.03376614  0.050095    0.0284355  -0.00339366  0.01623109
  0.13396225  0.04409533 -0.03388461  0.01878868 -0.07560856  0.06972197
 -0.50302385]",55,,"(np.int32(1), np.int32(1), np.int32(0), np.int32(1), np.int32(1), np.int32(0), np.int32(0), np.int32(1), np.int32(1), np.int32(1))",22.356282422665803
365,10,2,2,1.2659458244555157,"[ 0.02242638  0.07190206  0.01074139  0.00186895  0.00109222  0.05980382
  0.03193575  0.04900214 -0.42745164 -0.01541194 -0.07425218 -0.09367319
  0.01488031 -0.04834763  0.07037785 -0.03898398  0.01693296  0.03991178
  0.03807034  0.10592927 -0.04055365  0.06273945  0.00405542  0.07308207
  0.02923217  0.03515452  0.03915669 -0.02400595  0.0061437   0.01024994
 -0.02557891  0.04824117  0.09306359 -0.02216377  0.13972865  0.00355358
 -0.06250346 -0.06224021  0.02072957  0.09093037  0.05944511 -0.02880607
 -0.05649117 -0.0350575   0.04383915  0.02510602 -0.04071696  0.01006711
  0.15393352  0.05540565 -0.03367782  0.01718484 -0.06565347  0.044094
 -0.5029473 ]",55,,"(np.int32(1), np.int32(1), np.int32(0), np.int32(1), np.int32(1), np.int32(0), np.int32(0), np.int32(1), np.int32(1), np.int32(1))",22.356282422665803
385,10,2,2,1.2841138176907476,"[ 0.01340375  0.12926429  0.03839984 -0.00121309  0.00720899  0.06909577
  0.0351973   0.06333198 -0.41522081 -0.0144107  -0.02821404 -0.07084458
  0.02438611 -0.05581509  0.04627875 -0.02617218  0.00363653  0.02011117
  0.04536104  0.10447618 -0.05623566  0.07958667  0.05069921  0.10506136
  0.06108276  0.05005105  0.0469371  -0.0342394   0.04698712  0.0362167
 -0.02563003  0.02046918  0.08679332 -0.00666546  0.11478524  0.01376823
 -0.06130402 -0.06155519  0.07074813  0.06184788  0.05963803 -0.02688374
 -0.07633855 -0.01686298  0.03376408  0.00745877 -0.01525468  0.03213866
  0.12441836  0.03235558 -0.0746931   0.01929777 -0.04552334  0.01898098
 -0.51600772]",55,,"(np.int32(1), np.int32(1), np.int32(0), np.int32(1), np.int32(1), np.int32(0), np.int32(0), np.int32(1), np.int32(1), np.int32(1))",22.356282422665803
405,10,2,2,1.2624129977999061,"[ 0.03012741  0.1050694   0.00958265 -0.00318127  0.00142718  0.02784015
  0.00248697  0.06084768 -0.43696491 -0.01864427  0.00563143 -0.07021076
  0.0062812  -0.06609491  0.05774256 -0.00614658  0.02332971 -0.00155733
  0.07766385  0.07653802 -0.05769374  0.02963546  0.00725667  0.06347326
  0.03225962  0.00227359  0.0179688  -0.03511787  0.02514033  0.01047386
 -0.05478483  0.02942335  0.07413887 -0.02140568  0.08539354 -0.02069432
 -0.09573323 -0.07186861  0.02160883  0.0147444   0.03906552 -0.02964552
 -0.11227302 -0.03532362  0.01445592 -0.01369656 -0.03504804  0.03811813
  0.11184087  0.01608276 -0.08045452  0.02151971 -0.06085696 -0.00819205
 -0.50503085]",55,,"(np.int32(1), np.int32(1), np.int32(0), np.int32(1), np.int32(1), np.int32(0), np.int32(0), np.int32(1), np.int32(1), np.int32(1))",22.356282422665803
5,10,2,3,1.544655864197531,"[-0.00501543  0.04328704  0.04822531  0.         -0.06180556  0.05324074
  0.05324074  0.02847222  0.04328704 -0.06180556  0.0382716   0.05324074
  0.00501543 -0.05679012  0.04822531  0.04822531  0.02345679  0.0382716
 -0.05679012  0.00493827 -0.04328704 -0.01851852  0.0099537   0.0099537
  0.07175926  0.         -0.01851852 -0.04822531 -0.02345679 -0.00501543
 -0.00501543  0.05679012  0.00493827 -0.02345679  0.06180556 -0.05324074
 -0.05324074 -0.02847222 -0.04328704  0.06180556 -0.02847222 -0.02847222
 -0.05324074 -0.01851852  0.          0.          0.06180556  0.0099537
 -0.02847222  0.06180556  0.0099537  -0.02847222  0.07175926 -0.05324074
 -0.01851852]",51,,"(np.int32(1), np.int32(1), np.int32(0), np.int32(1), np.int32(1), np.int32(0), np.int32(0), np.int32(1), np.int32(1), np.int32(1))",22.356282422665803
25,10,2,3,1.7522569059823292,"[ 0.11724316  0.09273365  0.0471815   0.0627456  -0.17053827  0.07643022
  0.01339293  0.5534988  -0.12923228  0.05019134  0.18859245 -0.07006166
  0.15487172 -0.0333549  -0.07404693 -0.12410272  0.17832183  0.07142464
  0.34563292 -0.13424544 -0.09729698 -0.14282751 -0.31374266 -0.12795135
 -0.06741647  0.0236252   0.16202519 -0.02123381  0.00342716  0.32340235
  0.24184112 -0.03977663 -0.00351961 -0.15702736  0.25091833 -0.20924261
 -0.23613302 -0.07937322 -0.1808309  -0.08484252 -0.11288331 -0.07169052
 -0.32129914  0.20478116  0.2065112  -0.3865108   0.12029289  0.03199617
  0.24489829  0.22792729 -0.03949135  0.03328074 -0.10475653 -0.23123646
 -0.24237472]",55,,"(np.int32(1), np.int32(1), np.int32(0), np.int32(1), np.int32(1), np.int32(0), np.int32(0), np.int32(1), np.int32(1), np.int32(1))",22.356282422665803
45,10,2,3,2.1229069474628464,"[ 0.29560023  0.23228279 -0.00822639 -0.19238146  0.16580882 -0.0941675
  0.70921767  0.65354535 -0.4972796   0.24279751  0.3175842   0.38153354
  0.39749145  0.15147349 -0.21975737 -0.26834911  0.32226593  0.38505516
  0.23358167  0.09526929  0.06488583 -0.341285   -0.47099327 -0.1128444
  0.03758554  0.03010387  0.57978594  0.01536204  0.39242079  0.13968906
  0.05442581  0.30789545  0.12156263 -0.14731457  0.42206385 -0.08231426
 -0.27745712  0.29092114  0.23070184  0.0697727   0.11697545  0.05624784
 -0.10732214 -0.04263458  0.37682577 -0.21522099  0.02660809  0.32965866
  0.09178242  0.66549647  0.17423873 -0.02856011 -0.45775576 -0.12795796
 -0.71452321]",55,,"(np.int32(1), np.int32(1), np.int32(0), np.int32(1), np.int32(1), np.int32(0), np.int32(0), np.int32(1), np.int32(1), np.int32(1))",22.356282422665803
65,10,2,3,3.084977609802156,"[-0.26766718  0.076209    0.93506396  0.20957806  0.37006442 -0.13983141
  0.85799474  0.61517113 -0.65369783 -0.58385064 -0.15227994 -0.35012397
  0.0590463  -0.58305931 -0.25744547 -0.45955434  0.35969585 -0.3634315
  0.59896816 -0.81895866 -0.91416276 -0.39084381 -0.08167782 -0.35498741
  0.19473212  0.74518614  0.30161626 -0.72015919  0.28740495 -0.04997126
  0.47559685 -0.1163989   0.70406545 -0.61839996 -0.13015416 -0.43298848
  0.05219904  0.08741944  0.34455955  0.1920076   0.91521304 -0.66568509
 -0.02250632 -0.15521223 -0.02017669  0.24482285  0.09670415  0.66001544
  0.41608896  0.50186731 -0.75002824  0.0108259  -0.52078187 -0.05682774
 -0.3451441 ]",55,,"(np.int32(1), np.int32(1), np.int32(0), np.int32(1), np.int32(1), np.int32(0), np.int32(0), np.int32(1), np.int32(1), np.int32(1))",22.356282422665803
85,10,2,3,1.6817697771074938,"[ 6.45906837e-02 -2.37616782e-01 -6.32428207e-02  1.63177377e-03
  1.06105890e-01  9.17577587e-02  3.03860483e-01  3.48432582e-01
 -3.97490999e-01  2.04259326e-02  2.94316158e-01  7.72678567e-02
 -1.94962434e-02 -1.63744430e-01 -1.21934701e-01  4.97280412e-03
 -8.61671682e-02  1.30482359e-01  4.28236871e-01 -4.39413907e-01
 -2.89400698e-01  9.84792896e-02 -4.40829583e-01  4.26642476e-01
  1.79178299e-01  2.25727539e-01  5.88757866e-02 -9.77309009e-02
 -2.59681496e-02 -7.91139917e-03  4.97236490e-01  2.59526072e-01
 -1.06907772e-01 -5.67940040e-01  3.76164898e-02 -2.53462221e-01
  2.63983727e-01 -2.77272630e-04 -2.02897901e-01 -3.58547657e-01
  2.87567593e-01  1.57867674e-01 -1.77151089e-01  7.68392862e-02
  7.44316774e-02  1.89049624e-01  5.57521920e-01  2.62786815e-02
  3.12609177e-02  1.07426252e-01  3.10163229e-02 -2.41590614e-01
 -1.03093174e-01  2.15428798e-02 -3.84257769e-01]",55,,"(np.int32(1), np.int32(1), np.int32(0), np.int32(1), np.int32(1), np.int32(0), np.int32(0), np.int32(1), np.int32(1), np.int32(1))",22.356282422665803
105,10,2,3,1.691410001282575,"[ 1.02999599e-02 -2.96749739e-02 -6.94404151e-02  3.40693483e-01
 -7.85981370e-03  1.80165043e-02  1.26279018e-01  3.71540523e-02
 -2.44881889e-01  1.67378278e-01 -5.98046394e-02 -2.39169499e-01
 -3.67808239e-01  1.56607899e-01 -4.31945031e-02 -1.56728966e-01
  1.29656459e-01  4.09894551e-01  3.55255167e-01 -4.32366571e-01
 -2.94681227e-01  1.27840489e-01 -1.53638741e-01  4.62369438e-01
  1.99216379e-01  4.03742255e-03  2.73543517e-01 -1.88332394e-01
 -2.30379990e-01  3.15992774e-01 -1.29440259e-02  2.03176209e-01
 -7.10053492e-02 -1.49494691e-01  3.62996419e-01 -1.44022078e-01
  1.65942875e-01  1.68918021e-02 -2.90459800e-01 -2.78004112e-01
  1.17189023e-01  1.44160002e-01 -8.60699955e-02  3.66899341e-01
  9.15251219e-02 -5.04845435e-02  3.54519862e-01 -5.67629030e-05
 -4.68256398e-02  1.85613589e-01  2.42789254e-01 -1.64688906e-02
  3.80568556e-02 -1.59086761e-02 -7.84556480e-01]",55,,"(np.int32(1), np.int32(1), np.int32(0), np.int32(1), np.int32(1), np.int32(0), np.int32(0), np.int32(1), np.int32(1), np.int32(1))",22.356282422665803
125,10,2,3,1.6377224575309308,"[-0.00600829 -0.15453451 -0.1306405   0.22932106 -0.03205056  0.08514819
  0.25902017  0.12954135 -0.29218913  0.2605374  -0.07897284 -0.15175648
 -0.25396409  0.1200761  -0.05888795 -0.15140619  0.22107066  0.43067856
  0.2662164  -0.28504896 -0.31707016 -0.01003061 -0.16552411  0.39469726
  0.27388477  0.21061835  0.2484106  -0.04777344 -0.3201021   0.12401386
  0.01545051  0.14798291 -0.05234493 -0.0781612   0.21301494 -0.25152024
  0.23074776  0.14315966 -0.25816519 -0.19647249  0.1847764   0.10133582
 -0.08948121  0.26405429 -0.00160035 -0.12936379  0.31669153 -0.05007879
 -0.02175076  0.10810595  0.12595934 -0.04465385  0.04245563 -0.07537003
 -0.8220547 ]",55,,"(np.int32(1), np.int32(1), np.int32(0), np.int32(1), np.int32(1), np.int32(0), np.int32(0), np.int32(1), np.int32(1), np.int32(1))",22.356282422665803
145,10,2,3,1.5352600008457378,"[-0.00653089  0.05620602  0.06157588  0.20938332  0.02570507 -0.00824417
  0.2462088   0.1618802  -0.33851382  0.11664494 -0.07864038 -0.08378267
 -0.25142641  0.0234504  -0.03435451 -0.12243904  0.1703203   0.17321515
  0.23945019 -0.18191177 -0.30492556 -0.00613902 -0.11464789  0.17346967
  0.2115531   0.1702671   0.10113752 -0.166327   -0.18547144 -0.03552315
 -0.06054643  0.11732715  0.0341272  -0.19126561  0.21572406 -0.23048272
  0.19763096  0.19751623 -0.16606086 -0.0761792   0.20700829 -0.00658302
 -0.09678747  0.18728097 -0.03375277  0.04831683  0.34820776  0.04480019
  0.17572382  0.13179066  0.04310218  0.02912315 -0.05389278 -0.01356843
 -0.74800768]",55,,"(np.int32(1), np.int32(1), np.int32(0), np.int32(1), np.int32(1), np.int32(0), np.int32(0), np.int32(1), np.int32(1), np.int32(1))",22.356282422665803
165,10,2,3,1.4651594359882802,"[ 0.06039434  0.08927803  0.06488686  0.16620329 -0.07703072  0.02761718
  0.1579628   0.12435587 -0.36554288  0.16132395 -0.1474317  -0.07544111
 -0.22539667  0.13768744 -0.08057097 -0.02092737  0.26692094  0.16702689
  0.16849549 -0.06372511 -0.27879328 -0.03822228 -0.14769008  0.19238911
  0.1184403   0.13132265  0.08163992 -0.10968233 -0.16331535 -0.03925919
  0.00617571  0.16498623  0.14431884 -0.15268259  0.04382845 -0.21147337
  0.03894502  0.06216951 -0.08762742  0.06852609  0.22895758 -0.02512594
 -0.06068751  0.1230541  -0.01722967 -0.00537297  0.27014755 -0.03667711
  0.19475232  0.1734445  -0.01024915  0.06592022 -0.12017912 -0.04982019
 -0.61942317]",55,,"(np.int32(1), np.int32(1), np.int32(0), np.int32(1), np.int32(1), np.int32(0), np.int32(0), np.int32(1), np.int32(1), np.int32(1))",22.356282422665803
185,10,2,3,1.4472922208696082,"[ 0.07031281  0.12797573  0.08240228  0.15124024 -0.05357066 -0.00321157
  0.14660327  0.12590051 -0.42998493  0.13591082 -0.10968434 -0.08564683
 -0.21891922  0.12872827 -0.06268287 -0.02182452  0.20228456  0.14165341
  0.17753105 -0.03106847 -0.23621481 -0.02334246 -0.16135605  0.23751047
  0.12282774  0.09125636  0.07236787 -0.11551332 -0.16879257 -0.0332913
  0.02448435  0.1602032   0.1185899  -0.14518709  0.08014264 -0.20737738
  0.04706632  0.04546367 -0.04279116  0.13694178  0.17958878 -0.04381672
 -0.14226986  0.06406163  0.00555143 -0.04646968  0.19515175 -0.047673
  0.18560877  0.1514945  -0.08004143  0.09771131 -0.18544309 -0.05574825
 -0.61483937]",55,,"(np.int32(1), np.int32(1), np.int32(0), np.int32(1), np.int32(1), np.int32(0), np.int32(0), np.int32(1), np.int32(1), np.int32(1))",22.356282422665803
205,10,2,3,1.3507856349622924,"[ 0.10305561  0.0944586   0.01517091  0.04088215  0.01902483  0.07746997
  0.11537338  0.06343432 -0.52034005  0.10574952 -0.10668555 -0.00731814
 -0.20603581  0.11351013 -0.01185029 -0.08389189  0.1012907   0.16355791
  0.14427415 -0.02511232 -0.20582804  0.04047743 -0.09403675  0.24864998
  0.09192556  0.14102458  0.08284349 -0.10798308 -0.05879696 -0.02268348
  0.01729069  0.08208617  0.07501195 -0.10618277  0.14436805 -0.1482975
  0.02395391 -0.0601416  -0.06256492  0.08446267  0.14867648  0.06333542
 -0.11948646  0.02847127 -0.00137688  0.00496673  0.23864384 -0.06892738
  0.19833123  0.13994777 -0.14017637 -0.00112192 -0.12732827 -0.07514621
 -0.54225274]",55,,"(np.int32(1), np.int32(1), np.int32(0), np.int32(1), np.int32(1), np.int32(0), np.int32(0), np.int32(1), np.int32(1), np.int32(1))",22.356282422665803
225,10,2,3,1.2764959425030407,"[ 0.12412467  0.05224518 -0.01481506 -0.02573454  0.04077073  0.05574756
  0.12937196  0.10927137 -0.51566511  0.09352358 -0.04484568 -0.01033644
 -0.18118378  0.07291371  0.02165362 -0.04718268  0.08999112  0.14715927
  0.10713667  0.00128547 -0.17240968  0.03066697 -0.00928253  0.2321839
  0.07349297  0.06176409 -0.00568767 -0.12853714  0.00956738 -0.0061926
  0.06080883  0.10991697  0.00574349 -0.14805972  0.13113269 -0.12578597
  0.01676439 -0.05266121 -0.09131279 -0.00128819  0.14092826  0.16266526
 -0.06711152 -0.01313663 -0.03120529  0.03732513  0.19074916 -0.06588026
  0.15451012  0.16956442 -0.16507921 -0.04485823 -0.08475559 -0.04626808
 -0.49860459]",55,,"(np.int32(1), np.int32(1), np.int32(0), np.int32(1), np.int32(1), np.int32(0), np.int32(0), np.int32(1), np.int32(1), np.int32(1))",22.356282422665803
245,10,2,3,1.2779775196848187,"[ 0.16203612  0.06153708 -0.0287633   0.01388899  0.01677018  0.09830616
  0.14885671  0.1045462  -0.50746411  0.03643328 -0.07544425 -0.01079681
 -0.10989285  0.0110255   0.03040261 -0.06327606  0.10937983  0.09089168
  0.05019156  0.01832159 -0.14363281 -0.00405232 -0.05149788  0.26628616
  0.06148194  0.09070857 -0.01487666 -0.16397604  0.01085998 -0.00202471
  0.05927085  0.10218126  0.02104088 -0.07976538  0.16147171 -0.09852906
  0.04829851 -0.03051082 -0.01193709  0.01189662  0.14162801  0.11383369
 -0.08784546 -0.0579364  -0.0120708   0.02030332  0.18575877 -0.0909231
  0.12470433  0.13562486 -0.12114235 -0.07972836 -0.0943563  -0.06426468
 -0.4684012 ]",55,,"(np.int32(1), np.int32(1), np.int32(0), np.int32(1), np.int32(1), np.int32(0), np.int32(0), np.int32(1), np.int32(1), np.int32(1))",22.356282422665803
265,10,2,3,1.3031929676823848,"[ 0.16147807  0.06914081 -0.03177171  0.04762354  0.01828085  0.07586473
  0.15754999  0.09037686 -0.50761313  0.00831541 -0.07750087 -0.00498254
 -0.07583015 -0.06897961 -0.02127405 -0.13369536  0.05609799  0.00747779
  0.03426484 -0.02540067 -0.22393843  0.00771048 -0.10190117  0.24260553
  0.06540352  0.0435829  -0.02634244 -0.20394437  0.01037221 -0.0465015
  0.0302392   0.01460546 -0.0152494  -0.09189504  0.16688137 -0.08856951
  0.06495009 -0.01531529  0.00733401 -0.01166078  0.08329427  0.02582489
 -0.11780683 -0.14072725 -0.02465302  0.00213154  0.15578046 -0.13009472
  0.11276975  0.12663309 -0.18591908 -0.08655665 -0.10070237 -0.02620242
 -0.48603861]",55,,"(np.int32(1), np.int32(1), np.int32(0), np.int32(1), np.int32(1), np.int32(0), np.int32(0), np.int32(1), np.int32(1), np.int32(1))",22.356282422665803
285,10,2,3,1.264945099996834,"[ 9.21518392e-02  4.95243179e-02 -4.32384763e-02  3.10582522e-02
  2.35740261e-02  4.83301490e-02  1.59266676e-01  1.77422087e-01
 -4.76858434e-01 -3.06621230e-02 -5.40059649e-02  9.94346718e-03
 -4.05152138e-02 -1.11056132e-01  2.95608656e-02 -6.06658428e-02
  9.83236781e-03  1.68509916e-02  2.91368155e-02 -1.18599724e-02
 -1.84618709e-01 -2.65691978e-02 -8.02916082e-02  2.15966265e-01
  7.51021457e-02  6.99925748e-02  3.20852206e-02 -1.60811764e-01
 -2.48290526e-02 -5.50849144e-02  1.04852275e-02  3.42268434e-04
  1.18940597e-02 -2.33470867e-02  9.75442930e-02 -6.77059585e-02
  7.56091385e-02 -3.89108679e-02  6.06024986e-02 -9.19315605e-04
  6.19128852e-02  3.47446398e-02 -6.80281305e-02 -1.71121618e-01
 -8.24215782e-03  3.34299355e-02  1.00899710e-01 -1.03084256e-01
  1.04817174e-01  1.01762171e-01 -2.30998336e-01 -9.93391811e-02
 -1.06451860e-01 -7.11900389e-03 -4.48925414e-01]",55,,"(np.int32(1), np.int32(1), np.int32(0), np.int32(1), np.int32(1), np.int32(0), np.int32(0), np.int32(1), np.int32(1), np.int32(1))",22.356282422665803
305,10,2,3,1.2861654671196476,"[ 0.06157309  0.08243021 -0.02215532  0.05661087  0.03126573  0.0534519
  0.13955717  0.18892646 -0.44458    -0.03337875 -0.07136226 -0.02608772
 -0.0242114  -0.12119544  0.00553264 -0.05994397 -0.00624122 -0.00703487
  0.05193891  0.01744798 -0.16919128 -0.02536946 -0.04978031  0.17113798
  0.08787705  0.07665031  0.00597547 -0.15546814 -0.00701788 -0.04473405
 -0.02531851 -0.01264627  0.0479763  -0.03394534  0.08988092 -0.05553699
  0.05180387 -0.01093626  0.06836158 -0.01463442  0.07484151  0.01598526
 -0.04712925 -0.16208638 -0.01029021  0.02802828  0.10405781 -0.0517437
  0.12035872  0.07492743 -0.26238103 -0.08684234 -0.10228308 -0.00935354
 -0.46618947]",55,,"(np.int32(1), np.int32(1), np.int32(0), np.int32(1), np.int32(1), np.int32(0), np.int32(0), np.int32(1), np.int32(1), np.int32(1))",22.356282422665803
325,10,2,3,1.2762849029483554,"[ 0.05392662  0.10307326 -0.03800587  0.03034457  0.02211914  0.06036308
  0.12647763  0.17811139 -0.45587363 -0.04167628 -0.05455335 -0.03756663
 -0.01779025 -0.13633151  0.00864398 -0.0468947   0.00251406  0.02365412
  0.07023612  0.02768726 -0.15178329  0.00046315 -0.02800773  0.15354538
  0.08182308  0.03410501 -0.0267523  -0.12143531  0.01411264 -0.02390892
 -0.01906761 -0.04001687  0.05229328 -0.05473254  0.0913882  -0.031576
  0.02640617 -0.01825422  0.07619001 -0.010472    0.0843517  -0.00747755
 -0.06293539 -0.14250738 -0.01468397  0.00703759  0.08231042 -0.05433251
  0.1198127   0.1052728  -0.22116492 -0.0462321  -0.08284376  0.01976928
 -0.4517617 ]",55,,"(np.int32(1), np.int32(1), np.int32(0), np.int32(1), np.int32(1), np.int32(0), np.int32(0), np.int32(1), np.int32(1), np.int32(1))",22.356282422665803
345,10,2,3,1.284276210847018,"[ 0.01628901  0.10311564 -0.00594883 -0.00383224  0.03915732  0.04196115
  0.08368901  0.16533017 -0.44206323 -0.03381004 -0.06564989 -0.07508712
 -0.03334327 -0.11982136  0.00683902 -0.05663882 -0.01665504 -0.00419673
  0.07927537  0.01259339 -0.13561071  0.01884565 -0.01680512  0.10701212
  0.09024247 -0.00092402 -0.01059288 -0.09935129  0.02263489  0.00698446
 -0.04631083  0.00903966  0.0148259  -0.04518478  0.09669004 -0.07461842
 -0.04467477 -0.0269561   0.053759   -0.01256782  0.07319597 -0.02009622
 -0.09693102 -0.13466678  0.00167309  0.04028124  0.06386581 -0.0192123
  0.10399223  0.05394951 -0.1892064  -0.00296938 -0.11161621 -0.02706646
 -0.46794927]",55,,"(np.int32(1), np.int32(1), np.int32(0), np.int32(1), np.int32(1), np.int32(0), np.int32(0), np.int32(1), np.int32(1), np.int32(1))",22.356282422665803
365,10,2,3,1.2894897787486095,"[ 0.05317369  0.09209855  0.03501463 -0.03679093  0.03924433  0.05461687
  0.07077794  0.12074214 -0.43954763  0.00809703 -0.03907101 -0.08334215
 -0.00785753 -0.08652807  0.01595263 -0.02970896  0.00210495  0.00067983
  0.06408778  0.05686917 -0.11860655  0.0538358   0.01572862  0.10051043
  0.05484426  0.00241909  0.02398969 -0.06340941  0.04789009  0.03181339
 -0.02665153  0.0263721   0.00736245 -0.05638061  0.10169243 -0.0582249
 -0.05027804 -0.08023852  0.0708721  -0.01186796  0.08140741 -0.01062654
 -0.12860656 -0.10930614  0.00209444  0.04580375  0.02810258  0.00820191
  0.09790181  0.01310039 -0.16168038 -0.00905465 -0.11993834 -0.00413858
 -0.46925569]",55,,"(np.int32(1), np.int32(1), np.int32(0), np.int32(1), np.int32(1), np.int32(0), np.int32(0), np.int32(1), np.int32(1), np.int32(1))",22.356282422665803
385,10,2,3,1.2723893736959513,"[ 4.93047731e-02  9.77395194e-02  1.32318662e-02 -3.69552455e-02
  1.90936469e-02  1.96882015e-02  4.93631299e-02  1.11097954e-01
 -4.54361725e-01 -3.29554325e-03 -1.96833259e-02 -8.54800084e-02
  3.43766862e-03 -7.15580647e-02  4.08030240e-02 -2.31067630e-02
  2.64839307e-02 -4.02805040e-04  6.26390076e-02  6.41156873e-02
 -9.84311216e-02  5.03507137e-02  1.31359588e-02  9.03107468e-02
  4.38976588e-02 -2.26926385e-02  2.08748779e-02 -7.78079907e-02
  5.36909178e-02  3.32561331e-02 -3.08076352e-02  3.56000699e-02
  4.67390460e-02 -2.10169894e-02  6.23455860e-02 -7.33482773e-02
 -1.08997606e-01 -1.00324678e-01  4.34612958e-02 -3.59784417e-03
  7.21522712e-02 -6.34486121e-03 -1.14147062e-01 -7.79776022e-02
  9.60888527e-03  2.66858152e-02 -1.11334434e-04  1.61646699e-02
  1.21034285e-01  2.29842263e-02 -1.28191613e-01  1.37266443e-02
 -1.02994273e-01  6.48220267e-05 -5.02372266e-01]",55,,"(np.int32(1), np.int32(1), np.int32(0), np.int32(1), np.int32(1), np.int32(0), np.int32(0), np.int32(1), np.int32(1), np.int32(1))",22.356282422665803
405,10,2,3,1.262412997799906,"[ 0.03012741  0.1050694   0.00958265 -0.00318127  0.00142718  0.02784015
  0.00248697  0.06084768 -0.43696491 -0.01864427  0.00563143 -0.07021076
  0.0062812  -0.06609491  0.05774256 -0.00614658  0.02332971 -0.00155733
  0.07766385  0.07653802 -0.05769374  0.02963546  0.00725667  0.06347326
  0.03225962  0.00227359  0.0179688  -0.03511787  0.02514033  0.01047386
 -0.05478483  0.02942335  0.07413887 -0.02140568  0.08539354 -0.02069432
 -0.09573323 -0.07186861  0.02160883  0.0147444   0.03906552 -0.02964552
 -0.11227302 -0.03532362  0.01445592 -0.01369656 -0.03504804  0.03811813
  0.11184087  0.01608276 -0.08045452  0.02151971 -0.06085696 -0.00819205
 -0.50503085]",55,,"(np.int32(1), np.int32(1), np.int32(0), np.int32(1), np.int32(1), np.int32(0), np.int32(0), np.int32(1), np.int32(1), np.int32(1))",22.356282422665803
5,10,2,4,1.3309792626728112,"[ 3.45622120e-03  9.12058372e-02 -1.38777878e-17  4.78110599e-02
  0.00000000e+00  3.45622120e-03 -4.68509985e-02  3.45622120e-03
 -1.24807988e-02 -6.27880184e-02  9.46620584e-02 -3.45622120e-03
  4.43548387e-02  3.45622120e-03  0.00000000e+00 -5.03072197e-02
  0.00000000e+00 -1.59370200e-02 -5.93317972e-02 -9.12058372e-02
  5.03072197e-02  9.12058372e-02  9.46620584e-02 -4.43548387e-02
  9.46620584e-02 -1.49769585e-02  2.84178187e-02 -4.78110599e-02
  0.00000000e+00 -3.45622120e-03  4.68509985e-02 -3.45622120e-03
  1.24807988e-02  6.27880184e-02  4.78110599e-02  4.43548387e-02
 -9.46620584e-02  4.43548387e-02  2.84178187e-02 -1.49769585e-02
  3.45622120e-03 -4.68509985e-02  3.45622120e-03 -1.24807988e-02
 -6.27880184e-02 -5.03072197e-02  0.00000000e+00 -1.59370200e-02
 -5.93317972e-02 -5.03072197e-02  5.93317972e-02  1.59370200e-02
 -1.59370200e-02 -5.93317972e-02  5.03072197e-02]",50,,"(np.int32(1), np.int32(1), np.int32(0), np.int32(1), np.int32(1), np.int32(0), np.int32(0), np.int32(1), np.int32(1), np.int32(1))",22.356282422665803
25,10,2,4,1.7955412011362017,"[-2.05112900e-01 -4.88688118e-02  1.82198592e-01  1.06772490e-01
  1.54766301e-02  2.00153746e-01  6.30519716e-02 -2.92334138e-02
 -1.84043558e-02 -2.40931319e-01 -3.53517590e-02  4.98932335e-02
 -2.18930581e-01 -1.97556456e-01  1.82453789e-01 -2.36527616e-01
 -1.57801490e-01 -1.20848948e-01  5.86482686e-02 -3.44515559e-01
 -3.18252692e-01  2.59550094e-01 -1.29389557e-02 -3.79291215e-02
  2.24802389e-01  1.12437503e-01  1.05427729e-01  4.33655049e-03
  4.40678289e-04 -3.47230058e-02  6.01584004e-02 -3.99274257e-02
 -1.42938722e-01  2.67162173e-01  3.12017442e-01  1.66537804e-01
  5.53334811e-02  1.94213381e-02 -2.63451795e-01 -5.01995359e-02
 -4.29748338e-01 -1.75064435e-01  1.01513591e-01  5.70340328e-01
 -3.20195215e-01 -2.65231513e-02  2.37514241e-01  1.52763905e-01
  4.68319099e-02  5.20232214e-02  5.44355843e-02  2.05847235e-02
 -2.10669608e-01 -1.22505107e-01 -7.88320057e-02]",55,,"(np.int32(1), np.int32(1), np.int32(0), np.int32(1), np.int32(1), np.int32(0), np.int32(0), np.int32(1), np.int32(1), np.int32(1))",22.356282422665803
45,10,2,4,2.972975028722053,"[-0.55434847 -0.26776542 -0.17864233 -0.09632706 -0.33542254  0.63640128
 -0.91531061  0.38806848 -0.9708048  -0.39610896  0.4148891   0.51907423
  0.19543736 -0.53867299  0.59787613 -0.20616091 -0.22425842  0.24955821
  0.03315533 -0.0725595  -0.45824116 -0.0480102   0.26974222  0.97965798
 -0.16022732  0.56802322  0.432034   -0.11428896  0.14399167 -0.23438214
  0.11198975 -0.05818174 -0.58939954  0.20171239  0.46537158 -0.09404596
  0.43973802  0.16177508  0.37716013  0.01449081 -0.82534197  0.59665696
  0.0569346   0.17265828 -0.88563732 -0.50167098  0.95295998 -0.15691902
  0.59747476 -0.29528614  0.65083391 -0.06602218 -0.50553427  0.16757423
 -0.07054435]",55,,"(np.int32(1), np.int32(1), np.int32(0), np.int32(1), np.int32(1), np.int32(0), np.int32(0), np.int32(1), np.int32(1), np.int32(1))",22.356282422665803
65,10,2,4,5.40966274175052,"[ 0.92089204  0.03358381 -0.51663348 -0.02935535 -0.45305552  1.18711709
 -2.71228425  0.68743621 -0.73709698 -1.44062737  0.59024278  0.07217784
 -0.71247114  0.42194448 -0.06211688  0.38262163 -0.88273423 -0.44385465
  1.44872739  0.32143069  0.45737389  0.42994297 -0.74494223 -0.17656014
 -0.15558619 -0.15896147  0.54929662 -0.5887155  -0.75926878 -0.51018902
 -0.0451066   1.37998976 -0.5758401  -0.74690433  1.13793542 -0.17686612
 -0.4638568   0.21658106 -0.96302895 -0.8279304  -1.95149198 -0.08675815
 -1.30714249 -0.43547105 -0.35523424 -0.05291694  0.85157554 -0.68326053
  0.88644613 -0.02453643  0.36579987 -1.03270833 -0.27175793  0.23859144
 -1.88574386]",55,,"(np.int32(1), np.int32(1), np.int32(0), np.int32(1), np.int32(1), np.int32(0), np.int32(0), np.int32(1), np.int32(1), np.int32(1))",22.356282422665803
85,10,2,4,2.1619059392458233,"[-0.01401219  0.0851116   0.26419859 -0.01829755  0.06249717  0.07839743
 -0.57821216 -0.26111109 -0.87929901 -0.22958968  0.28456262 -0.11565886
  0.04188474  0.04247861  0.46316966 -0.25848577 -0.26309843  0.18838048
  0.07375361  0.16906905  0.11767093  0.16252563 -0.18567525  0.34088837
  0.18012098  0.45067769  0.01921952 -0.06615403  0.20254833 -0.10109752
  0.21664666  0.26320138 -0.16841111 -0.16552123  0.5540912   0.15646887
 -0.21085172 -0.25374277 -0.3473943  -0.09798561 -0.42302206 -0.30243392
 -0.37235582  0.11607521 -0.56909111  0.01697438  0.58916358 -0.12891184
  0.47832015 -0.07294883 -0.16471723 -0.18531558 -0.19396092  0.01725858
 -0.74962077]",55,,"(np.int32(1), np.int32(1), np.int32(0), np.int32(1), np.int32(1), np.int32(0), np.int32(0), np.int32(1), np.int32(1), np.int32(1))",22.356282422665803
105,10,2,4,2.001944624197883,"[ 0.041984   -0.08883648  0.14258573 -0.05169166 -0.07749033 -0.04659864
 -0.41409807 -0.04600941 -0.92420798 -0.19439005  0.28305273 -0.06217554
  0.00617015 -0.06919466  0.43179047 -0.23244877 -0.20475604  0.2464492
  0.12614595  0.01630648  0.12995469 -0.03751152 -0.10579846  0.07576803
  0.18514526  0.3246027  -0.06601758 -0.18457583  0.19575557 -0.08544855
  0.02547647  0.21914916 -0.25141521 -0.18556456  0.59175574  0.1969604
 -0.12102189 -0.23163465 -0.07046608 -0.10492642 -0.42855626 -0.45911357
 -0.12685752 -0.08836998 -0.52970405 -0.21379924  0.38656659  0.05239209
  0.24442919  0.14297214 -0.28433843 -0.07065762 -0.0214308   0.14692582
 -0.76152898]",55,,"(np.int32(1), np.int32(1), np.int32(0), np.int32(1), np.int32(1), np.int32(0), np.int32(0), np.int32(1), np.int32(1), np.int32(1))",22.356282422665803
125,10,2,4,1.7298670655389583,"[ 4.25217930e-02 -1.22285665e-01 -3.99547698e-02 -8.50282738e-02
 -5.48070600e-02 -1.29163478e-01 -3.51292402e-01 -4.77303827e-05
 -7.54422571e-01 -2.05875807e-01  8.56063856e-02 -8.95620562e-02
  1.00534178e-01 -5.40549159e-02  1.13154177e-01  6.13644438e-02
 -1.96099142e-01  2.90404238e-01  1.62172681e-01 -1.31390625e-01
 -1.87655417e-01 -1.16288352e-02 -9.21156006e-02  1.53022415e-01
  2.51641082e-01  1.08768032e-01 -2.12563035e-01 -2.54460978e-01
  3.08775746e-01 -2.33961186e-01  1.84396567e-01  2.50273518e-01
 -1.55966574e-01 -1.54179419e-01  4.44926840e-01  2.16080569e-01
 -1.74741778e-01 -4.24557845e-02 -1.52750449e-02  3.60430905e-02
 -2.18387895e-01 -4.72204535e-01  7.52447921e-02 -7.22912011e-02
 -4.93447433e-01 -8.47133977e-02  2.81715199e-01 -5.91871441e-02
  2.14736691e-01  1.35713792e-01 -2.73079804e-01 -1.47214315e-01
  9.14055703e-02  1.78429420e-01 -5.97220489e-01]",55,,"(np.int32(1), np.int32(1), np.int32(0), np.int32(1), np.int32(1), np.int32(0), np.int32(0), np.int32(1), np.int32(1), np.int32(1))",22.356282422665803
145,10,2,4,1.5971276801030883,"[ 0.09370514 -0.17051487 -0.10231012  0.01861775  0.09062475 -0.09281314
 -0.30766992  0.10606677 -0.59231876 -0.28835681  0.1240889  -0.05631887
  0.12133862 -0.09164558  0.02269254  0.21877827 -0.22108634  0.20905324
  0.28006537 -0.08122383 -0.19315119 -0.05673998  0.02203062  0.20253402
  0.21893483  0.09719132 -0.05143852 -0.21456141  0.27646715 -0.03509965
  0.27288765  0.17990423 -0.09549404  0.09666697  0.37142993  0.11429734
 -0.02778383  0.02206915 -0.05626279  0.07197288 -0.23403365 -0.34664845
 -0.06899957  0.0050345  -0.29378115 -0.03513387  0.07320943 -0.07220879
  0.30187503  0.19097748 -0.10669545 -0.00932552  0.01521703  0.16449289
 -0.33949369]",55,,"(np.int32(1), np.int32(1), np.int32(0), np.int32(1), np.int32(1), np.int32(0), np.int32(0), np.int32(1), np.int32(1), np.int32(1))",22.356282422665803
165,10,2,4,1.521752122207265,"[ 1.05410336e-01 -1.18884484e-01 -3.24316565e-02  2.43213823e-04
  6.55954367e-02 -6.51809050e-02 -1.73698990e-01  1.47097624e-01
 -5.80322333e-01 -1.82886842e-01  9.46165373e-02 -1.42281903e-01
  1.48154903e-01 -1.24880532e-01 -7.24348117e-02  1.34219231e-01
 -2.92595312e-01  1.63327129e-01  1.77374596e-01 -1.10107625e-01
 -2.60164631e-01 -8.30704922e-02  5.76596503e-02  1.94393919e-01
  2.69482501e-01  6.57274320e-02 -2.32968027e-02 -1.53809086e-01
  2.39710432e-01 -6.67978446e-02  1.77101934e-01  1.46194397e-01
 -1.59939973e-01  5.17973791e-02  2.83384225e-01  1.47242214e-01
 -1.20910884e-01  4.16110404e-02 -9.17952625e-02  4.26227827e-02
 -1.59227134e-01 -3.27642845e-01 -5.41463201e-02 -3.42741320e-03
 -1.99430437e-01 -5.49097521e-02  3.52472003e-02 -1.08697757e-01
  3.23845473e-01  1.21251990e-01 -1.59627795e-01 -7.60581540e-02
 -4.70505957e-02  1.39524247e-01 -4.12352333e-01]",55,,"(np.int32(1), np.int32(1), np.int32(0), np.int32(1), np.int32(1), np.int32(0), np.int32(0), np.int32(1), np.int32(1), np.int32(1))",22.356282422665803
185,10,2,4,1.5069152401817456,"[ 0.10459497 -0.14190146 -0.0074333   0.02197074  0.14935782 -0.06508018
 -0.2404083   0.1369429  -0.49335495 -0.19428844  0.11945308 -0.13171903
  0.11621826 -0.1154818  -0.05552295  0.123052   -0.24010164  0.19646643
  0.18070559 -0.06869367 -0.22110534 -0.0422987   0.004886    0.1791608
  0.24440166  0.11976318 -0.03480048 -0.1717268   0.24231655 -0.10229656
  0.12632294  0.15074687 -0.16367506  0.01785233  0.2750205   0.1153546
 -0.08509417 -0.02041504 -0.091867    0.08081515 -0.2297562  -0.22811435
 -0.07093321 -0.03998013 -0.18613045 -0.09797352  0.06302913 -0.09579324
  0.25492671  0.18737125 -0.12093136 -0.11074599 -0.12884015  0.16248829
 -0.37580723]",55,,"(np.int32(1), np.int32(1), np.int32(0), np.int32(1), np.int32(1), np.int32(0), np.int32(0), np.int32(1), np.int32(1), np.int32(1))",22.356282422665803
205,10,2,4,1.4703793828493599,"[ 0.09209542 -0.10318708 -0.01044553  0.0521655   0.1107179   0.01025903
 -0.22395689  0.08337602 -0.42591536 -0.1750962   0.09838621 -0.10506454
  0.06653633 -0.14075316 -0.11447093  0.09513746 -0.18699517  0.17039656
  0.16837416 -0.02163985 -0.18043696 -0.01679903  0.0033697   0.10549181
  0.23864303  0.12410632 -0.05203749 -0.15300872  0.16415132 -0.09702421
  0.0507682   0.11470388 -0.15566868 -0.02712704  0.23313875  0.11295519
 -0.16231147 -0.12095872 -0.07677202  0.09571396 -0.21589386 -0.1594564
 -0.09585776 -0.04866793 -0.16610863 -0.12292256  0.00074615 -0.10062591
  0.23473498  0.20719452 -0.13132238 -0.073375   -0.1950101   0.13065479
 -0.41747867]",55,,"(np.int32(1), np.int32(1), np.int32(0), np.int32(1), np.int32(1), np.int32(0), np.int32(0), np.int32(1), np.int32(1), np.int32(1))",22.356282422665803
225,10,2,4,1.425522295959095,"[ 0.10126702 -0.06473735  0.06280444  0.07915927  0.04182265  0.01359512
 -0.16778358  0.08036098 -0.40926849 -0.17257519  0.06608395 -0.18546603
  0.0321523  -0.09920483 -0.13186392  0.10408794 -0.16390612  0.13320297
  0.17665556 -0.03142742 -0.16724689 -0.07201732 -0.03072914  0.0122356
  0.18798604  0.10599134 -0.01057968 -0.07690317  0.10117803 -0.10684112
 -0.00637312  0.10437626 -0.15637048  0.0049393   0.19857689  0.12417236
 -0.15611109 -0.10587565 -0.00430667  0.08604395 -0.10482767 -0.1828754
 -0.03806693 -0.09729915 -0.18032404 -0.06709105 -0.0040956  -0.07905473
  0.15923305  0.26953198 -0.12145881 -0.08716953 -0.14782717  0.04685232
 -0.37979142]",55,,"(np.int32(1), np.int32(1), np.int32(0), np.int32(1), np.int32(1), np.int32(0), np.int32(0), np.int32(1), np.int32(1), np.int32(1))",22.356282422665803
245,10,2,4,1.4053593084282527,"[ 0.12846881  0.01015172  0.0847772   0.06474622  0.04509454  0.03166517
 -0.02199363  0.05557029 -0.34850392 -0.15826808 -0.05016826 -0.15270683
 -0.02564958 -0.11672312 -0.08068835  0.01284105 -0.10848624  0.16277629
  0.13296952  0.02830706 -0.13069106  0.03069392  0.00072715  0.08780206
  0.10590587  0.11305298  0.09318436 -0.05794846  0.03624374 -0.0679132
  0.04145704  0.09211811 -0.08423241 -0.02741353  0.18461638  0.063673
 -0.13430735 -0.05289274 -0.02897571  0.13091577 -0.06401881 -0.11096604
 -0.1149827  -0.05291221 -0.14716886 -0.03363681 -0.03815995 -0.07803014
  0.11245993  0.15093031 -0.11751831 -0.00138493 -0.19000694 -0.02908997
 -0.44260738]",55,,"(np.int32(1), np.int32(1), np.int32(0), np.int32(1), np.int32(1), np.int32(0), np.int32(0), np.int32(1), np.int32(1), np.int32(1))",22.356282422665803
265,10,2,4,1.3953572251823545,"[ 0.09482804  0.03029535  0.10325764  0.0860046   0.04344814  0.04941416
 -0.01957218  0.05025883 -0.37556412 -0.13525972 -0.05454933 -0.18243283
 -0.01573665 -0.098513   -0.02313961 -0.03363346 -0.10355256  0.14364348
  0.13654297  0.04451169 -0.07734886  0.01125503 -0.02271608  0.09626563
  0.06829187  0.10507446  0.10880475 -0.04781088  0.01704799 -0.0613846
  0.02628705  0.06158685 -0.04022396 -0.02486578  0.1781413   0.03340973
 -0.10490692 -0.08556042 -0.02128024  0.13495682 -0.02481864 -0.12751266
 -0.09499171 -0.04619903 -0.11606902 -0.05802438  0.01826658 -0.04884543
  0.0723515   0.11295598 -0.12583154 -0.0009114  -0.19847723 -0.016175
 -0.41797067]",55,,"(np.int32(1), np.int32(1), np.int32(0), np.int32(1), np.int32(1), np.int32(0), np.int32(0), np.int32(1), np.int32(1), np.int32(1))",22.356282422665803
285,10,2,4,1.353645513488771,"[ 0.039925    0.02071661  0.0711987   0.09075063 -0.0507003   0.03264041
  0.00773807  0.06908412 -0.34784286 -0.09305703 -0.06826292 -0.22424141
 -0.0317676  -0.12428986 -0.03368584 -0.02976043 -0.0961833   0.05547046
  0.11002773  0.01768709 -0.05774601 -0.02223993 -0.04058707  0.08431374
  0.09692294  0.03583721  0.04575244 -0.06129436  0.02365988 -0.05942573
  0.01266086  0.06617744 -0.08741502 -0.09120879  0.11538355  0.05780603
 -0.11744137 -0.05102491 -0.05416228  0.08965163 -0.04249753 -0.11206099
 -0.10098952 -0.08678899 -0.12608357 -0.06979893  0.01875876 -0.01078855
  0.05564201  0.09486793 -0.10440081 -0.00367874 -0.1466627  -0.03127243
 -0.46089059]",55,,"(np.int32(1), np.int32(1), np.int32(0), np.int32(1), np.int32(1), np.int32(0), np.int32(0), np.int32(1), np.int32(1), np.int32(1))",22.356282422665803
305,10,2,4,1.335049685247742,"[ 0.01313615  0.02874306  0.06522859  0.02430271 -0.01544099  0.07766205
  0.0150756   0.06441434 -0.38180232 -0.07515022 -0.02086265 -0.15582791
  0.00957108 -0.11711211 -0.00289861 -0.04911392 -0.07341748  0.01711284
  0.11392876  0.06262505 -0.0267314  -0.00628571 -0.02949482  0.05498676
  0.09291387  0.06196955  0.01234875 -0.04657045  0.03552017 -0.0677672
 -0.00125209  0.04021373 -0.07098177 -0.12814073  0.05122366 -0.00517367
 -0.1339251  -0.04872179 -0.00819588  0.05308317  0.0150809  -0.05423686
 -0.14581996 -0.1108637  -0.10755312 -0.03256927 -0.02630085 -0.01020884
  0.04532846  0.04210733 -0.1006857  -0.00375626 -0.13438489 -0.01814256
 -0.45593839]",55,,"(np.int32(1), np.int32(1), np.int32(0), np.int32(1), np.int32(1), np.int32(0), np.int32(0), np.int32(1), np.int32(1), np.int32(1))",22.356282422665803
325,10,2,4,1.3435173526013904,"[ 0.01613548  0.04150431  0.09812593  0.05742398 -0.00513472  0.09830313
  0.02051534  0.04300635 -0.38406917 -0.0497049  -0.03181565 -0.17347985
 -0.01726204 -0.09397622  0.01361933 -0.07456832 -0.04159599  0.04804794
  0.08960988  0.07164473 -0.01007849  0.01042788 -0.02434118  0.06261621
  0.04900252  0.05787272  0.04161674 -0.04770104  0.02290108 -0.0524066
 -0.00930606  0.05794351 -0.07838353 -0.11300592  0.04702335 -0.01945861
 -0.11808315 -0.04212206 -0.01354503  0.08316896  0.01807835 -0.04381448
 -0.1633729  -0.10171279 -0.1043402  -0.03277159 -0.03475106 -0.00049818
  0.02103353  0.00316454 -0.10098484  0.00992443 -0.16153802 -0.05608313
 -0.47442546]",55,,"(np.int32(1), np.int32(1), np.int32(0), np.int32(1), np.int32(1), np.int32(0), np.int32(0), np.int32(1), np.int32(1), np.int32(1))",22.356282422665803
345,10,2,4,1.3114050680643419,"[ 2.65186414e-02  7.03332017e-02  5.47330549e-02  6.24177992e-02
 -3.94048930e-02  7.83293468e-02  1.33627245e-02  5.68861207e-02
 -4.07482943e-01 -2.19358580e-02 -2.86630939e-02 -1.29592000e-01
 -2.12292964e-02 -7.11595937e-02  4.80322280e-02 -3.26386139e-02
  1.33027530e-02  3.32692445e-02  1.04735073e-01  8.58037065e-02
 -7.28707589e-02  3.37444131e-02 -1.99907204e-02  7.05161859e-02
  5.34029885e-02  2.35674519e-02  6.42701801e-02 -3.68101204e-02
  5.71039251e-03 -2.18313016e-02  2.04069505e-04  6.29116830e-02
 -2.96931474e-02 -5.41053021e-02  5.48377367e-02 -1.84735412e-02
 -1.20271776e-01 -3.85611685e-02  5.61910153e-03  2.07299131e-02
  1.63365210e-02 -4.14454132e-02 -1.42572463e-01 -8.24083175e-02
 -5.22555956e-02 -2.61857621e-02 -3.55300237e-02  8.81616214e-03
  5.61160468e-02  1.59428134e-02 -8.02806074e-02  2.69892922e-02
 -1.08925753e-01 -2.52243109e-02 -5.08928541e-01]",55,,"(np.int32(1), np.int32(1), np.int32(0), np.int32(1), np.int32(1), np.int32(0), np.int32(0), np.int32(1), np.int32(1), np.int32(1))",22.356282422665803
365,10,2,4,1.2857481126394361,"[ 0.00499384  0.05390113  0.03339525  0.03502912 -0.01176762  0.07593442
  0.00186039  0.06706505 -0.40949378 -0.01633933 -0.0119602  -0.10071885
 -0.01751564 -0.08322665  0.03148298 -0.01978156 -0.03542596  0.02658553
  0.09227718  0.06204861 -0.06239229  0.01176175 -0.01097252  0.03643051
  0.01854537  0.03822294  0.03584075 -0.01969436  0.0246737   0.00526362
  0.00076652  0.04560492 -0.00243823 -0.0460262   0.06355753 -0.02682298
 -0.11176132 -0.07942149  0.00993951  0.00214428  0.0236803  -0.02922641
 -0.12335135 -0.08219175 -0.02846194 -0.01727959 -0.01371203  0.0220913
  0.09877207 -0.01031197 -0.0767885  -0.00267065 -0.08683959 -0.03052371
 -0.47465361]",55,,"(np.int32(1), np.int32(1), np.int32(0), np.int32(1), np.int32(1), np.int32(0), np.int32(0), np.int32(1), np.int32(1), np.int32(1))",22.356282422665803
385,10,2,4,1.2663337981224985,"[ 0.0056447   0.07907638  0.02955554  0.00166364 -0.02395614  0.03557846
 -0.01809211  0.04258186 -0.40779658  0.0069487   0.00962999 -0.07638571
  0.00593611 -0.06047697  0.06206547 -0.02844997 -0.01738168  0.02136199
  0.08275894  0.09084392 -0.04273993  0.02834215  0.02249964  0.03965809
  0.01762867  0.02463809  0.01668577 -0.03348682  0.00140359  0.00666352
 -0.02731663  0.03209407  0.04245842 -0.03971312  0.06795034 -0.02583076
 -0.08621543 -0.08115789  0.02758923  0.0375616   0.05318837 -0.02743783
 -0.12684669 -0.04395312 -0.01302233 -0.01400036 -0.01707237  0.03314976
  0.1049557  -0.00192215 -0.06114717  0.03087336 -0.05098083 -0.00237316
 -0.49845523]",55,,"(np.int32(1), np.int32(1), np.int32(0), np.int32(1), np.int32(1), np.int32(0), np.int32(0), np.int32(1), np.int32(1), np.int32(1))",22.356282422665803
405,10,2,4,1.2624129977999063,"[ 0.03012741  0.1050694   0.00958265 -0.00318127  0.00142718  0.02784015
  0.00248697  0.06084768 -0.43696491 -0.01864427  0.00563143 -0.07021076
  0.0062812  -0.06609491  0.05774256 -0.00614658  0.02332971 -0.00155733
  0.07766385  0.07653802 -0.05769374  0.02963546  0.00725667  0.06347326
  0.03225962  0.00227359  0.0179688  -0.03511787  0.02514033  0.01047386
 -0.05478483  0.02942335  0.07413887 -0.02140568  0.08539354 -0.02069432
 -0.09573323 -0.07186861  0.02160883  0.0147444   0.03906552 -0.02964552
 -0.11227302 -0.03532362  0.01445592 -0.01369656 -0.03504804  0.03811813
  0.11184087  0.01608276 -0.08045452  0.02151971 -0.06085696 -0.00819205
 -0.50503085]",55,,"(np.int32(1), np.int32(1), np.int32(0), np.int32(1), np.int32(1), np.int32(0), np.int32(0), np.int32(1), np.int32(1), np.int32(1))",22.356282422665803
5,10,2,5,1.409937921727395,"[ 0.03099415  0.05173189  0.06095367  0.02073774  0.          0.01151597
 -0.05982906  0.01151597 -0.04021592 -0.11156095 -0.02073774 -0.01151597
 -0.05173189  0.03099415 -0.06095367  0.10926676 -0.06095367 -0.00922177
  0.16099865  0.00922177 -0.03099415  0.05173189 -0.04021592 -0.11156095
 -0.04021592  0.01151597 -0.05982906 -0.04021592  0.06095367 -0.03099415
 -0.12078273 -0.03099415  0.02073774 -0.06905083  0.02073774  0.00922177
 -0.16099865  0.00922177  0.06095367 -0.10926676  0.01151597 -0.05982906
  0.01151597 -0.04021592 -0.11156095 -0.15177688  0.          0.05173189
 -0.10004498 -0.15177688 -0.10004498  0.05173189  0.05173189 -0.10004498
 -0.15177688]",53,,"(np.int32(1), np.int32(1), np.int32(0), np.int32(1), np.int32(1), np.int32(0), np.int32(0), np.int32(1), np.int32(1), np.int32(1))",22.356282422665803
25,10,2,5,1.5887542459467,"[ 0.32695801  0.03090966  0.01367523 -0.100303   -0.04619966 -0.04709856
 -0.08502794  0.15278058 -0.11580081 -0.23471913 -0.07147801 -0.05453399
 -0.17093071 -0.13928972  0.14728805  0.21081509 -0.07288088  0.13777357
  0.23531896  0.05019499  0.11238516  0.21822038 -0.02206534 -0.02970565
  0.0503335  -0.02291764  0.04123115 -0.21699481  0.12062853  0.13901672
 -0.01247121 -0.09900727 -0.00342579 -0.21452275 -0.07933348  0.20995281
 -0.22692777 -0.12461598 -0.01131078 -0.20045808  0.1857025  -0.03855738
 -0.0727451  -0.16107967 -0.28843637  0.0397046   0.23132197  0.00960024
 -0.16644643  0.07047977 -0.05840073  0.102735    0.29003598 -0.07669206
 -0.07291596]",55,,"(np.int32(1), np.int32(1), np.int32(0), np.int32(1), np.int32(1), np.int32(0), np.int32(0), np.int32(1), np.int32(1), np.int32(1))",22.356282422665803
45,10,2,5,2.589853701663826,"[-3.06031665e-02  3.45671468e-01  5.48247784e-01  1.21094641e-01
 -5.70965501e-01 -8.02928394e-02 -4.91064086e-01 -2.65922882e-01
 -4.39278906e-01 -2.11187848e-01  1.93979572e-02 -1.01089624e-01
 -4.25295493e-01  2.14897175e-01  4.08486486e-01 -4.53291750e-01
  6.25028548e-01  4.29798145e-01  2.04478178e-01  8.74076966e-01
  8.23806959e-02  8.47565635e-01 -3.04186974e-04 -1.70155334e-01
 -1.65630381e-01  5.07668206e-02 -2.26318913e-01  1.27456368e-01
  8.94207588e-02  3.32256328e-01  2.89904462e-01 -1.23739614e-01
  1.26252580e-01 -1.90186293e-01 -2.37454685e-01  3.61075916e-01
 -3.68942189e-01  3.61075916e-01  1.32317856e-01  2.04104488e-02
 -9.57165061e-02 -3.13288417e-01 -4.23598608e-01 -2.43022578e-01
 -5.25059663e-01  3.11845880e-01  5.03498935e-01 -7.47705536e-02
 -3.55415138e-02  5.35723454e-01 -2.08066125e-01  3.88268418e-01
  5.33432871e-02 -7.90215218e-03 -6.58985282e-01]",55,,"(np.int32(1), np.int32(1), np.int32(0), np.int32(1), np.int32(1), np.int32(0), np.int32(0), np.int32(1), np.int32(1), np.int32(1))",22.356282422665803
65,10,2,5,4.046100743794944,"[-0.20137309  0.109473    0.36832966  0.39896707  0.53059     0.47437574
 -0.22045592 -0.77317225  0.45563893  0.26841984 -0.97982197  0.01093477
 -0.31909799 -0.38767596  0.82165061 -0.03376298  0.04105398 -0.30105598
  0.36614874  0.05601364 -0.24180075 -0.49751192  0.45142645 -0.25092434
 -0.94492952 -0.86698247 -0.12104916 -0.65413294 -1.03886699  0.14554005
  0.48854445  0.31371319 -1.03009673  0.28751061  0.03282744  0.47155689
 -0.23237684 -0.27108835  0.38527706 -0.01348558  1.69590763  0.27547741
 -1.19514325  0.19743769 -1.07219122 -0.01317953  1.05373637  1.4200395
  0.16487671  0.12595843  0.17157792 -0.18154945 -1.02864653  0.56896424
 -1.75439587]",55,,"(np.int32(1), np.int32(1), np.int32(0), np.int32(1), np.int32(1), np.int32(0), np.int32(0), np.int32(1), np.int32(1), np.int32(1))",22.356282422665803
85,10,2,5,1.7876152875410605,"[-0.13320763  0.33152977  0.03581073  0.18547535 -0.32252103  0.18021334
  0.16917003  0.0153029  -0.41629965  0.06286813  0.20993033 -0.3166295
  0.23515028 -0.29897936 -0.04315363  0.0978437   0.22674737 -0.0633308
  0.22457864  0.11668054 -0.21576855  0.04997543  0.1457168   0.12275738
  0.24797134 -0.43549609 -0.02496126  0.12316193 -0.16870007  0.20105651
  0.39596159 -0.29379447  0.23158003  0.11163709  0.18479772  0.19910768
  0.16487     0.09214889 -0.01400469  0.14458389  0.25621704 -0.19730959
 -0.40830046  0.09933423 -0.42912903 -0.20363372  0.04301975  0.07749776
 -0.2451218   0.21227598 -0.31432646 -0.06206493  0.00441998  0.16696315
 -0.88292196]",55,,"(np.int32(1), np.int32(1), np.int32(0), np.int32(1), np.int32(1), np.int32(0), np.int32(0), np.int32(1), np.int32(1), np.int32(1))",22.356282422665803
105,10,2,5,1.5549841423880133,"[ 0.05853504  0.09364617  0.24795744  0.14995226 -0.19929184  0.07690886
  0.00564231  0.12987931 -0.33027256  0.01253003  0.24591539 -0.02804937
  0.20449577  0.01853209  0.08759878 -0.01702893  0.22559811 -0.03478143
  0.03507069  0.204398   -0.24128606  0.11088761  0.09571955  0.0839864
  0.08845461 -0.06247045 -0.10306833  0.02860971  0.06821634  0.26511964
  0.22738751 -0.00978593  0.19602096  0.09237068  0.09433631  0.21406349
 -0.07298761 -0.04174366 -0.11802697  0.08247712  0.27387294 -0.24669254
 -0.21148305 -0.18175169 -0.04047882 -0.11992983 -0.01829208  0.02248516
  0.01183149  0.08846963 -0.30636481  0.13701701  0.11101169 -0.26055514
 -0.67192055]",55,,"(np.int32(1), np.int32(1), np.int32(0), np.int32(1), np.int32(1), np.int32(0), np.int32(0), np.int32(1), np.int32(1), np.int32(1))",22.356282422665803
125,10,2,5,1.5472270240850512,"[ 0.10867269  0.20989982  0.1615573   0.03441319 -0.17613635  0.03965881
 -0.02313753  0.08376966 -0.27725916 -0.02974182  0.2574739   0.03233006
  0.34479561  0.01073815 -0.01991719 -0.10437566  0.07208908  0.08673333
  0.00377217  0.22332074 -0.13400376  0.01605014  0.19282347  0.12121041
  0.03937639 -0.18806501  0.10996478 -0.04427396 -0.00383178  0.40387076
  0.20102657 -0.08051366  0.19616681  0.10117937 -0.02196667  0.19668914
  0.02918491 -0.00396497 -0.13291678  0.14968619  0.25594963 -0.28717338
 -0.32677905 -0.14998543  0.03875269 -0.29575455 -0.09029822  0.11430752
 -0.11203655  0.03986621 -0.17540411  0.17513043  0.13981173 -0.14356428
 -0.57820712]",55,,"(np.int32(1), np.int32(1), np.int32(0), np.int32(1), np.int32(1), np.int32(0), np.int32(0), np.int32(1), np.int32(1), np.int32(1))",22.356282422665803
145,10,2,5,1.4923636836999332,"[ 1.25874486e-01  2.36004436e-01  1.11062309e-01  3.89579670e-02
 -1.61818001e-02  6.77612876e-02 -1.34994455e-01  2.41717455e-02
 -3.57094145e-01 -4.18812525e-02  1.80121987e-01 -4.27289096e-02
  2.10586889e-01 -1.38546771e-04  4.03292730e-02  9.05875491e-03
  8.64514712e-02  3.94001807e-02  1.66380069e-01  2.35603590e-01
 -1.43890081e-01 -1.88957372e-02  1.87771916e-01  1.57208239e-01
  8.36989240e-03 -1.48134357e-01  6.55633281e-02 -4.20261529e-02
  1.07635878e-01  2.73564095e-01  1.55929678e-01 -7.29155775e-02
  1.37944591e-01  1.40716449e-01  7.59320610e-02  9.26157500e-02
 -8.06889410e-02 -1.74270441e-01  1.05815987e-02  7.59811169e-02
  1.17497839e-01 -1.97975630e-01 -3.08761379e-01 -1.29053537e-01
  1.25335308e-01 -2.26212882e-01  1.80981458e-02  5.85331046e-02
  1.21049686e-02  3.44527187e-02 -2.37640868e-01  8.58759355e-02
  2.37151027e-03 -1.00454085e-01 -5.42710141e-01]",55,,"(np.int32(1), np.int32(1), np.int32(0), np.int32(1), np.int32(1), np.int32(0), np.int32(0), np.int32(1), np.int32(1), np.int32(1))",22.356282422665803
165,10,2,5,1.4473631573996115,"[ 0.13534159  0.29126344  0.1325577   0.01603674 -0.05703607 -0.00654633
 -0.05422603 -0.00955424 -0.30403987 -0.02033106  0.16799989 -0.01841317
  0.21545209 -0.02689576  0.07605109 -0.05216702  0.09725726 -0.07702013
  0.12518613  0.25037119 -0.08754187 -0.04705869  0.07112588  0.07731728
 -0.14133153 -0.13372278  0.05832343  0.0371744   0.00789989  0.23129696
  0.02611247 -0.12976472  0.11095556  0.02077361 -0.00088514  0.12739863
 -0.146806   -0.11689225 -0.0090812   0.07661366  0.17457473 -0.13183137
 -0.24683829 -0.02746818  0.1362273  -0.18248622 -0.06255881  0.09574426
 -0.01293216  0.01424049 -0.18529599  0.06620759  0.01185845 -0.13164789
 -0.47653473]",55,,"(np.int32(1), np.int32(1), np.int32(0), np.int32(1), np.int32(1), np.int32(0), np.int32(0), np.int32(1), np.int32(1), np.int32(1))",22.356282422665803
185,10,2,5,1.4056345531245398,"[ 1.63669450e-01  2.37222867e-01  1.04612847e-01  2.93251573e-02
 -1.68234084e-02 -2.97668150e-02 -9.97117142e-02  1.48780258e-02
 -3.44409306e-01  3.60094730e-02  1.21273860e-01 -6.43904373e-02
  1.32532287e-01  2.29438907e-02  9.02467810e-02  8.40730929e-02
  7.69837936e-02 -1.00326714e-01  1.41441371e-01  1.31973579e-01
 -8.46366511e-02 -3.55451887e-02  2.57123557e-02  1.31113999e-01
 -3.70025066e-02 -1.16271253e-01  1.57673917e-01 -1.37609391e-02
  4.89949189e-02  1.14111671e-01  5.06634863e-02 -9.83291521e-02
  6.71854913e-02  9.88834437e-02  4.19642860e-02  1.21202841e-01
 -8.92316393e-02 -1.48551889e-01  1.29964358e-02  1.03464489e-01
  1.92228122e-01 -1.36359010e-01 -2.02789317e-01 -9.61595434e-02
  3.28369748e-02 -1.05288597e-01 -7.69984870e-02  4.69432043e-02
  2.33842029e-04  7.34178897e-02 -1.27634060e-01  7.54470898e-02
  1.60416356e-02 -1.21119740e-01 -4.85560620e-01]",55,,"(np.int32(1), np.int32(1), np.int32(0), np.int32(1), np.int32(1), np.int32(0), np.int32(0), np.int32(1), np.int32(1), np.int32(1))",22.356282422665803
205,10,2,5,1.435851532058627,"[ 0.08850629  0.18185033  0.07634215  0.00742634 -0.02256269  0.05005733
 -0.13928324  0.00783564 -0.35750939  0.06675507  0.08068331 -0.06704237
  0.0951147   0.11686129  0.06910838  0.01092121  0.00679802 -0.06862147
  0.11633921  0.14904988 -0.10592771 -0.05680833  0.07817029  0.08264181
 -0.06295027 -0.11544492  0.136845   -0.0357649   0.05508127  0.09114404
 -0.00650143 -0.1891782   0.07875829  0.09293505  0.01543529  0.17124134
 -0.09101174 -0.1702646   0.0258593   0.10665768  0.14193615 -0.14637897
 -0.24544464 -0.04830953  0.05365282 -0.07616679 -0.00892218  0.04882629
 -0.02633063  0.05725377 -0.18756954  0.1119855  -0.03970773 -0.08513176
 -0.47807461]",55,,"(np.int32(1), np.int32(1), np.int32(0), np.int32(1), np.int32(1), np.int32(0), np.int32(0), np.int32(1), np.int32(1), np.int32(1))",22.356282422665803
225,10,2,5,1.4201496670446903,"[ 0.04740621  0.2402197   0.08915079  0.02755746 -0.00642821  0.02821652
 -0.06757186  0.01583908 -0.3158989   0.03838906  0.06608429 -0.08684896
  0.08429035  0.08400162  0.11685497  0.00584769  0.03230538 -0.02659626
  0.13058906  0.15574466 -0.05868248 -0.02885052  0.01856012  0.1388719
 -0.03706504 -0.05923124  0.11207374 -0.01519001  0.03225731  0.04922701
 -0.02450022 -0.13697199  0.06419176  0.0584479   0.04661832  0.13012654
 -0.09183683 -0.13556032  0.01199428  0.07780469  0.09146645 -0.096263
 -0.2406612  -0.04779791  0.01147925 -0.0766068  -0.02184689  0.04584424
 -0.00659369  0.04261567 -0.15953405  0.09249421 -0.01485946 -0.05780346
 -0.55832824]",55,,"(np.int32(1), np.int32(1), np.int32(0), np.int32(1), np.int32(1), np.int32(0), np.int32(0), np.int32(1), np.int32(1), np.int32(1))",22.356282422665803
245,10,2,5,1.3559588653998254,"[ 0.00535238  0.22412851  0.08914865  0.03183413 -0.04144262  0.03621891
 -0.08242071  0.04559034 -0.35094789  0.07211585  0.03272422 -0.0674621
  0.02772361  0.04756024  0.09712392  0.00697245  0.04067973 -0.03664485
  0.06270231  0.13268552 -0.04806384 -0.05345885  0.03960027  0.12891997
  0.00678312 -0.08329546  0.08892612 -0.03144987  0.02683483  0.07615581
 -0.00735382 -0.08696712  0.00067587  0.02588205  0.02787092  0.10429056
 -0.05092099 -0.14167931 -0.05323649  0.03877502  0.07871773 -0.05919124
 -0.18827604 -0.11197927 -0.03222729 -0.13182909 -0.02448214  0.05072744
  0.04793909 -0.0188907  -0.12071634  0.05940208  0.00417823 -0.02714846
 -0.60744618]",55,,"(np.int32(1), np.int32(1), np.int32(0), np.int32(1), np.int32(1), np.int32(0), np.int32(0), np.int32(1), np.int32(1), np.int32(1))",22.356282422665803
265,10,2,5,1.3370140814350628,"[ 1.82431061e-02  2.00411378e-01  9.65977143e-02  1.53030449e-02
 -1.43097458e-02  3.15182803e-02 -7.93145807e-02  4.54627438e-02
 -3.62407514e-01  6.21906849e-02  9.02733080e-02 -7.52910750e-03
  5.32466806e-02  5.67352042e-02  7.31848329e-02  1.58360707e-02
  1.59862466e-02 -7.84248721e-02  7.50087541e-02  1.44605547e-01
  4.00738701e-04 -7.84075357e-02  6.58169537e-02  1.12164988e-01
  5.56661776e-02 -5.25548426e-02  7.50869110e-02  4.16997347e-02
  2.89220305e-02  6.32444894e-02 -3.95537564e-02 -6.83321228e-02
  1.20640571e-02  5.57765425e-02  2.57189618e-02  1.00716121e-01
 -5.37332492e-02 -1.36157311e-01 -9.94429124e-02  4.96373695e-02
  1.04580986e-01 -2.65939606e-02 -1.64911735e-01 -6.32492012e-02
 -2.14170287e-02 -8.54363825e-02 -4.99888118e-02  7.14502560e-02
  5.26707964e-02 -9.20552923e-03 -7.33101769e-02  8.13530706e-02
 -1.75311049e-02 -2.49641294e-02 -6.11260781e-01]",55,,"(np.int32(1), np.int32(1), np.int32(0), np.int32(1), np.int32(1), np.int32(0), np.int32(0), np.int32(1), np.int32(1), np.int32(1))",22.356282422665803
285,10,2,5,1.2727663115803936,"[ 0.03629508  0.18127215  0.14258431  0.04240371  0.02367696  0.00891612
 -0.06654044  0.03448025 -0.3543913   0.04469594  0.02846796 -0.01859598
  0.04507654  0.03459006  0.09152852  0.00714064 -0.03314066 -0.08325122
  0.07103323  0.12968287  0.00881829  0.01580714  0.06646664  0.06422208
  0.04310657 -0.02990609  0.06643051  0.03853449  0.02432873 -0.01448577
 -0.02341486 -0.04550765  0.01706962  0.05998134  0.03630601  0.01408285
  0.03347961 -0.0948133  -0.04381489  0.04001737  0.0529613   0.01356705
 -0.08201381 -0.05130219 -0.03589634 -0.01018025 -0.03319637  0.08992306
  0.09195082  0.01061717 -0.01000738  0.02415279  0.05315944 -0.00275136
 -0.64648304]",55,,"(np.int32(1), np.int32(1), np.int32(0), np.int32(1), np.int32(1), np.int32(0), np.int32(0), np.int32(1), np.int32(1), np.int32(1))",22.356282422665803
305,10,2,5,1.2882255649384826,"[ 1.37283679e-02  1.50769982e-01  1.48838795e-01  4.03119851e-02
  3.64583397e-04  2.44668168e-02 -7.95577558e-02  6.61938575e-03
 -3.96794033e-01  7.44437372e-02 -2.28502649e-03 -5.36609595e-03
  5.84447203e-02 -1.70495063e-02  7.87911405e-02  4.66413440e-03
 -2.97154150e-02 -1.07121224e-01  5.52797953e-02  1.22968520e-01
 -2.20459725e-02  3.63684915e-03  5.53523674e-02  3.77050048e-02
  5.51239742e-02 -4.60214074e-02  2.86365348e-02  1.92557405e-02
 -1.50937192e-02 -4.43572835e-02 -2.90940729e-02 -2.36655735e-02
 -9.60589517e-03  2.40215618e-02  3.56292630e-02  2.49098390e-02
  3.25208683e-02 -7.01915458e-02 -3.40664093e-02  1.06461688e-02
  2.14672380e-02 -2.85437151e-02 -1.34202937e-01 -8.50624898e-02
 -1.71198436e-02 -1.51262752e-02 -3.57176330e-02  5.39943788e-02
  1.01541849e-01 -3.93089832e-02 -6.63739011e-02  6.23553486e-02
 -4.37290610e-03  1.03462268e-02 -6.28530558e-01]",55,,"(np.int32(1), np.int32(1), np.int32(0), np.int32(1), np.int32(1), np.int32(0), np.int32(0), np.int32(1), np.int32(1), np.int32(1))",22.356282422665803
325,10,2,5,1.2733811232972838,"[ 0.0229169   0.14932558  0.12976019  0.02667084  0.00357718  0.01387932
 -0.03699093  0.03590195 -0.39061921  0.06553031 -0.00422574 -0.03727083
  0.00902697 -0.01225036  0.07375145  0.0396759  -0.0113278  -0.06610185
  0.05880639  0.06783781 -0.06644572  0.01818138  0.05671344  0.08444354
  0.0915242  -0.00171342  0.02542     0.01885137 -0.03269167 -0.05186866
 -0.0313241  -0.00168245  0.01337671  0.02883656  0.01755495  0.0157888
  0.00724432 -0.05162495 -0.02764887  0.01474948  0.04711845 -0.00579398
 -0.10422567 -0.08979613 -0.04355058 -0.0203977  -0.05669699  0.05686293
  0.11205295 -0.06566634 -0.04635447  0.07743132 -0.00277292 -0.00731713
 -0.64899926]",55,,"(np.int32(1), np.int32(1), np.int32(0), np.int32(1), np.int32(1), np.int32(0), np.int32(0), np.int32(1), np.int32(1), np.int32(1))",22.356282422665803
345,10,2,5,1.3078106971728791,"[ 3.40749195e-02  1.56910884e-01  1.02714744e-01 -4.59907840e-03
  1.66115811e-02  6.09084140e-02 -3.65554624e-02  7.14013877e-02
 -4.09109754e-01  2.84622559e-02 -3.24455851e-02 -5.32899505e-02
 -7.73937124e-03 -4.23115523e-02  5.07826387e-02  5.40711539e-02
  2.67175182e-02 -6.42972039e-02  5.34484762e-02  6.75530379e-02
 -8.25268370e-02  1.90464921e-02  4.82349375e-02  8.41263690e-02
  1.34945900e-01  6.82066457e-03  3.18978651e-03 -2.72933419e-02
 -3.02584100e-03 -3.58380718e-02 -4.10203819e-02  3.00372945e-02
  1.31008973e-02 -1.70686068e-02  5.42673087e-02 -1.48379670e-02
 -5.42803866e-02 -4.43405751e-02  5.24480785e-03  2.19093716e-03
  5.16676722e-02  1.71121808e-04 -1.53856854e-01 -8.84670063e-02
 -2.02617596e-02  4.91114789e-03 -3.00361835e-02  3.19905184e-02
  8.53896422e-02 -4.93547071e-02 -8.02249523e-02  6.14480674e-02
 -7.48699129e-02  1.95305735e-02 -5.67010526e-01]",55,,"(np.int32(1), np.int32(1), np.int32(0), np.int32(1), np.int32(1), np.int32(0), np.int32(0), np.int32(1), np.int32(1), np.int32(1))",22.356282422665803
365,10,2,5,1.298138314195246,"[ 0.03261642  0.12529569  0.06285416  0.01327977  0.01208576  0.048433
 -0.02595024  0.08135776 -0.39994601  0.03389122 -0.01631893 -0.04335968
 -0.02228366 -0.05437074  0.05131824  0.05299924  0.02325568 -0.06480882
  0.05862118  0.06911526 -0.09275287  0.03041226  0.03318724  0.07234732
  0.11282852  0.015724    0.01365348 -0.02045684  0.00062162 -0.02607928
 -0.02203681  0.01169892  0.00702244 -0.02422952  0.04771625 -0.01414582
 -0.0601962  -0.02589171 -0.01235738 -0.00381584  0.05212451 -0.00303585
 -0.1613875  -0.0849922  -0.0054803   0.01093437 -0.03717267  0.01921938
  0.09800126 -0.01993343 -0.08804318  0.06662653 -0.06944213  0.01506537
 -0.55496585]",55,,"(np.int32(1), np.int32(1), np.int32(0), np.int32(1), np.int32(1), np.int32(0), np.int32(0), np.int32(1), np.int32(1), np.int32(1))",22.356282422665803
385,10,2,5,1.2793573422043767,"[ 0.02914947  0.099359    0.05046227 -0.00342793  0.02597938  0.0476043
 -0.01335608  0.05811519 -0.38984773  0.01175222 -0.02485529 -0.06491981
 -0.02291679 -0.06106403  0.06050662  0.03533707  0.01052186 -0.04623687
  0.03168999  0.06781705 -0.10107882  0.06619178  0.0548008   0.07722784
  0.05872191  0.00998982  0.00581394 -0.03826226  0.01684107 -0.01165564
 -0.03488207  0.01190921  0.03344733 -0.04106597  0.0854773  -0.00529204
 -0.06249602 -0.05524487 -0.00726489 -0.01268324  0.02345398 -0.01417956
 -0.1313417  -0.06341428  0.01048394  0.00798662 -0.03321108  0.02678788
  0.12116575 -0.01230815 -0.0611845   0.05173633 -0.06643882 -0.00342316
 -0.53350753]",55,,"(np.int32(1), np.int32(1), np.int32(0), np.int32(1), np.int32(1), np.int32(0), np.int32(0), np.int32(1), np.int32(1), np.int32(1))",22.356282422665803
405,10,2,5,1.2624129977999063,"[ 0.03012741  0.1050694   0.00958265 -0.00318127  0.00142718  0.02784015
  0.00248697  0.06084768 -0.43696491 -0.01864427  0.00563143 -0.07021076
  0.0062812  -0.06609491  0.05774256 -0.00614658  0.02332971 -0.00155733
  0.07766385  0.07653802 -0.05769374  0.02963546  0.00725667  0.06347326
  0.03225962  0.00227359  0.0179688  -0.03511787  0.02514033  0.01047386
 -0.05478483  0.02942335  0.07413887 -0.02140568  0.08539354 -0.02069432
 -0.09573323 -0.07186861  0.02160883  0.0147444   0.03906552 -0.02964552
 -0.11227302 -0.03532362  0.01445592 -0.01369656 -0.03504804  0.03811813
  0.11184087  0.01608276 -0.08045452  0.02151971 -0.06085696 -0.00819205
 -0.50503085]",55,,"(np.int32(1), np.int32(1), np.int32(0), np.int32(1), np.int32(1), np.int32(0), np.int32(0), np.int32(1), np.int32(1), np.int32(1))",22.356282422665803
