sample_size,n,k,repeat,mae,coefficients,non_zero_coef,num_iter,best_x,predicted_best
5,10,2,1,2.303827192352924e+32,"[ 1.37328329e+26  8.06255841e+28  3.84722126e+22 -7.57680086e+20
  6.03031841e+31 -1.60993046e+30  1.21228814e+22  1.78926051e+32
 -6.08739738e+31  3.29616439e+25  1.89420021e+20  9.46728774e+19
 -4.02926510e+28 -2.94427409e+21 -1.18056412e+32  1.60277535e+29
 -2.86302294e+31  3.09184528e+19  6.17741842e+23  0.00000000e+00
 -2.19721762e+27 -1.51359814e+31 -1.23589393e+24  1.09888040e+27
 -1.17770963e+22  7.81530065e+18 -6.46655460e+22 -5.49311758e+26
 -7.78877646e+30 -3.08973482e+23  2.74721083e+26 -5.87909949e+21
  1.95382516e+18 -1.29280702e+23  9.76181353e+17  1.64586215e+25
  0.00000000e+00  6.18369061e+19 -3.94892305e+30 -8.05740396e+29
  1.79733456e+29 -3.90472541e+18  3.78691510e+20 -6.86803420e+25
 -4.94280514e+24 -8.24041061e+24  2.48136874e+24 -5.64245533e+25
 -2.42362566e+22 -1.23673811e+20  1.97551733e+30  4.03693361e+29
 -2.01789250e+28 -8.96824248e+28 -1.54463703e+23]",53,54,"(np.int32(1), np.int32(0), np.int32(1), np.int32(1), np.int32(1), np.int32(0), np.int32(1), np.int32(0), np.int32(0), np.int32(0))",5.96824964257296e+32
25,10,2,1,4.7649589908626876e+23,"[ 1.47623881e+23  1.51104459e+23  1.15073787e+23  2.79925277e+23
 -2.06766597e+22  1.05201349e+23  3.59845949e+22 -1.18526152e+23
  1.02069950e+19 -1.41290673e+20  1.41078847e+22 -5.52383269e+17
  8.63527530e+22 -2.67894182e+15 -6.84005321e+20  8.45576332e+22
  1.64796085e+20  1.22541639e+23  1.26290793e+23 -2.79690654e+16
  1.55896236e+22  1.42154821e+22 -1.39333325e+23 -1.24934391e+17
  4.62362947e+22 -2.03528718e+19  9.07602713e+22  5.86966105e+16
  5.07716112e+19  3.97897448e+22 -4.59626318e+22 -6.45387180e+17
  3.67969026e+14 -4.89286203e+19 -1.92682907e+22 -7.58421930e+22
  2.24332656e+23 -5.85376463e+22  9.16247093e+20  8.94591118e+17
 -1.38377891e+21 -6.54454294e+22 -5.73369059e+22 -6.13411514e+21
  9.77644340e+17 -8.76368534e+15 -1.85392283e+21  7.66310200e+20
 -2.08033225e+16 -1.10494963e+15  7.61895866e+21  1.44268485e+18
  1.69574965e+16  1.18211933e+23 -7.73526370e+18]",55,61,"(np.int32(1), np.int32(0), np.int32(1), np.int32(1), np.int32(1), np.int32(0), np.int32(1), np.int32(0), np.int32(0), np.int32(0))",5.96824964257296e+32
45,10,2,1,2.108069728500882e+18,"[-5.08535950e+14  9.62365527e+15  7.53681818e+17  5.22732913e+15
  9.67718739e+16 -1.07292949e+15 -1.91353586e+17  8.06657314e+17
 -2.29173607e+14 -3.17740607e+17  2.92224165e+17  2.85064116e+17
 -2.51139111e+17  1.40972471e+17  7.66197225e+16 -4.76415891e+17
 -2.31702937e+17  3.21160875e+17  5.90042977e+17 -1.38263337e+17
 -4.26270508e+17 -1.68587453e+15  1.42079943e+16 -2.38872767e+17
 -1.47945832e+17 -4.76465882e+17 -5.39585967e+14 -4.27875564e+17
 -7.76520454e+17 -1.70498021e+16 -1.23513162e+17  2.38620078e+17
 -1.54025976e+16 -3.21553323e+16  1.14158712e+17  1.32210042e+17
 -1.28801649e+17  3.47435503e+15  7.89804713e+17  1.04688641e+16
  1.57648454e+17 -3.65018107e+17 -3.82404945e+17  2.84922215e+17
  5.09960096e+17  2.95763330e+17  2.43737704e+17 -1.96188971e+17
  3.88905617e+16  7.01272319e+17 -1.54846305e+17 -2.71045966e+17
 -3.35130129e+17  4.25608372e+16  5.28693107e+17]",55,62,"(np.int32(1), np.int32(0), np.int32(1), np.int32(1), np.int32(1), np.int32(0), np.int32(1), np.int32(0), np.int32(0), np.int32(0))",5.96824964257296e+32
65,10,2,1,847.8325666171019,"[ 261.6467761  -130.45224765 -231.18018331 -283.75709981  153.44814426
  -63.94436828 -161.04854913   73.01911223  283.10653961   74.99001522
   56.59436098  146.83540747   83.19866399  -68.52693372   14.37288502
  -50.05334824   52.80638362 -131.57334026 -109.16195412   23.29531661
  177.80572416   -4.69203617 -127.74624046  -48.28018904  -80.98977802
  -66.02900161 -121.37789394    7.04415156  111.41388718 -134.04278499
 -123.31416263  108.61603372  180.66272325  149.24979611  213.09758135
 -224.67935988  -20.27819858  188.46144503 -186.00719229 -140.94347827
  104.30454092  112.73833598 -110.68579021  -82.80496576  149.96754619
  -77.71319376  -40.03415363  284.04694203  127.65843921  108.14895373
   38.24185268  102.07821513  -57.1927751   108.68365814    2.84443597]",55,67,"(np.int32(1), np.int32(0), np.int32(1), np.int32(1), np.int32(1), np.int32(0), np.int32(1), np.int32(0), np.int32(0), np.int32(0))",5.96824964257296e+32
85,10,2,1,3.3679222425478543,"[ 0.04957762 -0.41759498 -0.67948551 -1.10512563  1.21394771  0.33861821
 -0.15682491  0.22960658  0.01706074  0.73078931 -0.35100398  0.14412342
 -0.55966109  0.35944965 -0.49993707 -0.08029044 -0.45694952  0.4229175
  0.88058522 -0.71169614 -0.69355001  0.12601821 -0.04133042 -1.14980108
 -0.16057928  0.44923777  0.43475024 -0.35113123  0.39367319 -0.79540831
 -0.46700372 -0.42185315 -0.26758781  0.80198858 -0.10909592 -0.28476711
 -1.06696151 -0.62462019  0.4672905   0.43904309  0.30215431 -0.21590152
  1.02660341 -0.71169175 -0.33636283  0.19394638  0.18214442  0.99121365
  0.55196113  0.51933868  0.44258211  0.35231755  0.20687302  0.74888874
 -0.50294985]",55,61,"(np.int32(1), np.int32(0), np.int32(1), np.int32(1), np.int32(1), np.int32(0), np.int32(1), np.int32(0), np.int32(0), np.int32(0))",5.96824964257296e+32
105,10,2,1,1.4521745923404143,"[ 0.04129885 -0.50705925  0.01150345 -0.12990939  0.46601843 -0.00478394
 -0.20743205 -0.08053651 -0.33321153  0.16467466  0.05514148  0.22752443
  0.1429379  -0.05804473 -0.26720067  0.01193698 -0.43943753 -0.18721249
 -0.06701153 -0.39657384 -0.29840953  0.2874959   0.14024318 -0.23498909
 -0.21254529  0.07755435  0.189655   -0.16941554  0.05968944  0.17848564
  0.18831764  0.06590428  0.08339506  0.24390357  0.05821365  0.0893682
 -0.40801164 -0.05103343  0.3734428  -0.04372444  0.05501236  0.08870724
  0.32553131  0.11187261 -0.30821062 -0.01421953 -0.18104859  0.22954645
 -0.10373612 -0.27840504  0.07363378  0.13796079  0.24838743 -0.05549908
 -0.32223118]",55,56,"(np.int32(1), np.int32(0), np.int32(1), np.int32(1), np.int32(1), np.int32(0), np.int32(1), np.int32(0), np.int32(0), np.int32(0))",5.96824964257296e+32
125,10,2,1,1.5038865386752513,"[ 0.0335815  -0.41669795 -0.01849195 -0.14425511  0.38568575 -0.08795253
 -0.24787901 -0.27432695 -0.22170637  0.12659108 -0.00914192  0.18981823
 -0.04058097  0.2937851  -0.19412912  0.11435457 -0.3143919  -0.21294545
 -0.01672469 -0.29607841 -0.12354858  0.16790361 -0.14543612 -0.19421335
 -0.46183922  0.21969204  0.00355665 -0.20105027  0.02524211  0.09129072
  0.17699366  0.0069812   0.27960061  0.24090116  0.10613584 -0.03546918
 -0.26751099 -0.09100619  0.51741647 -0.1047229   0.24492897  0.13694006
  0.39962162 -0.05347012 -0.15781318 -0.08766436  0.04208225  0.23325517
  0.20994615 -0.29833099  0.03022146  0.06969007  0.27750409  0.37178104
 -0.55642379]",55,57,"(np.int32(1), np.int32(0), np.int32(1), np.int32(1), np.int32(1), np.int32(0), np.int32(1), np.int32(0), np.int32(0), np.int32(0))",5.96824964257296e+32
145,10,2,1,1.3806294527781704,"[ 0.11939307 -0.34891479  0.04668085 -0.17958641  0.37210792 -0.29450683
 -0.1380412  -0.2758986  -0.23130703 -0.00301546  0.0014696   0.09620743
  0.02249906  0.13448529 -0.11940383  0.02553107 -0.17341652 -0.15570463
 -0.07876348 -0.10766083 -0.13118405  0.14173514 -0.20666277 -0.07026073
 -0.42288216  0.16832839 -0.09558751 -0.02476367  0.00683201  0.09969738
  0.08622525  0.10136008  0.32901278  0.17650581  0.18500097 -0.19117409
 -0.24883501 -0.03741573  0.42566744 -0.01667215  0.32159679  0.18371916
  0.32967408  0.00734989 -0.04747492 -0.08805146  0.02689209  0.2313046
  0.20655616 -0.30617478  0.07784778  0.03865406  0.19819079  0.07214871
 -0.62049882]",55,57,"(np.int32(1), np.int32(0), np.int32(1), np.int32(1), np.int32(1), np.int32(0), np.int32(1), np.int32(0), np.int32(0), np.int32(0))",5.96824964257296e+32
165,10,2,1,1.2470934748661022,"[ 0.08738343 -0.10537865 -0.05630231 -0.12432968  0.27993545 -0.10837404
 -0.16675658 -0.3431995  -0.27773033  0.0341644   0.01368654  0.1587682
  0.13930751  0.20660027 -0.23741484 -0.03450939 -0.20576366 -0.08098793
 -0.01464438 -0.1715792  -0.12145164  0.16337007 -0.08199789  0.0401826
 -0.25504861  0.19020557 -0.05958095 -0.11515349  0.03522151  0.05709783
  0.05074189 -0.00462556  0.22785882  0.08522764  0.04556734 -0.13268966
 -0.12628866 -0.10813558  0.33824043 -0.00951927  0.25058307  0.05863341
  0.2832203  -0.1123618  -0.05997207 -0.07673612 -0.03616426  0.23747102
  0.18584554 -0.30336018  0.10862821 -0.05001833  0.07068769  0.04012425
 -0.57411045]",55,55,"(np.int32(1), np.int32(0), np.int32(1), np.int32(1), np.int32(1), np.int32(0), np.int32(1), np.int32(0), np.int32(0), np.int32(0))",5.96824964257296e+32
185,10,2,1,1.2752498922293,"[-0.06142658 -0.0220709  -0.1031629  -0.06810991  0.15319588  0.03718047
 -0.17139701 -0.24262645 -0.45439693  0.12898028 -0.02556065  0.00880899
  0.01644855  0.27041842 -0.28000017 -0.08357042 -0.20636865 -0.04204367
 -0.1489392  -0.11110901 -0.10405851  0.06686029 -0.09956927  0.13209528
 -0.1425121   0.03925978  0.1567564  -0.11043859 -0.17130721  0.19236784
  0.02213008 -0.02698798  0.14728388  0.13252259 -0.18497135  0.0546289
 -0.12577652  0.04141381  0.20120335  0.11089735  0.09411705  0.11296515
  0.1395438   0.00632193 -0.03655878 -0.11452742 -0.08560279  0.12213177
  0.2009702  -0.23283584  0.06458576  0.12304675  0.03411409  0.07576514
 -0.60616169]",55,56,"(np.int32(1), np.int32(0), np.int32(1), np.int32(1), np.int32(1), np.int32(0), np.int32(1), np.int32(0), np.int32(0), np.int32(0))",5.96824964257296e+32
205,10,2,1,1.226558948662112,"[-0.07946168 -0.04065259 -0.0603163  -0.04928256  0.12268932  0.06486153
 -0.15817659 -0.22816202 -0.45260977  0.12106141  0.03787957  0.06464866
  0.03837026  0.28391719 -0.23549671 -0.08687297 -0.22777664  0.01476194
 -0.06689724 -0.06653311 -0.11139435  0.03165628 -0.03782306  0.08420513
 -0.08444027  0.01734202  0.10507863 -0.11579663 -0.13527661  0.20287882
 -0.01947038 -0.00736252  0.11883094  0.13055349 -0.15315448  0.03661172
 -0.14413678 -0.01261846  0.22775978  0.13969079  0.07671268  0.06432788
  0.16700941  0.01803271 -0.04840753 -0.10456546 -0.02333897  0.05875924
  0.13473579 -0.1896938   0.01862197  0.03856789 -0.042121   -0.00290477
 -0.55687471]",55,55,"(np.int32(1), np.int32(0), np.int32(1), np.int32(1), np.int32(1), np.int32(0), np.int32(1), np.int32(0), np.int32(0), np.int32(0))",5.96824964257296e+32
225,10,2,1,1.2133662374742809,"[-0.09851686 -0.01399178  0.00985649 -0.02124232  0.13862659 -0.05560891
 -0.17232599 -0.22848611 -0.43436699  0.09346107  0.097237    0.0499873
  0.11683591  0.224185   -0.1444992  -0.12872416 -0.26682972 -0.06672893
 -0.14464396  0.06035052 -0.07868072  0.08122158 -0.04737917  0.15996379
  0.00579187 -0.03654084  0.12062599 -0.00755639 -0.08362303  0.19155926
  0.044196    0.07940444 -0.01914105  0.11346723 -0.06926152 -0.00143206
 -0.10049946  0.02240307  0.20080303  0.17775275  0.03396453  0.15670837
  0.20307766 -0.00777461 -0.03782554 -0.18319571 -0.09611016  0.0905355
  0.04295961 -0.12272408  0.02571643  0.00430623 -0.09069164 -0.05815965
 -0.54733235]",55,55,"(np.int32(1), np.int32(0), np.int32(1), np.int32(1), np.int32(1), np.int32(0), np.int32(1), np.int32(0), np.int32(0), np.int32(0))",5.96824964257296e+32
245,10,2,1,1.1738785035887092,"[-0.06796047  0.04117348 -0.00124417 -0.0842683   0.15935251 -0.10589064
 -0.16025927 -0.23190343 -0.43796563  0.11743213  0.08125026  0.09729969
  0.13634488  0.19320967 -0.13009397 -0.16042063 -0.22530483 -0.07767374
 -0.09149909  0.06403067 -0.0479796   0.05830612  0.02620268  0.13502009
  0.00079034 -0.06275739  0.135089   -0.07759344 -0.06873908  0.14356783
  0.04406899  0.0418809   0.04781473  0.14290349 -0.03739238 -0.02420246
 -0.07296856  0.0035607   0.19939756  0.14390658  0.09104393  0.11424871
  0.22503196 -0.03887937  0.00499113 -0.15334546 -0.08091943  0.07857425
  0.03952591 -0.12699407  0.00229473  0.03326226 -0.05472566 -0.05536543
 -0.53751925]",55,55,"(np.int32(1), np.int32(0), np.int32(1), np.int32(1), np.int32(1), np.int32(0), np.int32(1), np.int32(0), np.int32(0), np.int32(0))",5.96824964257296e+32
265,10,2,1,1.1662522798000488,"[-0.08988997  0.04626996  0.04855176 -0.02358264  0.05258613 -0.08659764
 -0.13898197 -0.22872066 -0.45263614  0.04061419  0.0429109   0.07088386
  0.08201216  0.16163033 -0.04557613 -0.12577024 -0.23333049 -0.04602817
 -0.07513962  0.10740988  0.02058068 -0.02369129 -0.02088763  0.09562445
 -0.00196003 -0.08871594  0.0722957  -0.06031559 -0.11327233  0.17229477
  0.03723405  0.06265974  0.00104094  0.09217305 -0.10640737 -0.029232
 -0.09111535 -0.01260483  0.18725872  0.08163322  0.09239278  0.07973086
  0.16687791  0.06824605  0.07588563 -0.13110011 -0.01416416  0.01004809
 -0.01015497 -0.09904131  0.02202375 -0.00559785 -0.04638513 -0.06768548
 -0.48664815]",55,55,"(np.int32(1), np.int32(0), np.int32(1), np.int32(1), np.int32(1), np.int32(0), np.int32(1), np.int32(0), np.int32(0), np.int32(0))",5.96824964257296e+32
285,10,2,1,1.1679097865383479,"[-0.05752438  0.0076265   0.01689168 -0.05219139  0.05712053 -0.13155405
 -0.12841455 -0.16473839 -0.4386581   0.08213463  0.07076055  0.08638774
  0.04823067  0.12851492 -0.03983763 -0.10175891 -0.24296288 -0.02726884
 -0.03740411  0.06343262 -0.02111464 -0.02627299 -0.02822741  0.09496402
  0.0368039  -0.06249019  0.08665201 -0.07219836 -0.12839478  0.15270997
  0.01946218  0.0780106   0.00376852  0.09037272 -0.12420246 -0.0310686
 -0.03335959 -0.01340326  0.20256962  0.15193353  0.1150208   0.08544901
  0.15247139  0.0650128   0.0788049  -0.09331623  0.03320063  0.01436778
 -0.01718065 -0.0977316   0.01589792 -0.04853621 -0.0302467  -0.04633362
 -0.50268921]",55,55,"(np.int32(1), np.int32(0), np.int32(1), np.int32(1), np.int32(1), np.int32(0), np.int32(1), np.int32(0), np.int32(0), np.int32(0))",5.96824964257296e+32
305,10,2,1,1.2113439342344074,"[-0.07323817 -0.05240562 -0.03125784 -0.05069063 -0.00851151 -0.10590828
 -0.16289248 -0.11480997 -0.43420382  0.07512529  0.04281432  0.03599596
  0.02731531  0.10241892 -0.00654529 -0.08868543 -0.25251338 -0.01362659
 -0.07630644  0.04198193 -0.02120163 -0.02631794 -0.06303524  0.03078418
  0.02485496 -0.1158074   0.04493446 -0.07633268 -0.11837301  0.08733886
 -0.04239838  0.0472798  -0.01380703  0.06281642 -0.10591887 -0.03327513
 -0.0631296   0.02354047  0.21526816  0.15064527  0.05295817  0.03263867
  0.10416482 -0.00106982  0.03308417 -0.07757964  0.01131525  0.02786727
 -0.01077845 -0.09000178  0.05369383 -0.06312685 -0.0522281  -0.00367515
 -0.50064948]",55,55,"(np.int32(1), np.int32(0), np.int32(1), np.int32(1), np.int32(1), np.int32(0), np.int32(1), np.int32(0), np.int32(0), np.int32(0))",5.96824964257296e+32
325,10,2,1,1.219969049713119,"[-0.04567976 -0.07244444 -0.04651566 -0.03771813 -0.07048585 -0.07210874
 -0.17075738 -0.08801166 -0.43320502  0.09852237  0.07866695  0.02712168
  0.01327758  0.0565298   0.03037387 -0.06481967 -0.23403809 -0.04932639
 -0.10085396  0.07052167 -0.03864522 -0.04303485 -0.06486275 -0.00863756
  0.00748656 -0.12037464  0.07277684 -0.08468471 -0.13940251  0.08282847
 -0.05809521  0.02034432  0.00381412  0.09312857 -0.11698238 -0.01293901
 -0.08351052  0.03291007  0.17701578  0.12374002  0.00650063  0.00720577
  0.04096942  0.06040132  0.0579258  -0.07086345  0.02202137 -0.00242689
 -0.01758138 -0.07737566  0.05569874 -0.04124374 -0.04454392  0.03281968
 -0.50340505]",55,55,"(np.int32(1), np.int32(0), np.int32(1), np.int32(1), np.int32(1), np.int32(0), np.int32(1), np.int32(0), np.int32(0), np.int32(0))",5.96824964257296e+32
345,10,2,1,1.1873783473663653,"[-0.03564663 -0.05253471 -0.05730075 -0.01570252 -0.05729903 -0.07917531
 -0.10891125 -0.06428949 -0.42043004  0.05965536  0.03959166  0.04530399
 -0.00203343  0.0554012   0.02647218 -0.06399883 -0.21841978 -0.06947238
 -0.09195772  0.07452475 -0.01987389 -0.08195707 -0.05932203 -0.02352799
 -0.01040701 -0.1006967   0.02836655  0.00744716 -0.05388467  0.00325042
 -0.04727    -0.00401306 -0.02621399  0.04878882 -0.0973045  -0.09819261
 -0.08623903  0.02918508  0.11245928  0.08512694 -0.02983153 -0.03656011
  0.03195426  0.02567923  0.02033794 -0.04231352  0.02206488  0.04961553
  0.03468993 -0.04249979  0.05451572 -0.07333288 -0.0475833   0.04491677
 -0.48576851]",55,55,"(np.int32(1), np.int32(0), np.int32(1), np.int32(1), np.int32(1), np.int32(0), np.int32(1), np.int32(0), np.int32(0), np.int32(0))",5.96824964257296e+32
365,10,2,1,1.1605625635983075,"[-0.00912245 -0.05419733 -0.0450425  -0.02023627 -0.05270877 -0.03609771
 -0.12517267 -0.08323315 -0.44971566  0.06131024  0.03607131  0.02186563
  0.02608744  0.05205538 -0.00546697 -0.0360641  -0.19175151 -0.06711903
 -0.09942122  0.06428261 -0.02001018 -0.06957422 -0.03183087 -0.04512713
 -0.02537283 -0.08758097  0.03994936  0.01258364 -0.07164597  0.00765703
 -0.05139841 -0.03375343 -0.03671157  0.07268123 -0.08395834 -0.05595073
 -0.08398104  0.03215939  0.09026811  0.07542582 -0.0342108   0.00770245
  0.06933671  0.00724212  0.0082686  -0.04930937  0.03041329  0.05854123
  0.02907205 -0.05667678  0.04750929 -0.03691045 -0.0467203   0.04841513
 -0.49866929]",55,55,"(np.int32(1), np.int32(0), np.int32(1), np.int32(1), np.int32(1), np.int32(0), np.int32(1), np.int32(0), np.int32(0), np.int32(0))",5.96824964257296e+32
385,10,2,1,1.1452687544006974,"[ 0.01141875 -0.01545906 -0.03390275 -0.0179519  -0.01487661 -0.06223418
 -0.10662143 -0.10336456 -0.48506668  0.08966318  0.04630648  0.02349335
  0.03510792  0.01421288  0.00157656 -0.05567699 -0.15473531 -0.05033808
 -0.10412418  0.0686088  -0.00286079 -0.09408421 -0.02681492 -0.06392484
 -0.03780585 -0.04874855  0.01278294 -0.00456651 -0.06513301  0.01272871
 -0.05809483 -0.03698656 -0.02331721  0.06538761 -0.05633137 -0.05975371
 -0.05586792  0.01993337  0.05548557  0.09013565  0.00649675  0.00153163
  0.06217129  0.01614578  0.00780076 -0.01984622  0.0275729   0.01851965
  0.04882922 -0.0557472   0.03682407 -0.02385467 -0.04821634  0.05608203
 -0.46069159]",55,55,"(np.int32(1), np.int32(0), np.int32(1), np.int32(1), np.int32(1), np.int32(0), np.int32(1), np.int32(0), np.int32(0), np.int32(0))",5.96824964257296e+32
405,10,2,1,1.1515934308337519,"[ 0.03241776 -0.00860669 -0.05517136  0.00286687 -0.03101285 -0.06582179
 -0.10733261 -0.0847757  -0.49885722  0.11255134  0.06030665  0.05821778
  0.0387619   0.00760235  0.01710113 -0.03558084 -0.1388538  -0.07749361
 -0.11942346  0.05792579  0.00253496 -0.09765929 -0.05120171 -0.06873997
 -0.02845577 -0.06306957  0.0196756  -0.03441074 -0.09754583  0.0159755
 -0.05495524 -0.05624204 -0.02869855  0.06235762 -0.04331685 -0.06490894
 -0.03678319  0.01416624  0.06400651  0.0952612  -0.01492292 -0.01576481
  0.0436251   0.01481575  0.02499483 -0.02353448  0.0422909   0.01671065
  0.05538326 -0.03543986  0.02230562 -0.00126059 -0.0495551   0.08511744
 -0.46781551]",55,55,"(np.int32(1), np.int32(0), np.int32(1), np.int32(1), np.int32(1), np.int32(0), np.int32(1), np.int32(0), np.int32(0), np.int32(0))",5.96824964257296e+32
5,10,2,2,1.635,"[0.  0.  0.  0.  0.  0.  0.  0.  0.  0.5 0.  0.  0.  0.  0.  0.  0.  0.
 0.  0.  0.  0.  0.  0.5 0.  0.  0.  0.  0.  0.  0.  0.  0.  1.  0.  0.
 0.  0.  0.  0.  0.  0.  0.  0.  0.  0.  0.  0.  0.  0.  0.  0.  0.  0.
 0. ]",3,3,"(np.int32(1), np.int32(0), np.int32(1), np.int32(1), np.int32(1), np.int32(0), np.int32(1), np.int32(0), np.int32(0), np.int32(0))",5.96824964257296e+32
25,10,2,2,2.411259304963054e+25,"[ 4.29735195e+16  3.86924268e+19 -2.31367230e+24  1.52242293e+17
 -1.16872390e+17 -6.63564122e+24 -2.55572010e+19  2.27308846e+18
  7.92033199e+22  4.71157587e+24  8.92884446e+24 -1.66078146e+24
  1.40614220e+18  7.29716662e+24 -2.91978485e+22  1.62146562e+16
 -4.89717249e+18 -9.74601653e+19  2.29796462e+17  2.00961634e+23
  7.81266218e+24  2.37827879e+21 -5.65935612e+24 -3.56618536e+24
  2.63471074e+24  7.58553779e+24 -1.86672152e+22  3.80168902e+23
 -4.40104397e+24  4.78624302e+24  4.73672037e+21  8.81895866e+22
 -2.94711899e+20  4.73693395e+21  2.61393484e+22  2.89303916e+18
  8.16671255e+15  1.10823911e+25  5.11200421e+24 -2.19630363e+24
 -2.66540029e+20  2.87123231e+19  1.43826340e+21  2.55806553e+24
  2.09100127e+19  2.50906562e+16  1.62022899e+23  3.92891921e+23
 -7.23470539e+24 -1.57135549e+25 -7.03323905e+24 -3.18067081e+15
 -2.08633658e+24 -1.46048275e+22  3.98777412e+23]",55,61,"(np.int32(1), np.int32(0), np.int32(1), np.int32(1), np.int32(1), np.int32(0), np.int32(1), np.int32(0), np.int32(0), np.int32(0))",5.96824964257296e+32
45,10,2,2,2.7859856851375263e+18,"[-6.78338360e+15 -6.28761113e+17  3.42021452e+17  5.82528861e+17
 -6.87852052e+17  3.23524304e+17  1.09707099e+15  5.38481538e+17
  4.80671363e+17  7.70858128e+17  9.43423848e+14  2.69206661e+04
 -2.97056854e+17 -1.02232787e+16 -1.90126552e+15 -3.31159632e+17
 -3.11308280e+17 -9.35104692e+17 -6.38047838e+17 -2.27134108e+17
  1.57775810e+17 -8.32485012e+17  6.22365469e+17 -1.86891991e+15
 -3.34862636e+15  4.70384177e+17  1.81519722e+16  8.73248099e+16
 -4.40842748e+14 -1.01778428e+15  3.29163433e+17 -8.63070256e+16
  2.61826511e+17  2.22752269e+16 -5.28668765e+17 -4.67937060e+17
  4.24563047e+17  1.20761370e+17  4.11848733e+16  7.55795225e+17
 -3.54907105e+17 -5.42970448e+17 -7.78154172e+16 -5.60550763e+17
 -9.62660149e+17 -1.89818521e+17 -3.78620256e+17 -4.75596349e+17
  8.14556943e+17  6.14175954e+17  3.35801971e+16  6.88687569e+17
 -6.06947808e+17 -8.58875335e+17  2.26187014e+17]",55,67,"(np.int32(1), np.int32(0), np.int32(1), np.int32(1), np.int32(1), np.int32(0), np.int32(1), np.int32(0), np.int32(0), np.int32(0))",5.96824964257296e+32
65,10,2,2,23.83097111316466,"[ -3.90732591   0.55485897   0.33586641  -1.93149856   0.98620737
  -1.62618865   4.83242887   3.31389518   0.15999573   1.5392867
   4.33517456   0.10947284   0.77240578   4.05692666   1.93516394
   1.89836021   1.97591668  -0.66519847   0.74964691   0.26994132
  -1.96907839  -2.28936053  -0.49599607   1.85751045  -4.41822802
   0.73307529  -3.45022074   5.56451173  -5.63997785   3.28248112
   1.36382463  -6.77861168  -4.30510351   1.71053854  -5.10139896
   2.53590162   5.64109878  -3.64659086  -5.11072291  -0.82991359
 -10.7345151   -5.19286315  -6.0277824   -2.93521779   2.26872937
   2.8409049   -8.44471245  -8.32473377  -4.46110732  -6.72342771
  -0.10502922  -3.42416971  -3.44855956   1.31408195   1.64719986]",55,63,"(np.int32(1), np.int32(0), np.int32(1), np.int32(1), np.int32(1), np.int32(0), np.int32(1), np.int32(0), np.int32(0), np.int32(0))",5.96824964257296e+32
85,10,2,2,9.3795442234625,"[ 0.89471141 -0.67670613 -0.51064472 -1.21142778  1.26093791  0.66147513
  1.1371359   1.39360262 -1.19806351  2.1621795   1.91677238  0.75557983
  1.07069471 -0.69833226  0.98731431  1.40402096  0.47028678  0.56154351
 -1.16682617 -0.26244841 -1.78860757 -0.81905559 -0.49127188  1.70004422
 -1.97142874 -0.83919236 -1.72570092 -1.56451883  0.70647922 -0.10091162
  1.91419436 -0.30457854 -0.17662409  2.01026726 -2.84271757  0.4839365
  1.27631502 -1.16341035 -1.41430346  0.41779412 -4.34762943  1.66923339
 -1.00163277  1.11181236  2.24906781 -0.51793111 -0.88559891 -1.55826369
 -3.39005909  0.09578972  0.2292143  -1.08616807  0.51005712  0.16069836
  1.57802802]",55,61,"(np.int32(1), np.int32(0), np.int32(1), np.int32(1), np.int32(1), np.int32(0), np.int32(1), np.int32(0), np.int32(0), np.int32(0))",5.96824964257296e+32
105,10,2,2,1.6372216982835623,"[-8.20006495e-02 -9.48400972e-02 -2.93431542e-02  8.30935723e-02
 -1.56875148e-01 -2.73109870e-01  9.31933345e-02 -2.34031501e-01
 -4.95142225e-01  4.44622206e-01  2.81479746e-01  4.13989176e-01
  3.08962569e-01  1.06846161e-01  1.90146253e-01  1.10041988e-01
 -2.86477853e-02 -2.48151217e-01 -2.91427033e-01 -1.22461903e-01
 -2.66056978e-01 -2.32086090e-02 -2.32675820e-01  2.10938481e-02
 -1.39855419e-01 -1.60950256e-01  4.35323871e-02 -3.32797713e-02
 -3.12585296e-02  3.99253739e-01  4.29422692e-01 -2.05692395e-01
 -1.44464021e-01  1.87799314e-01 -7.98740410e-02 -3.56272684e-01
  8.73558381e-02 -2.59878092e-01 -2.47242531e-01  5.05361566e-01
  1.03593371e-04 -1.24008595e-01 -1.23837679e-01  7.96675146e-02
 -2.12344808e-03 -1.31059967e-02  7.69722283e-02 -2.11990721e-01
 -2.40954038e-01  1.59515490e-02  1.63390089e-01 -3.50930071e-02
  9.02597522e-02  3.45058930e-02 -6.15124500e-01]",55,55,"(np.int32(1), np.int32(0), np.int32(1), np.int32(1), np.int32(1), np.int32(0), np.int32(1), np.int32(0), np.int32(0), np.int32(0))",5.96824964257296e+32
125,10,2,2,1.5669385131277478,"[ 0.18986263 -0.08521815 -0.16013083 -0.102632   -0.10039381 -0.15522419
 -0.08841154 -0.26143468 -0.51573431  0.27185464  0.26330014  0.3902623
  0.37693113 -0.04931393  0.10586516  0.04332301 -0.13129001 -0.17524213
 -0.28190645 -0.12159221 -0.20964766 -0.17022753 -0.18705642  0.18458707
 -0.19105457 -0.23628814 -0.0125055  -0.2822278  -0.0138213   0.2547725
  0.25534892 -0.24915105 -0.21486834  0.18227822  0.03345416 -0.31011368
 -0.00698555 -0.27459244 -0.18325698  0.47821311 -0.18940219  0.04818084
 -0.23869178  0.05447067  0.02975005  0.08703684  0.07043646 -0.22895316
 -0.23843162  0.01989144  0.02813606 -0.07646706  0.03287616 -0.07107417
 -0.49703105]",55,57,"(np.int32(1), np.int32(0), np.int32(1), np.int32(1), np.int32(1), np.int32(0), np.int32(1), np.int32(0), np.int32(0), np.int32(0))",5.96824964257296e+32
145,10,2,2,1.3848065642234775,"[ 6.60529228e-02 -5.32294151e-02 -8.71228239e-02 -9.82110167e-02
 -9.94748263e-02 -5.97107867e-02  6.12883039e-03 -9.72423793e-02
 -4.22325820e-01  2.22260472e-01  1.17594745e-01  2.48210591e-01
  2.87713811e-01 -5.52140502e-02  3.27351380e-02  1.04344340e-01
 -1.51346959e-01 -2.36013778e-01 -2.02011483e-01 -1.53236840e-01
 -1.11049678e-01 -1.08921087e-01 -9.23216890e-02  9.06545672e-02
 -1.17155062e-01 -1.01021823e-01  7.93620030e-02 -1.63189819e-01
 -1.91728690e-02  2.24275642e-01  2.31399697e-01 -1.15838595e-01
 -1.30879739e-01  2.81877555e-01 -3.35485130e-02 -8.66981533e-02
  9.09141477e-02 -1.82113044e-01 -2.86533549e-01  3.57654177e-01
  3.90074022e-03  3.95759811e-04 -2.03230927e-01  5.32500169e-03
 -4.09841815e-02  1.64812547e-01 -3.58747681e-02 -1.48707877e-01
 -6.06916317e-02  1.02835997e-01  7.04003449e-02 -9.48089662e-02
  1.37116626e-02  3.75632363e-02 -5.61729584e-01]",55,55,"(np.int32(1), np.int32(0), np.int32(1), np.int32(1), np.int32(1), np.int32(0), np.int32(1), np.int32(0), np.int32(0), np.int32(0))",5.96824964257296e+32
165,10,2,2,1.3231805278097946,"[ 0.01184208  0.02002371 -0.02145624 -0.08901009 -0.21475752 -0.10721202
  0.08508442 -0.09132106 -0.44494088  0.09828787  0.05228897  0.1728919
  0.2587255   0.00463176 -0.01141838  0.0587909  -0.18334365 -0.22657393
 -0.02301218 -0.03648543  0.00513074 -0.10983309 -0.10942761  0.0754607
 -0.17352281 -0.0352112   0.0013035  -0.00804235 -0.04243773  0.11479896
  0.1975085  -0.18460316 -0.14940601  0.24744031 -0.0796702  -0.09987146
  0.07511923 -0.17903701 -0.2721489   0.22974706  0.09739823 -0.04034412
 -0.12736771  0.01038785 -0.01633901  0.15896992  0.042312   -0.19359866
  0.04788728  0.11948385  0.03982666 -0.05835446 -0.0284347   0.07790429
 -0.55505411]",55,55,"(np.int32(1), np.int32(0), np.int32(1), np.int32(1), np.int32(1), np.int32(0), np.int32(1), np.int32(0), np.int32(0), np.int32(0))",5.96824964257296e+32
185,10,2,2,1.2678341725534445,"[ 0.0781359   0.00303165 -0.08425215 -0.09426365 -0.18445437 -0.05701072
  0.07400298 -0.07584592 -0.45709372  0.15038682  0.0781788   0.14689145
  0.28265505  0.02727378 -0.01068604  0.03833569 -0.11805572 -0.18562492
 -0.04238063 -0.02368851 -0.05435255 -0.05857016 -0.12526235  0.04015872
 -0.14088911 -0.03840558 -0.03594123 -0.10991793 -0.04269283  0.09175452
  0.20676279 -0.22753922 -0.18889928  0.21931413 -0.08134634 -0.05116316
 -0.00076487 -0.14887891 -0.11203635  0.19870341  0.11489439 -0.03556017
 -0.05144787  0.04434936 -0.02768419  0.05319601  0.1134049  -0.09348448
  0.0291915   0.08050925 -0.00738121 -0.02928362  0.01610111  0.10694157
 -0.51657239]",55,55,"(np.int32(1), np.int32(0), np.int32(1), np.int32(1), np.int32(1), np.int32(0), np.int32(1), np.int32(0), np.int32(0), np.int32(0))",5.96824964257296e+32
205,10,2,2,1.209987289846851,"[ 0.05855893  0.01761841 -0.04644199 -0.08213752 -0.13044528 -0.06225652
  0.08548013 -0.06288552 -0.49765133  0.14473408  0.02016593  0.12801055
  0.2631528   0.02019967 -0.02042871  0.05489666 -0.16222892 -0.17674413
 -0.07694881 -0.0583399  -0.08446564 -0.05109074 -0.09674226 -0.00129123
 -0.13939131 -0.05082594  0.07076446 -0.09126091 -0.04136389  0.05824472
  0.17739625 -0.15922671 -0.16213603  0.21149731 -0.04664982 -0.07423656
 -0.06010596 -0.09279438 -0.07374906  0.19000347  0.12825904 -0.04020481
  0.00739861 -0.01426011 -0.04489299  0.07384757  0.09354525 -0.04485118
  0.05512417  0.09663909  0.00261951 -0.03495515 -0.00908559  0.06696506
 -0.55295844]",55,55,"(np.int32(1), np.int32(0), np.int32(1), np.int32(1), np.int32(1), np.int32(0), np.int32(1), np.int32(0), np.int32(0), np.int32(0))",5.96824964257296e+32
225,10,2,2,1.1816785817007547,"[ 0.07364059  0.05385813 -0.04682527 -0.07508876 -0.06566773 -0.00089266
 -0.01374874 -0.02446121 -0.45314245  0.11548576  0.00645344  0.07415392
  0.1799768   0.0610165  -0.06802748  0.03256233 -0.11462242 -0.14433144
 -0.12812524 -0.07194677 -0.05600006 -0.0257597  -0.0012196  -0.03070968
 -0.06999413 -0.03772799  0.08757579 -0.12773908 -0.0564634   0.16004445
  0.11007186 -0.09756639 -0.14310714  0.18888371 -0.02259604 -0.04221438
 -0.01146636 -0.05319976 -0.08240248  0.2380229   0.07673581 -0.01345816
  0.01476084 -0.04351536 -0.03168451  0.10973112  0.06386654 -0.16125681
  0.07818264  0.168153    0.02907622 -0.04333284 -0.08769134  0.05352289
 -0.51904702]",55,55,"(np.int32(1), np.int32(0), np.int32(1), np.int32(1), np.int32(1), np.int32(0), np.int32(1), np.int32(0), np.int32(0), np.int32(0))",5.96824964257296e+32
245,10,2,2,1.1934593659916288,"[ 0.04206646  0.03738544 -0.0409913  -0.08268117 -0.10277696 -0.02734311
 -0.07232746 -0.04040457 -0.43734855  0.13104267  0.04926451  0.05845984
  0.15746334  0.06738088 -0.03320689 -0.0010138  -0.1317252  -0.2134518
 -0.13846163 -0.11982167 -0.10189142 -0.04685211 -0.0210642  -0.02776294
 -0.09006648  0.0322084   0.09304643 -0.15062911 -0.04103335  0.08650441
  0.04660309 -0.14402811 -0.09831117  0.2017334   0.02513166 -0.02940118
 -0.0224118  -0.03725387 -0.0244747   0.19755207  0.01859019 -0.04970918
  0.03073469 -0.0275924  -0.00373988  0.09593709 -0.00911556 -0.11389
  0.09628933  0.07320058  0.02083595 -0.01652346 -0.06567661  0.10780706
 -0.53657749]",55,55,"(np.int32(1), np.int32(0), np.int32(1), np.int32(1), np.int32(1), np.int32(0), np.int32(1), np.int32(0), np.int32(0), np.int32(0))",5.96824964257296e+32
265,10,2,2,1.2003199369485815,"[ 9.35710381e-02  3.83281926e-02 -6.92206260e-02 -1.25836640e-01
 -8.29776791e-02 -6.94951681e-02 -1.00795297e-01 -4.70848550e-02
 -4.65978285e-01  9.43431543e-02  1.04420039e-01  1.12599377e-01
  1.64095720e-01  8.54546417e-02  5.82784307e-03 -8.93697823e-03
 -1.04465786e-01 -1.85977459e-01 -1.49730853e-01 -7.90641848e-02
 -7.44130394e-02 -4.17720890e-02  4.82889231e-03 -3.45415763e-02
 -1.13019175e-01  1.56063290e-02  8.57885750e-02 -1.42543847e-01
 -2.40606662e-02  1.07169156e-01  2.87017992e-02 -1.41822026e-01
 -1.02504150e-01  1.38245371e-01 -6.20111940e-05 -4.08047338e-02
 -3.95817498e-02 -5.44559420e-02 -2.04714135e-02  2.27775298e-01
 -2.13609577e-02 -7.61866089e-02  3.74796284e-02 -6.55414056e-02
  8.38894616e-04  5.55375463e-02 -4.77452935e-03 -1.14850899e-01
  8.88766410e-02  1.54241091e-02 -3.02675865e-02 -1.36954317e-02
 -7.65838029e-02  8.34463063e-02 -5.42925939e-01]",55,55,"(np.int32(1), np.int32(0), np.int32(1), np.int32(1), np.int32(1), np.int32(0), np.int32(1), np.int32(0), np.int32(0), np.int32(0))",5.96824964257296e+32
285,10,2,2,1.1689833478867293,"[ 0.04179586  0.03447914 -0.05210966 -0.10643704 -0.056307   -0.11209622
 -0.09286468 -0.06743549 -0.47471409  0.09472149  0.06878945  0.04553767
  0.10100644  0.0658217   0.03795551 -0.04534786 -0.14091296 -0.13872802
 -0.14400285 -0.02794444 -0.030968   -0.08097987 -0.0334045  -0.04052828
 -0.07932939  0.02017703  0.04875376 -0.13273222 -0.05911791  0.04210814
  0.01911233 -0.09682942 -0.07342532  0.09135535 -0.04319067 -0.10836307
 -0.05950753 -0.01666794  0.02039252  0.1701141  -0.03102162 -0.05069966
  0.03572776 -0.02666372  0.01116908  0.01091091 -0.03597831 -0.07253902
  0.07235616  0.00223443  0.01236708 -0.00257934 -0.11578793  0.05100554
 -0.50305009]",55,55,"(np.int32(1), np.int32(0), np.int32(1), np.int32(1), np.int32(1), np.int32(0), np.int32(1), np.int32(0), np.int32(0), np.int32(0))",5.96824964257296e+32
305,10,2,2,1.1484521395282652,"[ 0.06408825  0.01374857 -0.03145124 -0.08910601 -0.02296514 -0.11440125
 -0.09697249 -0.0671741  -0.51900469  0.10056699  0.07807914  0.0615271
  0.09300846  0.02352726  0.01938328 -0.04798794 -0.16280969 -0.09629729
 -0.16260939 -0.00646259 -0.01723718 -0.05672094 -0.02039147 -0.03651808
 -0.08890572  0.01106759  0.0953729  -0.09632565 -0.03280057  0.04504892
 -0.01164426 -0.07841933 -0.1108265   0.08780639 -0.0466258  -0.0997311
 -0.04999524 -0.02222961  0.0036499   0.16010009 -0.03977921 -0.01356657
  0.0528029  -0.01916956 -0.00847684 -0.01057988 -0.01821359 -0.04926933
  0.05583136  0.03919317 -0.00420529  0.0187261  -0.12008657  0.04330514
 -0.49290903]",55,55,"(np.int32(1), np.int32(0), np.int32(1), np.int32(1), np.int32(1), np.int32(0), np.int32(1), np.int32(0), np.int32(0), np.int32(0))",5.96824964257296e+32
325,10,2,2,1.1924734252554012,"[ 0.0540606  -0.00090978 -0.09896451 -0.06470312 -0.00765076 -0.09810622
 -0.10522229 -0.09092827 -0.49342034  0.08011806  0.12280048  0.09685075
  0.12743224 -0.0040037   0.00425349 -0.05410838 -0.18921532 -0.10172339
 -0.16055868  0.01954853 -0.02263118 -0.0407748  -0.04637675 -0.0426676
 -0.04432888 -0.02262416  0.08923309 -0.10249287 -0.03782447  0.00882289
 -0.04049252 -0.06206807 -0.11692399  0.08609711  0.01286491 -0.06402423
 -0.04978904 -0.01643157 -0.00205829  0.12250949 -0.03230669 -0.0155659
 -0.00679269 -0.0336903  -0.00465361 -0.02636791 -0.03745145 -0.03830532
  0.04658895  0.00798198  0.01268859  0.02440786 -0.09417082  0.09636376
 -0.46691484]",55,55,"(np.int32(1), np.int32(0), np.int32(1), np.int32(1), np.int32(1), np.int32(0), np.int32(1), np.int32(0), np.int32(0), np.int32(0))",5.96824964257296e+32
345,10,2,2,1.1739001829224431,"[ 0.04657025 -0.00623097 -0.11897366 -0.06374605  0.00195279 -0.08002578
 -0.10505703 -0.09739676 -0.48368676  0.10067047  0.10335474  0.08030595
  0.1109292   0.00309284 -0.03346181 -0.05504853 -0.18314959 -0.09010135
 -0.14074453  0.00946331 -0.01892117 -0.0647837  -0.04895757 -0.00711986
 -0.04022083  0.0034588   0.05343132 -0.1003232  -0.05356591 -0.00523296
 -0.02641897 -0.06305905 -0.10010248  0.06005847 -0.02614313 -0.09306591
 -0.01191852  0.00680075  0.04634001  0.12264463 -0.05469618  0.00074916
  0.03166203 -0.02561405  0.00895884  0.00666081 -0.01492807 -0.00377067
  0.04547407 -0.01525962  0.00816708 -0.00207261 -0.12614861  0.08960476
 -0.46876644]",55,55,"(np.int32(1), np.int32(0), np.int32(1), np.int32(1), np.int32(1), np.int32(0), np.int32(1), np.int32(0), np.int32(0), np.int32(0))",5.96824964257296e+32
365,10,2,2,1.176762661715108,"[ 5.27973222e-02  2.03920770e-03 -1.15927645e-01 -5.02445078e-02
 -1.05985097e-02 -7.10101047e-02 -1.09618090e-01 -9.08044643e-02
 -5.03152795e-01  1.02960632e-01  1.09891344e-01  8.84843493e-02
  1.04278194e-01 -2.47928639e-02 -2.28283959e-02 -5.48899499e-02
 -1.70673244e-01 -1.22409444e-01 -1.61957312e-01  2.45001685e-02
 -2.22093931e-02 -7.48798345e-02 -4.29869303e-02 -2.60905325e-02
 -3.83211415e-03 -1.69294784e-02  4.06740394e-02 -8.83692080e-02
 -7.25706987e-02 -5.58190627e-03 -3.76720614e-02 -5.15984743e-02
 -7.14945732e-02  6.49815284e-02 -2.77642618e-02 -1.10554909e-01
 -1.83603441e-02  3.25473626e-03  5.07694695e-02  1.24187955e-01
 -4.35307922e-02  1.75228144e-03  1.21675002e-02 -1.52744548e-02
  7.40030253e-03 -2.37156196e-04 -1.31463429e-03 -1.32075958e-02
  3.88658097e-02 -2.64477763e-02  2.52962953e-02  4.05890731e-03
 -1.34455120e-01  8.13359197e-02 -5.05916228e-01]",55,55,"(np.int32(1), np.int32(0), np.int32(1), np.int32(1), np.int32(1), np.int32(0), np.int32(1), np.int32(0), np.int32(0), np.int32(0))",5.96824964257296e+32
385,10,2,2,1.1637578254262788,"[ 0.0337894  -0.01383229 -0.09088621 -0.04120492 -0.0391411  -0.0661411
 -0.12344026 -0.07504912 -0.50622322  0.12686772  0.11730802  0.07670795
  0.06854508  0.00562928 -0.02204725 -0.0439913  -0.16952628 -0.12096723
 -0.16175839  0.04763177 -0.01979624 -0.09123356 -0.02625563 -0.05459963
  0.00247117 -0.03087774  0.06608788 -0.07856547 -0.08067159  0.01990591
 -0.06930452 -0.04059941 -0.06264384  0.0588981  -0.02018487 -0.08718818
 -0.03324303  0.01910167  0.05514999  0.10577139 -0.0438263   0.0262114
  0.02322619 -0.02317121  0.01353438 -0.00186651 -0.01952439 -0.0031774
  0.03259666 -0.03020376  0.03591704  0.00227447 -0.09549845  0.03882496
 -0.51002661]",55,55,"(np.int32(1), np.int32(0), np.int32(1), np.int32(1), np.int32(1), np.int32(0), np.int32(1), np.int32(0), np.int32(0), np.int32(0))",5.96824964257296e+32
405,10,2,2,1.151593430833752,"[ 0.03241776 -0.00860669 -0.05517136  0.00286687 -0.03101285 -0.06582179
 -0.10733261 -0.0847757  -0.49885722  0.11255134  0.06030665  0.05821778
  0.0387619   0.00760235  0.01710113 -0.03558084 -0.1388538  -0.07749361
 -0.11942346  0.05792579  0.00253496 -0.09765929 -0.05120171 -0.06873997
 -0.02845577 -0.06306957  0.0196756  -0.03441074 -0.09754583  0.0159755
 -0.05495524 -0.05624204 -0.02869855  0.06235762 -0.04331685 -0.06490894
 -0.03678319  0.01416624  0.06400651  0.0952612  -0.01492292 -0.01576481
  0.0436251   0.01481575  0.02499483 -0.02353448  0.0422909   0.01671065
  0.05538326 -0.03543986  0.02230562 -0.00126059 -0.0495551   0.08511744
 -0.46781551]",55,55,"(np.int32(1), np.int32(0), np.int32(1), np.int32(1), np.int32(1), np.int32(0), np.int32(1), np.int32(0), np.int32(0), np.int32(0))",5.96824964257296e+32
5,10,2,3,1.5466666666666669,"[ 0.00000000e+00  0.00000000e+00  0.00000000e+00  0.00000000e+00
  4.16333634e-17  0.00000000e+00  0.00000000e+00  0.00000000e+00
  0.00000000e+00 -1.38777878e-17  0.00000000e+00  0.00000000e+00
  0.00000000e+00  3.88888889e-01  0.00000000e+00  0.00000000e+00
  0.00000000e+00  0.00000000e+00  0.00000000e+00  0.00000000e+00
  0.00000000e+00  0.00000000e+00  0.00000000e+00  1.66666667e-01
  0.00000000e+00  0.00000000e+00  0.00000000e+00  0.00000000e+00
  0.00000000e+00  0.00000000e+00  0.00000000e+00  0.00000000e+00
  0.00000000e+00  0.00000000e+00  0.00000000e+00  0.00000000e+00
  0.00000000e+00  0.00000000e+00  0.00000000e+00  0.00000000e+00
  0.00000000e+00  0.00000000e+00  0.00000000e+00  0.00000000e+00
  0.00000000e+00  0.00000000e+00  0.00000000e+00  0.00000000e+00
  0.00000000e+00  0.00000000e+00  0.00000000e+00  0.00000000e+00
  0.00000000e+00  0.00000000e+00  0.00000000e+00]",4,4,"(np.int32(1), np.int32(0), np.int32(1), np.int32(1), np.int32(1), np.int32(0), np.int32(1), np.int32(0), np.int32(0), np.int32(0))",5.96824964257296e+32
25,10,2,3,4.72222583889928e+22,"[-3.53447461e+19 -3.08929192e+21  5.07760496e+16 -5.71879896e+18
  1.56051854e+21  5.56378121e+18  4.49359213e+20  6.40471439e+19
  2.10944620e+22  2.53960572e+15  6.73121070e+16 -5.38924520e+21
 -3.80379437e+21  1.32169191e+22  3.72166474e+15 -3.96645513e+21
  3.73995779e+21  3.88977959e+21  2.03581360e+15 -1.45276404e+19
  7.83303640e+21 -1.06098524e+21 -7.85885182e+21  8.78850955e+21
 -9.27052583e+21 -6.83008744e+17 -5.30273535e+20 -7.75949012e+17
  2.32068094e+22 -2.98227507e+21 -1.93957401e+17  2.00876876e+17
 -3.99009602e+21 -6.74274244e+21  8.34079116e+21 -8.12813574e+19
  3.40785816e+21 -1.49583896e+22 -1.55074620e+17  1.86300394e+21
 -1.31439987e+19 -9.25787147e+18  8.18445023e+19  3.12062428e+21
 -1.02730774e+22  2.63671072e+21  3.94232145e+16  2.96978132e+22
 -2.17159856e+21  1.89513561e+21 -1.18110379e+20 -8.19708812e+21
  2.54583201e+21  1.44334151e+21  3.87106175e+21]",55,67,"(np.int32(1), np.int32(0), np.int32(1), np.int32(1), np.int32(1), np.int32(0), np.int32(1), np.int32(0), np.int32(0), np.int32(0))",5.96824964257296e+32
45,10,2,3,7.234343685132693e+20,"[-2.41472727e+20 -5.78794176e+18  1.08406945e+19  8.33747386e+19
  1.67799099e+20 -1.91895340e+19 -1.63037510e+19 -4.94927047e+19
  9.70391121e+19  1.15237751e+18  1.52437646e+20 -4.70489399e+17
 -1.73861517e+20 -1.61860659e+19 -1.21864319e+20  5.48582955e+19
 -3.83767804e+06  4.09357285e+19 -3.97718712e+19 -6.92290930e+19
 -2.08006077e+19  2.34891510e+18  9.00646306e+19 -5.46977130e+19
 -1.59590872e+20 -1.68266443e+20 -6.01332594e+19 -1.25417917e+20
 -1.39484477e+20  1.82936718e+20 -2.34395959e+20  3.61577071e+20
  2.12905132e+20 -1.03763129e+20  1.32872431e+20  8.13435852e+19
 -2.90566655e+19  9.24149812e+17  1.18369111e+20 -5.67297379e+17
  1.65767422e+20  4.27332506e+18  2.67110813e+18  1.02843745e+20
  1.61219258e+19  1.97306784e+20 -7.04621573e+19  1.30701402e+20
 -4.80869637e+19  1.09365584e+20  3.90889005e+19  5.03743311e+19
  1.05353633e+20  8.77902472e+19  1.03763129e+20]",55,78,"(np.int32(1), np.int32(0), np.int32(1), np.int32(1), np.int32(1), np.int32(0), np.int32(1), np.int32(0), np.int32(0), np.int32(0))",5.96824964257296e+32
65,10,2,3,35278.89475005406,"[ -1015.93703065   6590.31379939   3025.36100986    123.49869097
   -948.60545977  -7057.07158903   8245.90753255  -3847.84045787
   1082.49903724  -1011.02941239     41.72297041  -3276.70125585
   8069.09269608   8464.60983256   4958.67919203  -5358.60238247
    269.78291818   2454.05221729  -2489.39372961   7894.01312991
   4907.00546836  -8228.6940744   -2048.82604637   6044.30971019
    256.35125636   8707.14631533  -2605.8408595   -7362.70034987
  11560.76658251  -8959.75889145   1473.71761884  -1702.25923703
   2443.60062308  -2262.87226811   7574.54564249  -4952.54908363
   -810.5879931   -7628.27948254  -7383.12568993   -528.05293348
   1962.99742441   5012.72175032  -5016.05699868  -1200.57642088
  -4398.04183168 -11869.39909169   2373.936099     5086.81513862
  -6654.49380705  -7060.79161537   7539.45174428  -3583.98358616
   -192.84778325  -4127.85040766  -2737.73663527]",55,72,"(np.int32(1), np.int32(0), np.int32(1), np.int32(1), np.int32(1), np.int32(0), np.int32(1), np.int32(0), np.int32(0), np.int32(0))",5.96824964257296e+32
85,10,2,3,2.0026942277810313,"[ 0.36729976  0.41331346 -0.5178176  -0.18026957  0.56494157  0.17038833
  0.41895633  0.05526372 -0.62823698 -0.16783858  0.12910065 -0.1695483
  0.15654627  0.16442576  0.30335751  0.06921568  0.27268488 -0.75328463
 -0.00393174  0.23203732  0.06774994 -0.12560038 -0.00111125 -0.04954423
 -0.17743944  0.6672496  -0.02073096  0.24012561  0.22142005 -0.21230772
  0.18240668 -0.42448952  0.22692816  0.40658971  0.25774442  0.3682387
  0.20355608  0.39053457  0.0791624  -0.15453734  0.50482973 -0.0323035
  0.33368006 -0.33055742  0.10919871 -0.21861605  0.05698708 -0.28645139
  0.21176124 -0.06267313  0.22532128  0.23597436 -0.17957901  0.17379717
 -0.31891554]",55,59,"(np.int32(1), np.int32(0), np.int32(1), np.int32(1), np.int32(1), np.int32(0), np.int32(1), np.int32(0), np.int32(0), np.int32(0))",5.96824964257296e+32
105,10,2,3,1.477494783495129,"[ 0.30866234  0.15417638 -0.33557258  0.03202885  0.49558717  0.10209604
  0.07430633 -0.15500901 -0.52005532  0.11570858  0.19384082 -0.10784944
  0.06922534  0.2007448   0.2326969   0.21259975  0.14856843 -0.44426102
  0.11582865  0.21270681 -0.05981243 -0.11153727 -0.0806103  -0.06532065
 -0.03669031  0.39352224 -0.18346743 -0.12515572 -0.0395369  -0.24228472
  0.18096825 -0.05664102  0.24070783  0.26197489  0.21344415 -0.05368036
  0.1620162   0.0910743   0.10095141 -0.0570447   0.21505871  0.22768638
  0.07988001 -0.26836957  0.08344033 -0.12822434  0.20822472 -0.08566439
  0.10330442 -0.15708908  0.20965111  0.19248077  0.10825043  0.08612523
 -0.3188264 ]",55,57,"(np.int32(1), np.int32(0), np.int32(1), np.int32(1), np.int32(1), np.int32(0), np.int32(1), np.int32(0), np.int32(0), np.int32(0))",5.96824964257296e+32
125,10,2,3,1.4047142753768787,"[ 0.3010235   0.17543248 -0.23858597  0.0095555   0.48971961  0.09174728
  0.07820175 -0.07249613 -0.47172025  0.22173869  0.2945322   0.03113009
  0.08417761  0.19254122  0.1814949   0.14477959  0.12520232 -0.32388306
  0.02280367  0.2173033   0.08315197  0.03690103 -0.04091771  0.0163353
 -0.09823379  0.20232463 -0.21642167  0.03740379  0.00359169 -0.21930359
  0.08451956 -0.12410411  0.12478911  0.20224211  0.25901455 -0.066873
  0.14049275 -0.05356885  0.01600338 -0.17163954  0.15816749  0.20568229
  0.0822359  -0.16734202  0.05165134 -0.07687335  0.12729732 -0.02986287
  0.20048434 -0.10385004  0.30441198  0.10997041  0.19612736  0.28481842
 -0.27705227]",55,57,"(np.int32(1), np.int32(0), np.int32(1), np.int32(1), np.int32(1), np.int32(0), np.int32(1), np.int32(0), np.int32(0), np.int32(0))",5.96824964257296e+32
145,10,2,3,1.5062624676968013,"[ 0.27628458  0.04574154 -0.28798874  0.09950215  0.40608492  0.0623599
  0.07039889 -0.174899   -0.49346954  0.15663342  0.25349737 -0.06152371
  0.22488711  0.18255667  0.14097709  0.07196513  0.13296846 -0.39376965
 -0.07220903  0.31797393 -0.02114819 -0.13187436 -0.09872527  0.00354095
 -0.19015543  0.13437157 -0.27333647 -0.17344578  0.02757485 -0.07114096
  0.08812076 -0.10827379  0.27115766  0.26960629  0.27694842  0.01025681
  0.28557199 -0.17051743  0.12476974 -0.05561351  0.10587766  0.19858207
 -0.11768528 -0.2008349   0.02922057 -0.35672286  0.18626495  0.01664045
  0.17189515 -0.05109823  0.12520236  0.03223737  0.11963965  0.1454654
 -0.3010987 ]",55,56,"(np.int32(1), np.int32(0), np.int32(1), np.int32(1), np.int32(1), np.int32(0), np.int32(1), np.int32(0), np.int32(0), np.int32(0))",5.96824964257296e+32
165,10,2,3,1.3330893879896224,"[ 0.26320708 -0.00461907 -0.09130819 -0.01215582  0.32271823  0.0429397
  0.04672109 -0.16989298 -0.50880523  0.1273251   0.21341314  0.01746976
  0.08532953  0.11816694  0.07773446  0.1608548   0.131377   -0.28096762
  0.00862882  0.24643606  0.02886161 -0.10771684 -0.08372519 -0.04573011
 -0.17748468  0.06328098 -0.20055169 -0.20982573  0.03584448  0.12268115
 -0.00181053  0.0728293   0.23014221  0.20754933  0.26506623 -0.11002712
  0.15993755 -0.1560724   0.13896233 -0.02214599 -0.03822848  0.12483215
 -0.11883777 -0.04834423  0.06014106 -0.27372656  0.27741828  0.11612596
  0.12385794 -0.0163128  -0.02338404  0.0460313   0.09824411 -0.00554722
 -0.29851728]",55,56,"(np.int32(1), np.int32(0), np.int32(1), np.int32(1), np.int32(1), np.int32(0), np.int32(1), np.int32(0), np.int32(0), np.int32(0))",5.96824964257296e+32
185,10,2,3,1.184523035486995,"[ 0.20450797 -0.05732278  0.04364159  0.03291143  0.22297725  0.0211605
 -0.06826869 -0.12406465 -0.48473425  0.12886304  0.15411835  0.05073762
  0.09258357  0.07547462  0.06640956  0.13485958  0.03837103 -0.21577366
 -0.0717929   0.1224625  -0.06751359  0.03186535  0.0233373  -0.05861115
 -0.11818542 -0.01751633 -0.00601295 -0.0797124   0.05002468  0.05978785
 -0.11101106 -0.01609653  0.10133777  0.12800365  0.22392441 -0.08744477
  0.02685539 -0.0457345   0.23892123  0.04521842 -0.02266215  0.11847952
 -0.03697105 -0.06602556  0.1059574  -0.05727713  0.26613137  0.08578384
  0.0617958  -0.05762237 -0.00587037  0.04751285 -0.00695106  0.03482842
 -0.54674144]",55,55,"(np.int32(1), np.int32(0), np.int32(1), np.int32(1), np.int32(1), np.int32(0), np.int32(1), np.int32(0), np.int32(0), np.int32(0))",5.96824964257296e+32
205,10,2,3,1.2048622289214939,"[ 0.18160251 -0.05933403  0.02446869  0.0500414   0.14333541  0.03071063
 -0.04718163 -0.03546777 -0.47363049  0.13530096  0.15793791  0.0708359
  0.05736361  0.0459343   0.05119507  0.12865984  0.09394787 -0.20591923
 -0.03484876  0.02120932 -0.02878972  0.03829113 -0.02545089 -0.08270372
 -0.12494279 -0.07579585 -0.00991578 -0.10160897  0.04456829  0.06094889
 -0.11158339 -0.04328313  0.13249839  0.11407802  0.1666782  -0.09657639
  0.05149235  0.06857915  0.23267836  0.15602751 -0.03547159  0.09249996
 -0.05976453 -0.08540603  0.10031362 -0.02302018  0.3076889   0.11014253
  0.09231784 -0.0561226  -0.02613952  0.01239977 -0.04132298  0.01273194
 -0.56361714]",55,55,"(np.int32(1), np.int32(0), np.int32(1), np.int32(1), np.int32(1), np.int32(0), np.int32(1), np.int32(0), np.int32(0), np.int32(0))",5.96824964257296e+32
225,10,2,3,1.1839187554614583,"[ 0.18694427 -0.02681204 -0.01717182  0.0181983   0.14269429 -0.03952014
 -0.02800741 -0.01450568 -0.45054854  0.15625481  0.1531351   0.11535908
  0.09970154 -0.02504456  0.04941888  0.03189903  0.09699661 -0.14014788
 -0.035384    0.07025049 -0.03513426  0.03105956 -0.01067139 -0.09704477
 -0.10175281 -0.03632979  0.00719653 -0.07355315  0.06683718  0.04221874
 -0.0688648  -0.13647139  0.10807183  0.10221954  0.16697011 -0.08857336
  0.08894864  0.0496215   0.23113346  0.16800525 -0.0433057   0.05544384
 -0.02311621 -0.07299575  0.07932447 -0.04116862  0.2713702   0.1097679
  0.08727515 -0.0472356   0.00370539 -0.0345736  -0.04792026 -0.02395075
 -0.53579846]",55,55,"(np.int32(1), np.int32(0), np.int32(1), np.int32(1), np.int32(1), np.int32(0), np.int32(1), np.int32(0), np.int32(0), np.int32(0))",5.96824964257296e+32
245,10,2,3,1.165959494237819,"[ 1.24309799e-01 -5.57202313e-02 -4.15044130e-02 -1.93250454e-02
  1.15911848e-01 -3.85711424e-02 -5.18077982e-02 -3.57196499e-02
 -4.16395385e-01  1.00699014e-01  1.13786449e-01  8.77924634e-02
  2.35752110e-02 -2.60464359e-02  6.53506106e-02  1.94096761e-02
  1.09777343e-01 -1.00719182e-01 -2.83632030e-02  6.37734880e-02
 -4.41372076e-02 -1.10079096e-02 -3.31074911e-02 -7.57163487e-02
 -1.14465440e-01 -1.28364788e-02 -5.49413000e-02 -5.75033743e-02
  4.27922148e-02  1.55792318e-02 -6.32805344e-02 -1.34544769e-01
  1.23176505e-01  5.53669423e-02  1.18172126e-01 -1.05376088e-01
  1.14030909e-01  4.77705124e-02  2.25009841e-01  9.54800824e-02
 -2.45302861e-02  5.46441295e-02 -4.42050409e-04 -3.91510518e-02
  9.30493263e-02 -2.64708534e-02  2.43888045e-01  1.38301867e-01
  8.85302122e-02 -3.35200551e-02  5.43579924e-03 -4.31258776e-02
 -3.99465687e-02  2.30158736e-02 -4.84808936e-01]",55,55,"(np.int32(1), np.int32(0), np.int32(1), np.int32(1), np.int32(1), np.int32(0), np.int32(1), np.int32(0), np.int32(0), np.int32(0))",5.96824964257296e+32
265,10,2,3,1.180800072735802,"[ 0.13715054 -0.09080859 -0.0886249  -0.00982429  0.09535213 -0.05901788
 -0.07896369 -0.04975222 -0.43529832  0.08518621  0.08021825  0.0639959
  0.02675286 -0.06660174  0.0835132  -0.01777935  0.06497683 -0.13726511
 -0.07259778 -0.0017138  -0.06163251 -0.04157356 -0.0805752  -0.09570748
 -0.13962039 -0.02681932 -0.07937632 -0.0782208   0.01643478 -0.00881346
 -0.04921043 -0.16601098  0.1409798   0.02286346  0.07625027 -0.12461953
  0.05643788  0.04118144  0.22127075  0.08761513  0.00487202  0.03140259
  0.00923573 -0.02972031  0.01548823 -0.05607906  0.22305706  0.08618525
  0.0768781  -0.03368212 -0.00493097 -0.0677783  -0.05212034  0.01321351
 -0.44568897]",55,55,"(np.int32(1), np.int32(0), np.int32(1), np.int32(1), np.int32(1), np.int32(0), np.int32(1), np.int32(0), np.int32(0), np.int32(0))",5.96824964257296e+32
285,10,2,3,1.1977113449265189,"[ 9.68340857e-02 -7.18369687e-02 -1.17094818e-01 -4.13744882e-02
  4.91905977e-02 -6.41502390e-02 -1.30091993e-01 -6.07741534e-02
 -4.37003432e-01  8.64582658e-02  5.77923026e-02  6.78238825e-02
 -6.77211692e-04  9.80590295e-06  1.27065415e-01  1.38028815e-02
  5.95959709e-02 -1.21053176e-01 -4.91283706e-02  3.80449679e-02
 -8.74689794e-03 -1.21990441e-02 -7.09731328e-02 -1.15799588e-01
 -1.14467698e-01 -5.99222047e-02 -7.46300996e-02 -9.52937623e-02
 -3.25475844e-02  7.58744752e-05 -8.14011528e-02 -1.25881410e-01
  7.39588734e-02  4.78905342e-02  3.13554265e-02 -1.38123489e-01
  1.08244849e-02  2.52876966e-02  1.81380119e-01  9.15787314e-02
  1.93531152e-02  6.33865000e-02 -2.18995037e-02 -2.59856563e-02
  4.42976539e-03 -1.48776734e-02  1.91796425e-01  1.12082984e-01
  7.39868689e-02 -4.38858320e-02  2.06274797e-02 -6.84322845e-02
 -3.68381960e-02  5.82683156e-02 -4.55427906e-01]",55,55,"(np.int32(1), np.int32(0), np.int32(1), np.int32(1), np.int32(1), np.int32(0), np.int32(1), np.int32(0), np.int32(0), np.int32(0))",5.96824964257296e+32
305,10,2,3,1.2074328780514338,"[ 0.08827666 -0.08874175 -0.13436398 -0.04281236  0.06165645 -0.07794671
 -0.11942526 -0.06585644 -0.465642    0.10839044  0.01405266  0.05465336
 -0.01897901  0.04080587  0.11789443  0.0335626   0.00989731 -0.11050869
 -0.05175785  0.05715563  0.03412915 -0.04090748 -0.11121726 -0.08267411
 -0.10646147 -0.08019392 -0.08173594 -0.07488742 -0.0369055  -0.03208216
 -0.08361905 -0.11698713  0.07151407  0.04306924  0.00986812 -0.14537427
 -0.00417916  0.03062252  0.17090372  0.07528159  0.07238569  0.06231992
 -0.00234153 -0.03765257  0.02795394  0.01011274  0.14819681  0.13222983
  0.07537713 -0.04698518  0.04611285 -0.08127546 -0.05584143  0.05565278
 -0.43602036]",55,55,"(np.int32(1), np.int32(0), np.int32(1), np.int32(1), np.int32(1), np.int32(0), np.int32(1), np.int32(0), np.int32(0), np.int32(0))",5.96824964257296e+32
325,10,2,3,1.2138672116167586,"[ 0.08899907 -0.10159606 -0.13362525 -0.01432106  0.05588523 -0.08074081
 -0.12582873 -0.07942915 -0.48252353  0.1351888   0.01141361  0.01431332
 -0.03341283  0.03731542  0.12764873  0.00460581 -0.03500174 -0.09696592
 -0.08184682  0.07096558  0.04041283 -0.09616102 -0.1194603  -0.09792379
 -0.09370241 -0.07410329 -0.0527077  -0.04859094 -0.02751813 -0.03659365
 -0.05837615 -0.09032431  0.06260049  0.02416391  0.00116241 -0.16155117
 -0.02727315  0.03079881  0.14645316  0.08708458  0.04909772  0.06982786
  0.01910689 -0.03616567  0.03972494 -0.02717753  0.12080313  0.11093387
  0.05295672 -0.06275856  0.05396821 -0.07454511 -0.09327552  0.05041015
 -0.433823  ]",55,55,"(np.int32(1), np.int32(0), np.int32(1), np.int32(1), np.int32(1), np.int32(0), np.int32(1), np.int32(0), np.int32(0), np.int32(0))",5.96824964257296e+32
345,10,2,3,1.1826244973623705,"[ 0.0548495  -0.05379467 -0.12751042 -0.00847534  0.07606829 -0.1032566
 -0.14888687 -0.09459204 -0.48965032  0.09621635  0.02988503  0.02452804
  0.00197514  0.01805843  0.09769695 -0.01838411 -0.09386339 -0.09768074
 -0.10476937  0.02024647  0.02431838 -0.05085722 -0.13129249 -0.06854536
 -0.08981117 -0.07020791 -0.0341667  -0.0557216  -0.02101733 -0.02945364
 -0.04995149 -0.07157707  0.041425   -0.00135589  0.01342462 -0.13141074
 -0.00654552  0.03411185  0.10784174  0.05252603  0.05220554  0.03478413
  0.05135555 -0.02838309  0.04649459 -0.0242643   0.06086178  0.10276864
  0.04182167 -0.07769035  0.05301504 -0.0494146  -0.04898695  0.06646816
 -0.48704658]",55,55,"(np.int32(1), np.int32(0), np.int32(1), np.int32(1), np.int32(1), np.int32(0), np.int32(1), np.int32(0), np.int32(0), np.int32(0))",5.96824964257296e+32
365,10,2,3,1.1795297199083388,"[ 0.03623554 -0.01879156 -0.11213267  0.00980057  0.04298478 -0.06120831
 -0.12978932 -0.10973768 -0.49930774  0.08540717  0.04575395  0.01643603
 -0.01479861  0.07635719  0.03297547 -0.02027903 -0.12097936 -0.06892609
 -0.08530774  0.0529166   0.03549983 -0.05649368 -0.10640815 -0.06271643
 -0.08349213 -0.03931896 -0.00433947 -0.03756432 -0.03289793 -0.01128605
 -0.06441433 -0.0536904   0.05590886  0.03561101 -0.001903   -0.09718014
 -0.00152111  0.04558138  0.11105465  0.06912952  0.04965482  0.00611434
  0.0357189  -0.05238882  0.0276545  -0.00997233  0.04994574  0.08933083
  0.05811577 -0.02560993  0.03336317 -0.03997047 -0.03328653  0.0541682
 -0.47652751]",55,55,"(np.int32(1), np.int32(0), np.int32(1), np.int32(1), np.int32(1), np.int32(0), np.int32(1), np.int32(0), np.int32(0), np.int32(0))",5.96824964257296e+32
385,10,2,3,1.1620382567080312,"[ 4.50168658e-02 -1.33176854e-02 -7.76557082e-02  5.84989629e-03
  1.40163885e-02 -4.57114338e-02 -1.03595606e-01 -9.74286703e-02
 -4.98703259e-01  1.23692612e-01  3.33382592e-02  1.74494153e-02
  1.61960653e-02  7.43331538e-02  2.22033788e-02 -3.03409198e-02
 -1.35500813e-01 -8.20234848e-02 -8.56880914e-02  7.78479458e-02
  4.80076901e-02 -7.93779270e-02 -6.15893067e-02 -6.59857980e-02
 -4.10738403e-02 -4.95066770e-02 -5.56325523e-03  1.10131769e-03
 -7.25919244e-02 -7.35475978e-03 -5.79455131e-02 -6.86068237e-02
  1.93561263e-02  3.23003892e-02 -4.73081247e-02 -5.87425701e-02
  2.88581560e-04  3.72124050e-02  7.48387003e-02  7.43314850e-02
  2.67889687e-02  4.60441838e-04  4.08594212e-02 -2.64993101e-02
  2.63057032e-02 -1.84340851e-02  4.73602311e-02  3.57036980e-02
  6.87280335e-02 -3.47797125e-02  2.30551433e-02 -2.07992910e-02
 -6.03629632e-02  7.59725703e-02 -4.89750058e-01]",55,55,"(np.int32(1), np.int32(0), np.int32(1), np.int32(1), np.int32(1), np.int32(0), np.int32(1), np.int32(0), np.int32(0), np.int32(0))",5.96824964257296e+32
405,10,2,3,1.1515934308337519,"[ 0.03241776 -0.00860669 -0.05517136  0.00286687 -0.03101285 -0.06582179
 -0.10733261 -0.0847757  -0.49885722  0.11255134  0.06030665  0.05821778
  0.0387619   0.00760235  0.01710113 -0.03558084 -0.1388538  -0.07749361
 -0.11942346  0.05792579  0.00253496 -0.09765929 -0.05120171 -0.06873997
 -0.02845577 -0.06306957  0.0196756  -0.03441074 -0.09754583  0.0159755
 -0.05495524 -0.05624204 -0.02869855  0.06235762 -0.04331685 -0.06490894
 -0.03678319  0.01416624  0.06400651  0.0952612  -0.01492292 -0.01576481
  0.0436251   0.01481575  0.02499483 -0.02353448  0.0422909   0.01671065
  0.05538326 -0.03543986  0.02230562 -0.00126059 -0.0495551   0.08511744
 -0.46781551]",55,55,"(np.int32(1), np.int32(0), np.int32(1), np.int32(1), np.int32(1), np.int32(0), np.int32(1), np.int32(0), np.int32(0), np.int32(0))",5.96824964257296e+32
5,10,2,4,5.187406249289596e+57,"[-1.66468344e+45  2.81273363e+45 -6.72659043e+45 -1.33496137e+57
 -1.35145592e+57  1.73351052e+44 -6.38102224e+56 -2.63177394e+57
  3.46702102e+44 -3.59552553e+55  1.43280116e+48 -7.97152591e+54
 -3.37346351e+56  3.98334327e+57 -1.73593984e+56  6.93404206e+44
  7.17626981e+47 -8.80124482e+55  5.38002373e+46 -6.97153949e+44
 -1.00553888e+52 -4.00561612e+54 -5.03705846e+51  4.28509267e+47
  0.00000000e+00 -2.51385376e+51  5.98475407e+48  2.69094615e+46
  2.87050793e+48  1.07637846e+47 -1.79067493e+55 -9.35400044e+52
  1.34500593e+46 -4.40243020e+55  4.78596628e+49  0.00000000e+00
 -4.46599679e+53 -6.28463923e+50  0.00000000e+00 -2.00061205e+54
  2.39390162e+49 -1.04637890e+45 -1.00364137e+54  1.19649159e+49
 -3.14816760e+50 -2.23029610e+53 -1.57116019e+50  0.00000000e+00
 -5.00756289e+53  2.15098238e+47 -1.11711151e+53 -3.36212742e+45
 -1.25926662e+51  2.99122898e+48 -2.51012221e+53]",51,52,"(np.int32(1), np.int32(0), np.int32(1), np.int32(1), np.int32(1), np.int32(1), np.int32(0), np.int32(1), np.int32(1), np.int32(1))",1.2657909622318934e+58
25,10,2,4,1.1055322312178273e+23,"[-3.38223763e+17  1.18673320e+22 -6.24198733e+21 -1.83879718e+20
 -5.90228070e+21 -4.48516940e+21  1.01926209e+19  1.94643377e+22
 -8.07112999e+21 -2.53869936e+22 -2.86652649e+22  5.50848726e+21
  1.53970548e+18 -1.14015202e+22  4.73055649e+20  1.68718098e+16
 -6.30148185e+21  1.84312992e+22  2.68960780e+22 -1.81467022e+18
  2.66473085e+17 -2.75757529e+22 -3.52189426e+22  2.22231605e+22
  4.07985197e+22 -3.41939165e+18 -3.03258133e+21  6.47266320e+21
  4.16165168e+21 -1.04384625e+22  4.84616045e+21  4.37589757e+19
  2.80494594e+21  1.68068979e+22 -1.38416777e+22  4.28391025e+21
  5.92825098e+17 -1.57262612e+22  1.50697847e+22 -1.01573064e+21
  1.43949691e+22  6.96694113e+20 -2.96964177e+20 -1.16392691e+22
  2.18514312e+20 -2.45041001e+20  5.72773523e+22  7.56311071e+19
 -3.01130631e+22  1.48457779e+21  1.13095138e+22  2.37289502e+22
  2.98921882e+19 -1.27993554e+20 -4.58495490e+16]",55,72,"(np.int32(1), np.int32(0), np.int32(1), np.int32(1), np.int32(1), np.int32(1), np.int32(0), np.int32(1), np.int32(1), np.int32(1))",1.2657909622318934e+58
45,10,2,4,3.2328532538879635e+19,"[-8.37401833e+17 -4.18103057e+18 -3.35975138e+16 -1.35901362e+17
 -1.00982943e+19  2.31650608e+18 -1.03325484e+19 -5.22353093e+16
  1.07310620e+19 -4.11566727e+17 -6.27931147e+18 -1.48153228e+18
  1.51615796e+18 -6.93149049e+18  2.68225671e+18 -3.40679639e+16
 -7.66978925e+17 -7.33169977e+17  2.38779402e+17  4.51017966e+16
  1.12539801e+19 -1.87280326e+18  2.18578505e+18  5.58316940e+18
 -2.27082873e+17  4.13206481e+18 -7.57359391e+18  9.13370637e+17
 -6.13263444e+17  7.21254614e+16 -4.62438672e+17 -2.84909054e+18
  4.96036186e+17  2.77696508e+18  5.38176690e+17  4.01469789e+17
  6.08202131e+18  3.04003281e+16  2.72847366e+17 -5.21344804e+18
  1.71597670e+19  9.64243930e+18 -5.98340988e+18 -1.32687975e+17
 -8.52031916e+18 -2.66924156e+18  3.21496057e+18 -7.31920782e+18
 -5.31489452e+16 -2.96811389e+18  7.54528329e+17  2.50431185e+18
  3.70511288e+18 -6.52454786e+18  4.56310141e+18]",55,73,"(np.int32(1), np.int32(0), np.int32(1), np.int32(1), np.int32(1), np.int32(1), np.int32(0), np.int32(1), np.int32(1), np.int32(1))",1.2657909622318934e+58
65,10,2,4,14.786907172843767,"[-1.60862201e+00  4.48994246e+00  3.80195802e+00 -3.47354224e+00
  9.05434718e-01  1.60072401e+00  1.60699176e+00 -1.06181041e+00
  9.13054920e-01 -2.33302699e-01  1.54177442e+00 -1.11379154e+00
 -4.71772785e+00 -4.50264022e-01  2.98105223e+00 -2.97673979e+00
  3.76786321e-01  4.03048425e+00 -1.85359120e-02  2.67384533e+00
  1.36407710e+00  7.89696836e-05 -3.13042926e+00 -1.25523498e+00
 -3.35157046e+00 -3.14288194e+00  5.07603854e-01  3.92035928e+00
  2.30449821e-01 -1.74795582e+00 -1.43812141e+00  9.96834384e-01
 -1.51896408e+00  1.96624443e-01 -3.05645294e+00  5.22788625e-01
  1.94796292e+00 -4.71053812e+00  2.55909702e+00 -3.36432807e+00
 -3.19208500e+00 -2.51481850e+00  7.16713312e-01  9.33110268e-01
  2.37465364e+00 -1.47852587e+00  1.07395992e+00  2.88221983e+00
  2.52210810e+00  1.16569192e+00  1.35143962e+00 -3.14409279e+00
 -7.14236590e-01  1.73299002e-01 -7.15144210e-01]",55,61,"(np.int32(1), np.int32(0), np.int32(1), np.int32(1), np.int32(1), np.int32(1), np.int32(0), np.int32(1), np.int32(1), np.int32(1))",1.2657909622318934e+58
85,10,2,4,2.634525142311415,"[ 0.58030976  0.23643062 -0.45853399  0.64983476 -0.13148933  0.49973222
 -0.12335172 -0.42515308 -0.82161635  0.05726955  0.26487356 -0.26556578
 -0.32369271 -0.40220427  0.96846907 -0.53637129 -0.63444457 -0.06804228
 -0.11981319  0.39813796 -0.16989949 -0.32933701 -0.42210977  0.09525256
 -0.270873   -0.07153379  0.28137428 -0.03947674 -0.20333296 -0.65063224
  0.03061703 -0.11233414  0.24625382  0.13254078  0.08547608 -0.27546124
 -0.66243241 -0.23254157  0.65832018 -0.35781245 -0.60929926 -0.49609088
 -0.12249514  0.1443463  -0.12822193  0.01608309  0.29843169 -0.10027387
  0.51507759  0.1523975   0.21794599 -0.19768535  0.22367345 -0.40188896
 -0.56595767]",55,60,"(np.int32(1), np.int32(0), np.int32(1), np.int32(1), np.int32(1), np.int32(1), np.int32(0), np.int32(1), np.int32(1), np.int32(1))",1.2657909622318934e+58
105,10,2,4,1.6264541914700623,"[ 0.12886436  0.06229911 -0.10143293  0.31755509 -0.41950719 -0.12505139
 -0.28489456 -0.22907919 -0.22459417 -0.02856245 -0.06146929  0.17265313
  0.16442338 -0.43730442  0.33772802 -0.12306482 -0.15834217 -0.23768861
 -0.2585299  -0.02219126 -0.1653635  -0.16149353  0.06843789 -0.18483327
 -0.1646869  -0.03411936 -0.20174782  0.17128291  0.0685239  -0.15204365
 -0.06764786 -0.07215824 -0.21138897  0.45129861  0.39508906 -0.07732733
 -0.18121878 -0.25399836  0.16415755  0.1636258  -0.3504737   0.00565195
 -0.11526734 -0.13574699 -0.07591617  0.08639278  0.13739972  0.01047379
 -0.19560312  0.16609247  0.17802658 -0.13101754  0.12408442 -0.0263195
 -0.48834835]",55,56,"(np.int32(1), np.int32(0), np.int32(1), np.int32(1), np.int32(1), np.int32(1), np.int32(0), np.int32(1), np.int32(1), np.int32(1))",1.2657909622318934e+58
125,10,2,4,1.7505864244104925,"[ 0.22142389  0.07598396 -0.13572226  0.31924434 -0.50436117  0.49384633
 -0.37533358 -0.40693517 -0.54164825  0.20288804 -0.02851277  0.03843088
  0.19785273 -0.52326296  0.45882137 -0.17604336 -0.2506221  -0.16641037
 -0.28498692  0.1398344  -0.15197485 -0.18423087 -0.13450042  0.16176243
 -0.24092981 -0.10928989  0.09983743  0.0823055   0.03477015 -0.3677735
  0.08252961 -0.00579904 -0.28619525  0.29898248  0.27694597 -0.25766291
  0.03825412 -0.12048545  0.01941214  0.09431819  0.00663614 -0.32017595
 -0.12139168 -0.20617527 -0.0069347  -0.08367348 -0.07522343  0.10321528
 -0.13098096  0.09130094 -0.04969717  0.00640368  0.15924673 -0.07584344
 -0.56549343]",55,58,"(np.int32(1), np.int32(0), np.int32(1), np.int32(1), np.int32(1), np.int32(1), np.int32(0), np.int32(1), np.int32(1), np.int32(1))",1.2657909622318934e+58
145,10,2,4,1.3639348540467169,"[ 0.24174932  0.06733447 -0.05062324  0.21720015 -0.33807748  0.04566475
 -0.04771101 -0.28281754 -0.51764517  0.19460667  0.0699186   0.03943474
  0.01033097 -0.30624292  0.26750357 -0.01510768 -0.18963283 -0.15066789
 -0.1498536   0.05885396 -0.02703327 -0.15699039 -0.06066333  0.12675622
 -0.16505939 -0.14743856  0.10759924  0.00757648 -0.06246522 -0.2046779
 -0.05891728 -0.00680451 -0.01097945  0.15502836  0.09671812 -0.07518008
 -0.02653136 -0.11284149  0.06263852  0.05046339 -0.08580723 -0.09601489
 -0.04366235 -0.06705434 -0.02709877 -0.08561181 -0.05529131  0.00903749
 -0.12110393 -0.11635709 -0.04337737  0.09251356  0.13809207  0.0423779
 -0.52390098]",55,56,"(np.int32(1), np.int32(0), np.int32(1), np.int32(1), np.int32(1), np.int32(1), np.int32(0), np.int32(1), np.int32(1), np.int32(1))",1.2657909622318934e+58
165,10,2,4,1.3711326007452715,"[ 0.14041447  0.03564264 -0.06249705  0.1259438  -0.37110066 -0.12682275
  0.01317718 -0.1998154  -0.54196391  0.22249648  0.06490306  0.09045869
  0.13637063 -0.15228743  0.15304138  0.17386536 -0.14227911 -0.24036065
 -0.23483549  0.01789081 -0.05023892 -0.09772348 -0.11078824  0.20660014
 -0.10570973 -0.15412623  0.06772252 -0.10548482 -0.04912034 -0.19220753
 -0.0719265  -0.04832071 -0.02677672  0.17758162  0.11531791 -0.07463968
  0.10055647 -0.02083882  0.01411481  0.15716265  0.05559868 -0.10336651
  0.08824077  0.0236056  -0.11235396 -0.05933844  0.0441139   0.04986717
 -0.21438587 -0.14217378 -0.09498229  0.1214696   0.15427889  0.04634448
 -0.51556968]",55,57,"(np.int32(1), np.int32(0), np.int32(1), np.int32(1), np.int32(1), np.int32(1), np.int32(0), np.int32(1), np.int32(1), np.int32(1))",1.2657909622318934e+58
185,10,2,4,1.2693801030936107,"[ 0.10841414 -0.00429447  0.0170109   0.05969701 -0.27865884 -0.13343291
  0.06516604 -0.21225134 -0.4540074   0.21429279  0.07530906  0.09079705
  0.00765734 -0.17659278  0.07845291  0.22896461 -0.1952006  -0.14503579
 -0.17190722  0.03206243 -0.02003589 -0.05920419 -0.01441881  0.04738919
 -0.03332427 -0.16178165 -0.04241679 -0.01642176 -0.05373276 -0.08026902
 -0.06195179 -0.03640842 -0.02738761  0.10832106  0.10545908 -0.06343645
  0.032417   -0.01951478  0.02188002  0.12190053 -0.03196417 -0.08972749
  0.08741428  0.13477827  0.01287413 -0.01727055  0.03042574  0.05900038
 -0.16465218 -0.10998966 -0.10763508  0.09160473  0.14390474  0.07655193
 -0.4378005 ]",55,55,"(np.int32(1), np.int32(0), np.int32(1), np.int32(1), np.int32(1), np.int32(1), np.int32(0), np.int32(1), np.int32(1), np.int32(1))",1.2657909622318934e+58
205,10,2,4,1.2850743363565766,"[ 0.09738807  0.01732203  0.03876221  0.09711431 -0.26920392 -0.09918496
  0.08493009 -0.20264013 -0.52253737  0.1675494   0.03358973  0.1095229
  0.05414834 -0.1691686   0.04757586  0.13854387 -0.20799517 -0.17233147
 -0.22213439  0.09650537  0.0301735  -0.15650014 -0.0488425   0.09233707
 -0.0480562  -0.19897481  0.00747783 -0.01574398 -0.09879794 -0.03701997
 -0.02780863 -0.08275934 -0.0150759   0.1628391   0.1000298   0.0024309
  0.0036012  -0.01990143  0.0477766   0.12595909 -0.01617456 -0.05589274
  0.06646621  0.11619511 -0.01368969 -0.01310065  0.06284176  0.00377417
 -0.14731171 -0.06267782 -0.10082384  0.11852557  0.1339313   0.12084845
 -0.49145119]",55,55,"(np.int32(1), np.int32(0), np.int32(1), np.int32(1), np.int32(1), np.int32(1), np.int32(0), np.int32(1), np.int32(1), np.int32(1))",1.2657909622318934e+58
225,10,2,4,1.2514878660000064,"[ 0.06589745 -0.04422015  0.01892053  0.0649408  -0.17796913 -0.08838285
  0.07504567 -0.18623298 -0.5326297   0.15882818  0.01011792  0.12870317
  0.05130229 -0.15431565  0.05422112  0.10873793 -0.1686908  -0.1606105
 -0.25621566  0.04963666  0.0151944  -0.18753934 -0.07104715  0.09569251
 -0.02893538 -0.20109806  0.0419993   0.0226476  -0.0802036  -0.0814313
  0.01839146 -0.00067675 -0.03272016  0.15323763  0.07612401 -0.02479465
  0.00786672  0.01810018  0.03848074  0.08613313  0.02938798 -0.06881829
  0.0714251   0.06685432 -0.00338652 -0.01831571  0.03524481 -0.04338841
 -0.06421423 -0.07214188 -0.09621837  0.09558285  0.13395813  0.07137725
 -0.43649613]",55,55,"(np.int32(1), np.int32(0), np.int32(1), np.int32(1), np.int32(1), np.int32(1), np.int32(0), np.int32(1), np.int32(1), np.int32(1))",1.2657909622318934e+58
245,10,2,4,1.2168696996476742,"[ 0.0898997  -0.03076033 -0.07758063  0.02509678 -0.13179605 -0.03406677
  0.05383518 -0.13434654 -0.57870698  0.18695677  0.09581322  0.14196443
  0.08227972 -0.13472185  0.02846856  0.07323787 -0.18136674 -0.1291943
 -0.18039106  0.03237942  0.02617182 -0.13788905 -0.03812749  0.03881458
 -0.04056772 -0.19942478  0.11225988  0.00885955 -0.0938244  -0.07867696
 -0.03610907 -0.05417395 -0.06615347  0.16225387  0.0609313  -0.06624637
  0.01873786  0.00733208  0.06627553  0.15929378  0.00534842 -0.06689055
  0.07440656  0.10837353  0.01239191  0.00994501  0.06688753 -0.03592696
 -0.01466955 -0.05213255 -0.17951369  0.07445791  0.13978871  0.02654645
 -0.45744387]",55,55,"(np.int32(1), np.int32(0), np.int32(1), np.int32(1), np.int32(1), np.int32(1), np.int32(0), np.int32(1), np.int32(1), np.int32(1))",1.2657909622318934e+58
265,10,2,4,1.1837745270023285,"[ 0.09567541 -0.01612349 -0.05015556 -0.02133668 -0.16135783 -0.07685987
  0.05033227 -0.15256357 -0.52446953  0.13006072  0.05803926  0.09025272
  0.05970108 -0.12691665  0.03133294  0.0488601  -0.14848158 -0.10760652
 -0.16637124 -0.00644207 -0.0024652  -0.13519999 -0.04234941  0.04834508
 -0.05834992 -0.1539938   0.11566402  0.04419032 -0.06576881 -0.06595654
 -0.05067651 -0.0219797  -0.07040144  0.17424042  0.02208626 -0.09901568
 -0.02656427  0.02615444  0.08790463  0.08737648 -0.01917649 -0.07467097
  0.07174549  0.11931648 -0.04504495  0.00609144  0.00414742  0.01767182
 -0.05208412 -0.0803985  -0.11846348  0.04843726  0.13366003  0.02641647
 -0.45318826]",55,55,"(np.int32(1), np.int32(0), np.int32(1), np.int32(1), np.int32(1), np.int32(1), np.int32(0), np.int32(1), np.int32(1), np.int32(1))",1.2657909622318934e+58
285,10,2,4,1.157345114524724,"[-0.00529906 -0.00843047 -0.01160568  0.02271694 -0.10646211 -0.13324403
  0.03248446 -0.09476973 -0.5019776   0.15396399  0.04591891  0.10986
  0.07972042 -0.076107   -0.01701284  0.04287482 -0.13916138 -0.10105972
 -0.13077755  0.04123035  0.04506519 -0.16251611 -0.08768791  0.01228197
 -0.07209942 -0.15668707  0.05961947  0.08545823 -0.11039744 -0.07428006
 -0.05475525 -0.04410629 -0.08401042  0.12150231 -0.03677192 -0.11477675
 -0.04619788  0.00155136  0.08164899  0.0491128   0.04999247 -0.04568827
  0.05826153  0.09473955 -0.06665852  0.01088281  0.0385269   0.01525142
 -0.02317368 -0.0337534  -0.05827385  0.04699416  0.08562862  0.04467624
 -0.44202985]",55,55,"(np.int32(1), np.int32(0), np.int32(1), np.int32(1), np.int32(1), np.int32(1), np.int32(0), np.int32(1), np.int32(1), np.int32(1))",1.2657909622318934e+58
305,10,2,4,1.1408038792570907,"[ 0.00151306 -0.01134152 -0.0205652   0.00603615 -0.06951233 -0.11162521
  0.03111679 -0.10854285 -0.50917282  0.15320485  0.0153641   0.08888965
  0.08910685 -0.04100975  0.00340225  0.0279502  -0.13194575 -0.08765616
 -0.11564104  0.04167271 -0.00081273 -0.14909034 -0.094762    0.03092181
 -0.07207423 -0.12916714  0.05010732  0.04108796 -0.09532037 -0.04271862
 -0.0114034  -0.07286833 -0.06516707  0.11825454 -0.03403474 -0.08744098
 -0.02951121  0.02574587  0.08275249  0.07273239  0.03151335 -0.03103712
  0.06344795  0.10279461 -0.03527833 -0.01821859  0.03750995  0.01073328
  0.00352528 -0.05926121 -0.05333648  0.00659381  0.02789513  0.04669459
 -0.47413547]",55,55,"(np.int32(1), np.int32(0), np.int32(1), np.int32(1), np.int32(1), np.int32(1), np.int32(0), np.int32(1), np.int32(1), np.int32(1))",1.2657909622318934e+58
325,10,2,4,1.1705699612450933,"[ 0.01065527 -0.02201835 -0.0318884   0.01098862 -0.09791101 -0.11794522
 -0.00068389 -0.11289801 -0.48591724  0.1829145   0.03233205  0.07749369
  0.05688207 -0.03584297 -0.00472658  0.02671459 -0.1740907  -0.09491902
 -0.12742294  0.02505055  0.02828308 -0.16648855 -0.07357032  0.00901187
 -0.05542487 -0.08953544  0.05441825  0.01740995 -0.10158437 -0.04105115
 -0.02352848 -0.07156092 -0.00927727  0.10586591 -0.05920651 -0.07490412
  0.00132238  0.03107893  0.07954399  0.12388588  0.02302748 -0.00728119
  0.03152391  0.07157981 -0.02375904 -0.01078796  0.04330324  0.02976023
  0.02231621 -0.04282082 -0.05238923  0.03174681 -0.01031002  0.11007455
 -0.44118609]",55,55,"(np.int32(1), np.int32(0), np.int32(1), np.int32(1), np.int32(1), np.int32(1), np.int32(0), np.int32(1), np.int32(1), np.int32(1))",1.2657909622318934e+58
345,10,2,4,1.1649578577717314,"[ 0.03455752 -0.02505524 -0.03041022  0.0138774  -0.09351066 -0.12903492
 -0.02439046 -0.13222333 -0.51308796  0.199085    0.04176609  0.09978635
  0.08298987 -0.02497555  0.00770142  0.02039001 -0.14839161 -0.08696739
 -0.10881782  0.04996946  0.01059883 -0.16934603 -0.08405065  0.0118676
 -0.06500588 -0.07450789  0.07814224 -0.00176553 -0.11120597 -0.02816201
 -0.05506187 -0.08127352 -0.00960315  0.10994916 -0.05985674 -0.08155256
 -0.0093726   0.01893281  0.05062744  0.13033176  0.02024799 -0.02153443
  0.0306571   0.05117169 -0.00767924 -0.03061243  0.02866425 -0.00282512
  0.03850819 -0.06412198 -0.05129477  0.02245405 -0.01583845  0.07646478
 -0.46246416]",55,55,"(np.int32(1), np.int32(0), np.int32(1), np.int32(1), np.int32(1), np.int32(1), np.int32(0), np.int32(1), np.int32(1), np.int32(1))",1.2657909622318934e+58
365,10,2,4,1.1491626725249509,"[ 7.12232546e-02 -3.01522041e-03 -4.06329788e-02  1.70882315e-02
 -4.88889256e-02 -8.53082930e-02 -5.75444254e-02 -1.11358699e-01
 -5.06776895e-01  1.53484484e-01  9.39606043e-02  9.39616536e-02
  6.26215277e-02 -2.20042138e-02  1.86073941e-02 -2.98677303e-04
 -1.37302324e-01 -9.21758254e-02 -1.20475340e-01  3.13222757e-02
  2.00777417e-02 -1.47734875e-01 -3.06691831e-02 -3.39562348e-02
 -3.30589024e-02 -6.66166710e-02  4.20506218e-02 -2.07747900e-02
 -1.14155693e-01 -2.59685521e-02 -6.75157994e-02 -6.15250205e-02
 -7.41719308e-03  1.28763885e-01 -4.06045793e-02 -1.00970495e-01
 -1.27465213e-02 -8.68105817e-03  3.12836644e-02  1.32930839e-01
  1.32128626e-02 -4.90604079e-02  3.54641282e-02  3.16173022e-02
  2.98607328e-03 -3.03575702e-02  3.02924507e-02 -2.82015986e-02
  3.11658987e-02 -5.88579063e-02 -1.24299877e-02  2.46434966e-02
 -2.41271230e-02  6.84791909e-02 -4.62984158e-01]",55,55,"(np.int32(1), np.int32(0), np.int32(1), np.int32(1), np.int32(1), np.int32(1), np.int32(0), np.int32(1), np.int32(1), np.int32(1))",1.2657909622318934e+58
385,10,2,4,1.1556039320005633,"[ 0.05772227 -0.00116433 -0.04997263 -0.00597747 -0.03217861 -0.08852195
 -0.08533178 -0.08169039 -0.48530001  0.14800978  0.06932223  0.08621463
  0.04902384  0.00498946  0.01319099 -0.03225759 -0.11909483 -0.05942915
 -0.12510891  0.03519772  0.0124495  -0.12142052 -0.03842339 -0.04243817
 -0.01256494 -0.05079056  0.03260421 -0.0550042  -0.09958755 -0.00344563
 -0.05061959 -0.03516233  0.00609989  0.09829904 -0.04488087 -0.08149985
 -0.02963406  0.00225719  0.05863623  0.11557133  0.01806724 -0.01719613
  0.03467194  0.01149489 -0.00568808 -0.02798774  0.01962883 -0.02528073
  0.04380022 -0.04328478  0.01782424  0.00495256 -0.04799     0.0825832
 -0.45126324]",55,55,"(np.int32(1), np.int32(0), np.int32(1), np.int32(1), np.int32(1), np.int32(1), np.int32(0), np.int32(1), np.int32(1), np.int32(1))",1.2657909622318934e+58
405,10,2,4,1.151593430833752,"[ 0.03241776 -0.00860669 -0.05517136  0.00286687 -0.03101285 -0.06582179
 -0.10733261 -0.0847757  -0.49885722  0.11255134  0.06030665  0.05821778
  0.0387619   0.00760235  0.01710113 -0.03558084 -0.1388538  -0.07749361
 -0.11942346  0.05792579  0.00253496 -0.09765929 -0.05120171 -0.06873997
 -0.02845577 -0.06306957  0.0196756  -0.03441074 -0.09754583  0.0159755
 -0.05495524 -0.05624204 -0.02869855  0.06235762 -0.04331685 -0.06490894
 -0.03678319  0.01416624  0.06400651  0.0952612  -0.01492292 -0.01576481
  0.0436251   0.01481575  0.02499483 -0.02353448  0.0422909   0.01671065
  0.05538326 -0.03543986  0.02230562 -0.00126059 -0.0495551   0.08511744
 -0.46781551]",55,55,"(np.int32(1), np.int32(0), np.int32(1), np.int32(1), np.int32(1), np.int32(1), np.int32(0), np.int32(1), np.int32(1), np.int32(1))",1.2657909622318934e+58
5,10,2,5,1.5233333333333334,"[-0.90277778  0.          0.          0.06944444  0.48611111  0.
  0.          0.         -0.06944444  0.          0.          0.
  0.          0.          0.          0.          0.          0.
  0.          0.          0.          0.          0.          0.
  0.          0.          0.          0.          0.          0.
  0.          0.          0.          0.          0.          0.
  0.          0.          0.          0.          0.          0.
  0.          0.          0.          0.          0.          0.
  0.          0.          0.          0.          0.          0.
  0.        ]",4,4,"(np.int32(1), np.int32(0), np.int32(1), np.int32(1), np.int32(1), np.int32(1), np.int32(0), np.int32(1), np.int32(1), np.int32(1))",1.2657909622318934e+58
25,10,2,5,9.034729295247078e+24,"[-3.22213822e+18  4.03046448e+18 -4.69432278e+23  3.91863910e+17
  4.53358935e+22 -1.82580186e+24  1.82668004e+21 -2.06317368e+24
  1.06962283e+18  7.50524065e+23  7.55600020e+23  1.06044576e+23
  4.60517240e+17  3.64304583e+24 -4.30286525e+24 -1.95695602e+24
  9.66092622e+23  3.20525253e+24  3.88054036e+24 -7.75992266e+23
  2.13220511e+24  2.82575151e+19 -1.97830849e+21 -1.91348143e+19
  7.10847787e+23 -1.30870162e+24 -8.32107019e+20  1.97607481e+16
  2.55752347e+24 -9.08383833e+23  2.38923368e+24 -3.98535786e+21
  1.31754455e+17  8.80143451e+23  4.12232214e+22  1.46320742e+22
 -5.76161793e+17  2.17336771e+24 -1.45846818e+22  1.08637784e+20
 -4.56697510e+20 -1.32390067e+24  6.03680908e+23  4.27214670e+23
  3.42302338e+24 -8.83874645e+23 -8.03734338e+22  5.39184824e+23
  8.83921968e+23  7.23731251e+19  8.04996296e+16 -9.66720686e+21
  8.33023240e+23 -5.11188747e+18 -1.13895084e+16]",55,71,"(np.int32(1), np.int32(0), np.int32(1), np.int32(1), np.int32(1), np.int32(1), np.int32(0), np.int32(1), np.int32(1), np.int32(1))",1.2657909622318934e+58
45,10,2,5,1354390155169504.5,"[ 6.25623618e+13  2.29033367e+14 -1.53443304e+14 -1.12878921e+12
 -2.06511727e+14  1.13125095e+11 -6.97140702e+13  3.51674533e+14
 -2.68540063e+14 -3.96198215e+13  7.95347893e+11  1.41906297e+13
  1.66529743e+14 -1.29234697e+14 -1.91797059e+14 -1.61773750e+14
  1.05755551e+14  2.44719675e+13 -1.49969489e+14  9.74664330e+13
 -3.42434148e+14  2.26021093e+14  4.42250947e+14  2.31787641e+14
 -3.25837892e+14 -9.32549028e+13 -6.61908187e+11 -1.03886996e+14
 -1.61541386e+14  1.06189922e+14 -2.80494105e+12 -1.03384980e+14
 -3.28014962e+11  0.00000000e+00  1.48924145e+14  2.93385347e+13
  2.79584668e+14 -1.40704976e+14 -3.51050831e+13 -6.66107156e+13
 -1.58367222e+14  1.62937657e+14  5.19945586e+14  1.70275310e+14
  5.12091898e+14  5.57631594e+14  1.50947468e+14  2.32403198e+14
  1.16307873e+13  2.23904312e+14 -2.02494011e+14  4.03450180e+11
  2.05196605e+14  2.63906069e+14 -3.72534920e+14]",54,68,"(np.int32(1), np.int32(0), np.int32(1), np.int32(1), np.int32(1), np.int32(1), np.int32(0), np.int32(1), np.int32(1), np.int32(1))",1.2657909622318934e+58
65,10,2,5,22.310447234529892,"[-2.25714415  1.23387477 -2.35939384  4.34694857 -2.61425989 -0.45327578
 -1.47485862  5.49162524 -6.77492686 -0.66597039 -0.11747549 -2.05767917
 -1.85513114 -0.01359644 -3.76830137  0.77646242  2.82925868 -1.02575939
 -0.41680336 -1.25489331  4.42103385 -2.70226001  2.54047763 -0.76630868
 -1.46363216 -3.95242767  1.92429496  0.02198932 -3.40813408  1.3671667
 -3.83846352 -0.50423138  0.32286681 -7.18066254  0.94342362  1.66264438
  8.38665012 -5.33852368 -2.26936831 -1.20558061  3.37693222 -3.17648529
  3.09829014 -0.34592693  5.89330621  5.80146703 -2.73200223 -2.18790246
 -2.67484789  4.4481679  -3.96377537  0.52061631  4.89282515  6.40964836
  1.66144213]",55,64,"(np.int32(1), np.int32(0), np.int32(1), np.int32(1), np.int32(1), np.int32(1), np.int32(0), np.int32(1), np.int32(1), np.int32(1))",1.2657909622318934e+58
85,10,2,5,11.416271469943275,"[-1.31294923  1.13781732  2.79497306 -0.07977544  0.13473925 -2.1391476
 -2.85047346 -1.96204454 -1.78114271  0.87456059  1.69945412  0.19643972
  0.21755908 -2.82817854 -1.39894364 -0.85022873 -1.42668326 -0.59533723
 -0.55559363  2.83897153  0.73775701  1.34529195  0.54030957 -1.28281893
  0.39931465  1.62024713 -3.03361213  3.32012437 -4.47218117  1.30931274
  3.25392205  0.804841   -3.31907487  1.89397548  0.74237381 -1.03544754
 -0.87792388 -1.78753084  2.15847935 -2.61335635 -0.98990007  3.62925458
  3.36194828  0.02426696  0.04932141  0.9245189  -0.06231293  0.81993624
  2.59700819 -0.93799729  1.76580877 -0.10328192  2.92877671 -2.28166638
 -1.42968983]",55,75,"(np.int32(1), np.int32(0), np.int32(1), np.int32(1), np.int32(1), np.int32(1), np.int32(0), np.int32(1), np.int32(1), np.int32(1))",1.2657909622318934e+58
105,10,2,5,1.4393875348510994,"[-0.21050271  0.0996574   0.10856764 -0.13921273  0.06721839 -0.14048952
 -0.41313335 -0.03004271 -0.42202656  0.07016155 -0.02654417 -0.16036783
 -0.03700658 -0.22001169 -0.26124617 -0.11392693 -0.15377535 -0.12869654
 -0.30493672  0.24116379  0.0996752   0.22754644  0.03704784  0.01255804
  0.02805471  0.06780332 -0.0432511   0.08700026 -0.19668026  0.08638136
  0.17046753 -0.04776942  0.02803839  0.1290097   0.18444222 -0.1577713
 -0.08789045 -0.03742658 -0.10373588 -0.16802848  0.03133851  0.12762341
  0.20107671 -0.354495   -0.2062931  -0.0848074  -0.20201419  0.12003853
  0.31647824 -0.02840941  0.24990559  0.04936837  0.06225831  0.01639335
 -0.49461509]",55,56,"(np.int32(1), np.int32(0), np.int32(1), np.int32(1), np.int32(1), np.int32(1), np.int32(0), np.int32(1), np.int32(1), np.int32(1))",1.2657909622318934e+58
125,10,2,5,1.4360574171119413,"[-0.19126183 -0.04460397  0.13600695 -0.06522743 -0.05516773 -0.26461022
 -0.55828155  0.0174037  -0.39606459  0.01059375 -0.19373287 -0.02043095
  0.0807302  -0.18421145  0.00613543 -0.14623531 -0.09985239 -0.19507566
 -0.24545094  0.2319349  -0.09852885  0.12760687 -0.11063681  0.07713671
 -0.04479922 -0.05495093 -0.0301177   0.09840253 -0.08196571  0.24718055
  0.25384478  0.02795234  0.15620436  0.22145078  0.10258521 -0.14344879
 -0.10287782  0.06364506 -0.03234714 -0.05110456 -0.04560291 -0.06147287
  0.13852628 -0.27610377 -0.21551616 -0.23378501 -0.0882231   0.26102106
  0.26387091  0.06392846  0.25743818 -0.05508104 -0.0488045   0.09698261
 -0.43405248]",55,56,"(np.int32(1), np.int32(0), np.int32(1), np.int32(1), np.int32(1), np.int32(1), np.int32(0), np.int32(1), np.int32(1), np.int32(1))",1.2657909622318934e+58
145,10,2,5,1.4138714813028326,"[-0.06803878 -0.00381298  0.13770832 -0.17227684 -0.00304623 -0.2593127
 -0.42818616 -0.12654523 -0.50281299  0.15239137  0.03126674  0.04442841
  0.12370815 -0.16306332  0.00172657 -0.04023126 -0.08849673 -0.08327042
 -0.29895331  0.10102264  0.13017449  0.08591289 -0.15179276 -0.05088776
 -0.06718993 -0.14990015  0.07001945  0.15238708 -0.16833909  0.24728087
  0.090762   -0.0593635   0.0957399   0.16444214  0.09734836 -0.0318376
 -0.06183681  0.1225336  -0.00809579 -0.16292365 -0.17756337  0.02352167
  0.20485758 -0.31426879 -0.16110941 -0.25008488 -0.23763469  0.23294152
  0.19217879 -0.1710468   0.14757513  0.11542418  0.05214926  0.06339196
 -0.46168928]",55,57,"(np.int32(1), np.int32(0), np.int32(1), np.int32(1), np.int32(1), np.int32(1), np.int32(0), np.int32(1), np.int32(1), np.int32(1))",1.2657909622318934e+58
165,10,2,5,1.297503088710364,"[ 0.0084065   0.04989739  0.11951757 -0.03926992 -0.06742275 -0.18244781
 -0.35863179 -0.08785343 -0.49375878  0.18169765  0.19028976 -0.00252009
  0.0323362  -0.18680606  0.05280801  0.07269019 -0.18058575 -0.08488177
 -0.14997915  0.04187881 -0.03473779 -0.00586506 -0.00329027  0.01173109
 -0.01214861 -0.07479606  0.00652315  0.11203929 -0.14797999  0.17411936
  0.0252159  -0.1017057  -0.04118458  0.28665426  0.11529725 -0.10357659
 -0.05660695  0.03113759  0.04760429  0.03347831 -0.20101498 -0.01797751
  0.20149799 -0.18238842 -0.17365042 -0.18151665 -0.10590387  0.13395749
  0.15165128  0.04024799  0.08398622  0.02816295  0.07827049  0.06481237
 -0.43742075]",55,55,"(np.int32(1), np.int32(0), np.int32(1), np.int32(1), np.int32(1), np.int32(1), np.int32(0), np.int32(1), np.int32(1), np.int32(1))",1.2657909622318934e+58
185,10,2,5,1.273503660814308,"[ 0.04642803  0.06445345  0.08409173 -0.07541899 -0.06391243 -0.14127779
 -0.24357382 -0.07390423 -0.43940505  0.24886283  0.11630795 -0.01118672
  0.11517273 -0.12953301  0.07053748  0.07217165 -0.12252185 -0.07249145
 -0.17391769  0.06825687 -0.01886067 -0.03909937  0.01267024  0.00222539
 -0.06401041 -0.14073226  0.05545743  0.00658027 -0.09392446  0.12074062
 -0.02250822 -0.07436581 -0.00710176  0.17250238  0.05595801 -0.13455384
 -0.08177153  0.10366119  0.0795663   0.10223377 -0.09226905  0.0311463
  0.10078494 -0.16715815 -0.14695141 -0.1683422  -0.11579741  0.13108734
  0.10635613 -0.11778447  0.10293814  0.050733    0.05603634  0.06879505
 -0.41895987]",55,55,"(np.int32(1), np.int32(0), np.int32(1), np.int32(1), np.int32(1), np.int32(1), np.int32(0), np.int32(1), np.int32(1), np.int32(1))",1.2657909622318934e+58
205,10,2,5,1.2547816636824103,"[ 0.06953674  0.04597966  0.09980371 -0.05845982 -0.07225113 -0.12116313
 -0.26497571 -0.05641494 -0.39938066  0.26654426  0.12997991 -0.00097306
  0.11485708 -0.04463818 -0.00995088  0.04263117 -0.15617703 -0.04149776
 -0.11275344  0.02517474 -0.03183521 -0.04482671 -0.03466948 -0.00626308
 -0.00705502 -0.11974015  0.06262421 -0.00630185 -0.1441789   0.1537351
 -0.04762003 -0.0557854   0.03963921  0.10306654  0.02322128 -0.09085666
 -0.05604975  0.08533261  0.07979348  0.11227096 -0.08735981  0.02047967
  0.14211345 -0.17131746 -0.12071255 -0.1607417  -0.11413394  0.11331059
  0.08961208 -0.04986576  0.09896239  0.0558216   0.05269324  0.11369857
 -0.4282619 ]",55,55,"(np.int32(1), np.int32(0), np.int32(1), np.int32(1), np.int32(1), np.int32(1), np.int32(0), np.int32(1), np.int32(1), np.int32(1))",1.2657909622318934e+58
225,10,2,5,1.2174571393962597,"[ 0.08505904  0.05912374  0.07332471 -0.00050098 -0.04839505  0.00740043
 -0.11684344 -0.008402   -0.476209    0.18709148  0.08913971  0.04216853
  0.11433193 -0.08383736  0.00937154  0.0304004  -0.14219424 -0.07443356
 -0.20762537  0.04040595 -0.02304653 -0.10898526  0.00379546 -0.01010727
  0.00219593 -0.13298922  0.08061297 -0.00749762 -0.17465571  0.09712301
 -0.00082224 -0.01292036  0.07028981  0.12065764  0.00812333  0.00048128
  0.02429482  0.13214067  0.02900599  0.04136477 -0.08327224 -0.0337496
  0.03127372 -0.1136643  -0.08580783 -0.07953593 -0.08076745  0.03187237
  0.05181815 -0.02446601  0.02481723  0.07926829  0.0278585   0.10761601
 -0.44379704]",55,55,"(np.int32(1), np.int32(0), np.int32(1), np.int32(1), np.int32(1), np.int32(1), np.int32(0), np.int32(1), np.int32(1), np.int32(1))",1.2657909622318934e+58
245,10,2,5,1.196622727456633,"[ 0.07909056  0.02520806  0.04586641 -0.01575097  0.03128965  0.02217883
 -0.02021631 -0.07407851 -0.48843735  0.1541538   0.05110782  0.07236739
  0.10560404 -0.02137797  0.00197891  0.05676565 -0.15249465 -0.05331615
 -0.24190395  0.00916971 -0.03861269 -0.09443653 -0.02327999 -0.00843552
  0.03171924 -0.14132362  0.06270344  0.00952317 -0.15860503  0.05975352
  0.01897143 -0.01384384  0.06904426  0.10421183  0.03284045  0.01806709
  0.04958301  0.10826681 -0.01239279  0.05634043 -0.00295169 -0.03468347
  0.00390991 -0.08251202 -0.0777499  -0.03886492 -0.11153255  0.00742756
  0.01973069 -0.04857091  0.0294615   0.10951367  0.06634918  0.08048886
 -0.46043772]",55,55,"(np.int32(1), np.int32(0), np.int32(1), np.int32(1), np.int32(1), np.int32(1), np.int32(0), np.int32(1), np.int32(1), np.int32(1))",1.2657909622318934e+58
265,10,2,5,1.1783676952748332,"[ 0.11141632  0.00516745  0.01253145 -0.0151552   0.07620257 -0.00480668
 -0.03295791 -0.03691406 -0.50874016  0.18926465  0.08973893  0.07159481
  0.08745989 -0.02047772  0.04666636  0.07487665 -0.14503132 -0.08397917
 -0.20093004  0.00193958 -0.01559727 -0.06204255 -0.04207635 -0.06570234
  0.04286983 -0.10355318  0.04455384 -0.00360411 -0.14495688  0.07241662
  0.03801261  0.01212754  0.03868366  0.12477608  0.01326379  0.00740027
  0.0208003   0.1052083   0.00290327  0.09159563  0.02552489 -0.01257963
  0.01487404 -0.08634261 -0.09256024 -0.03819169 -0.05435878 -0.00301362
  0.0105057  -0.05640684  0.03973719  0.06341363  0.05204472  0.09656741
 -0.44120758]",55,55,"(np.int32(1), np.int32(0), np.int32(1), np.int32(1), np.int32(1), np.int32(1), np.int32(0), np.int32(1), np.int32(1), np.int32(1))",1.2657909622318934e+58
285,10,2,5,1.1599439254431088,"[ 9.28309663e-02  3.48698013e-02  2.70887981e-02  4.60132343e-03
  6.10394414e-02 -2.34631503e-02 -1.22598017e-02 -7.27045204e-02
 -5.70728852e-01  1.61442459e-01  9.65622791e-02  7.79036496e-02
  9.65809474e-02 -4.32786130e-02  6.99147015e-02  6.19723565e-02
 -1.32342807e-01 -6.07910389e-02 -1.61848079e-01  4.84312417e-02
  1.93190011e-02 -8.70084225e-02 -6.23477177e-02 -6.67496757e-02
  2.93634427e-02 -1.01414256e-01  3.64785412e-02  2.44432080e-02
 -1.30665388e-01  7.61443927e-02  4.42086433e-02 -4.12325759e-02
 -3.25309685e-02  1.22910270e-01 -1.18042963e-02  2.09321367e-02
  1.46945249e-02  6.69382331e-02 -3.28133370e-02  7.28326493e-02
  2.75211816e-02  7.68938392e-05  6.75224661e-02 -4.36007722e-02
 -5.90338185e-02 -7.25380004e-02 -3.61168100e-02  1.89514826e-02
  3.98294791e-02 -6.69522488e-02  3.09034664e-02  6.81455689e-02
  6.42414090e-02  8.79887651e-02 -4.26487487e-01]",55,55,"(np.int32(1), np.int32(0), np.int32(1), np.int32(1), np.int32(1), np.int32(1), np.int32(0), np.int32(1), np.int32(1), np.int32(1))",1.2657909622318934e+58
305,10,2,5,1.162230616463827,"[ 0.10323907  0.0405119   0.01493689  0.00365633  0.06912524 -0.03479581
 -0.05471963 -0.08678506 -0.60405835  0.15925021  0.10992065  0.1017769
  0.11662246 -0.03610696  0.06539291  0.0480687  -0.12116572 -0.07591936
 -0.14423262  0.05735404 -0.00113938 -0.07472236 -0.03299662 -0.0272025
  0.00813842 -0.09059498  0.01154325  0.02289454 -0.11557197  0.08806864
  0.04325201 -0.02251385 -0.07302413  0.09686111 -0.00629179  0.03361638
  0.03301565  0.05712161 -0.06966915  0.04253418  0.02427634 -0.02998006
  0.05676961 -0.04220228 -0.06655917 -0.10110065 -0.05678854  0.00843014
  0.0510143  -0.10793704  0.05518869  0.06977788  0.04015766  0.08775137
 -0.4511865 ]",55,55,"(np.int32(1), np.int32(0), np.int32(1), np.int32(1), np.int32(1), np.int32(1), np.int32(0), np.int32(1), np.int32(1), np.int32(1))",1.2657909622318934e+58
325,10,2,5,1.1656570318182673,"[ 8.38066589e-02  2.81907800e-02 -1.81524555e-02 -1.86434551e-02
  2.91643156e-02 -5.94964360e-02 -6.34007816e-02 -5.53768367e-02
 -5.83147685e-01  1.71185443e-01  5.99487684e-02  5.18593616e-02
  7.98667300e-02 -4.12517416e-02  4.29433750e-02 -1.24173050e-04
 -1.38772953e-01 -6.69404143e-02 -1.41766842e-01  3.93507730e-02
 -1.60735732e-02 -1.24423787e-01 -5.37844471e-02 -3.63879300e-02
  2.89273266e-02 -9.09013747e-02  1.36757986e-02 -2.13608645e-02
 -1.49104737e-01  4.01898237e-02  3.32696777e-02  1.12014033e-02
 -7.53550404e-02  8.49663542e-02 -4.54506723e-02 -2.69402720e-02
  4.78720299e-04  8.87605062e-02 -3.80577024e-02  2.34029477e-02
 -2.40429235e-03 -2.75410308e-02  6.21688565e-02 -4.18729813e-02
 -6.84970571e-02 -9.68172022e-02 -6.25796575e-02  4.32316616e-02
  6.35033973e-02 -1.35489926e-01  4.09461541e-02  5.23321262e-02
 -1.43021218e-02  4.77177670e-02 -4.54999890e-01]",55,55,"(np.int32(1), np.int32(0), np.int32(1), np.int32(1), np.int32(1), np.int32(1), np.int32(0), np.int32(1), np.int32(1), np.int32(1))",1.2657909622318934e+58
345,10,2,5,1.15210327584632,"[ 8.37248696e-02  1.07575202e-02 -2.81404863e-02 -2.49750803e-02
  1.74521782e-02 -5.49439453e-02 -1.02502813e-01 -4.21075277e-02
 -5.38672900e-01  1.32323752e-01  6.84198610e-02  3.56103591e-02
  5.10980202e-02  6.87187578e-04  6.63676820e-02 -1.09555062e-02
 -1.09705970e-01 -6.62105652e-02 -1.43358377e-01  4.69856831e-02
 -4.23547623e-02 -1.22119986e-01 -3.02463298e-02 -5.06257233e-02
  4.36383551e-02 -5.38161144e-02 -3.53017314e-02 -2.55804872e-02
 -1.51303725e-01  4.53711634e-02  9.17531281e-03  1.79002744e-02
 -5.86681634e-02  6.36514282e-02 -8.15738025e-02 -2.87343998e-02
  8.66150995e-03  6.19389825e-02 -1.59890561e-02  3.33115012e-02
  1.98639872e-02  2.59830891e-02  6.29685095e-02 -3.89142824e-04
 -3.53451553e-02 -9.17069503e-02 -4.25019402e-02  3.92405419e-02
  6.95608114e-02 -9.17505527e-02  5.06884389e-02  2.25193442e-02
  1.10840425e-02  8.94492944e-02 -4.54945175e-01]",55,55,"(np.int32(1), np.int32(0), np.int32(1), np.int32(1), np.int32(1), np.int32(1), np.int32(0), np.int32(1), np.int32(1), np.int32(1))",1.2657909622318934e+58
365,10,2,5,1.170806791267107,"[ 0.08352839  0.00517695 -0.03887628 -0.02477396  0.01875891 -0.06328334
 -0.10265177 -0.04579176 -0.52561603  0.15709479  0.05173349  0.03191849
  0.02696785 -0.00343355  0.06468961  0.00370394 -0.11452691 -0.04954131
 -0.16276842  0.03099515 -0.02884508 -0.12447677 -0.07310744 -0.06556448
  0.02030144 -0.03380023 -0.00351394 -0.04644541 -0.14449048  0.03145635
 -0.01571843  0.00086535 -0.05500457  0.06680134 -0.09402636 -0.05234254
 -0.02492446  0.04500413  0.00183399  0.07369115  0.00847976  0.00186629
  0.02849483  0.0385605  -0.04014092 -0.07727764 -0.02105421  0.02985902
  0.0520384  -0.09559343  0.05433908  0.01700813 -0.00954183  0.10734368
 -0.44769446]",55,55,"(np.int32(1), np.int32(0), np.int32(1), np.int32(1), np.int32(1), np.int32(1), np.int32(0), np.int32(1), np.int32(1), np.int32(1))",1.2657909622318934e+58
385,10,2,5,1.1457299870710276,"[ 0.0687679   0.01112387 -0.02249615 -0.01192844 -0.00484644 -0.07192034
 -0.09259753 -0.05704076 -0.49120015  0.11670634  0.04466546  0.03907787
  0.03679804 -0.00753423  0.0477671  -0.02377008 -0.11951443 -0.056977
 -0.12196391  0.03541838 -0.00701101 -0.12964272 -0.05668565 -0.06485491
  0.01078633 -0.05035707 -0.00543952 -0.04567161 -0.12845579  0.04203745
 -0.02114625 -0.00972836 -0.03457431  0.02266992 -0.08119754 -0.08090299
 -0.06299669  0.0062798   0.0523634   0.06222563  0.00383019  0.0178329
  0.05576478  0.00088469  0.01664409 -0.04147569  0.01513032  0.01067514
  0.05358188 -0.05656554  0.02548697  0.03072554 -0.0257663   0.09509406
 -0.47070196]",55,55,"(np.int32(1), np.int32(0), np.int32(1), np.int32(1), np.int32(1), np.int32(1), np.int32(0), np.int32(1), np.int32(1), np.int32(1))",1.2657909622318934e+58
405,10,2,5,1.151593430833752,"[ 0.03241776 -0.00860669 -0.05517136  0.00286687 -0.03101285 -0.06582179
 -0.10733261 -0.0847757  -0.49885722  0.11255134  0.06030665  0.05821778
  0.0387619   0.00760235  0.01710113 -0.03558084 -0.1388538  -0.07749361
 -0.11942346  0.05792579  0.00253496 -0.09765929 -0.05120171 -0.06873997
 -0.02845577 -0.06306957  0.0196756  -0.03441074 -0.09754583  0.0159755
 -0.05495524 -0.05624204 -0.02869855  0.06235762 -0.04331685 -0.06490894
 -0.03678319  0.01416624  0.06400651  0.0952612  -0.01492292 -0.01576481
  0.0436251   0.01481575  0.02499483 -0.02353448  0.0422909   0.01671065
  0.05538326 -0.03543986  0.02230562 -0.00126059 -0.0495551   0.08511744
 -0.46781551]",55,55,"(np.int32(1), np.int32(0), np.int32(1), np.int32(1), np.int32(1), np.int32(1), np.int32(0), np.int32(1), np.int32(1), np.int32(1))",1.2657909622318934e+58
