sample_size,n,k,repeat,mae,coefficients,non_zero_coef,num_iter,best_x,predicted_best
5,10,2,1,1.57125,"[-6.25000000e-01  0.00000000e+00  6.25000000e-01  1.25000000e-01
  0.00000000e+00  0.00000000e+00  0.00000000e+00  0.00000000e+00
  0.00000000e+00  0.00000000e+00  0.00000000e+00  0.00000000e+00
  0.00000000e+00  0.00000000e+00  0.00000000e+00  0.00000000e+00
  0.00000000e+00  0.00000000e+00  0.00000000e+00  0.00000000e+00
  0.00000000e+00  0.00000000e+00  0.00000000e+00  0.00000000e+00
  0.00000000e+00  2.22037203e-16  0.00000000e+00  0.00000000e+00
  0.00000000e+00  0.00000000e+00  0.00000000e+00  0.00000000e+00
  0.00000000e+00  0.00000000e+00  0.00000000e+00  0.00000000e+00
  0.00000000e+00  0.00000000e+00  0.00000000e+00  0.00000000e+00
  0.00000000e+00  0.00000000e+00  0.00000000e+00  0.00000000e+00
  0.00000000e+00  0.00000000e+00  0.00000000e+00  0.00000000e+00
  0.00000000e+00  0.00000000e+00  0.00000000e+00  0.00000000e+00
  0.00000000e+00  0.00000000e+00  0.00000000e+00]",4,4,"(np.int32(1), np.int32(1), np.int32(0), np.int32(0), np.int32(0), np.int32(1), np.int32(0), np.int32(1), np.int32(0), np.int32(1))",3.5
25,10,2,1,1.6998961534126458,"[ 0.          0.          0.80399923  0.          0.          0.66265299
  0.          0.3522726   0.          0.         -0.16672017  0.
  0.          0.3028918   0.          0.          0.          0.
  0.          0.4524244   0.03272113  0.          0.         -0.05745368
  0.          0.08128419 -0.66730693  0.15863299  0.          0.
  0.          0.7766508   0.31643159 -0.28689665  0.          0.30472507
  0.         -0.05662196  0.         -0.36172877  0.         -0.09709762
 -0.28514576 -0.06939825  0.          0.          0.          0.13170873
  0.          0.          0.          0.          0.          0.
  0.        ]",21,46,"(np.int32(0), np.int32(0), np.int32(0), np.int32(0), np.int32(0), np.int32(0), np.int32(0), np.int32(0), np.int32(0), np.int32(1))",7.486804854142116
45,10,2,1,1.976533567510852,"[-0.43275983  0.33858444  0.87130455  0.31099822 -0.15743734 -0.07857917
 -0.30673981  0.29905859 -0.01857867  0.          0.4316323   0.26536689
  0.23464995  0.51336296  0.20132326  0.13037635  0.02441817 -0.15775454
 -0.3160963   0.79299669  0.41038951 -0.04453358  0.06343072  0.16478908
  0.0657838   0.77038423  0.          0.62829758 -0.32787462 -0.56136043
  0.          0.          0.          0.0678063   0.          0.08700903
  0.         -0.02475491 -0.03048156 -0.02455518  0.          0.2495435
  0.06276439  0.4024865   0.01248021  0.32474192 -0.3825201   0.
  0.         -0.3718437   0.19070408  0.          0.03130601  0.25443432
  0.        ]",43,81,"(np.int32(1), np.int32(1), np.int32(0), np.int32(0), np.int32(1), np.int32(1), np.int32(1), np.int32(1), np.int32(1), np.int32(0))",9.036716656435415
65,10,2,1,3.4214042756849348,"[ 0.81238152  0.53636531  0.89307409  0.69219603 -0.09878298 -0.69520499
 -1.38884003 -0.26990841 -0.24886896 -0.14497165  0.56779089  0.7789488
  0.86704798  0.18591566 -0.03124976 -0.31543346  0.048514   -0.04934636
 -0.45961567  0.92459346  0.46034872 -0.47615688 -0.24460566  0.35464196
 -0.09219698  0.31273301  0.19487703  1.51464582  0.76443907 -0.36933269
 -0.57926216 -0.04181082  0.08116179 -0.52555181  0.16288395 -0.46374947
 -0.50288404 -0.86003134  0.34525127 -0.27361763  0.93469111 -0.29767982
 -0.45975335  0.43322086 -0.19669725  0.31704403 -0.26699964  0.15049162
 -0.44158848 -0.49307793 -0.07861516  0.71819486  0.05744992  0.23346507
 -0.52494037]",55,79,"(np.int32(0), np.int32(0), np.int32(0), np.int32(0), np.int32(0), np.int32(1), np.int32(0), np.int32(0), np.int32(0), np.int32(0))",18.198035031155037
85,10,2,1,1.4146471616165868,"[-0.2002658   0.26859401  0.54832225  0.24820461  0.18067039 -0.05304228
 -0.1148423   0.14663763  0.25118891 -0.51165304  0.17767933  0.27056148
  0.15320329  0.24768904  0.05920387  0.02834634  0.00387033 -0.07031664
 -0.23743888  0.58970725  0.39947685  0.21221294  0.06052432  0.08436312
 -0.06218148  0.07259549  0.14653531  0.51470011 -0.03516845 -0.09608812
  0.19399427  0.104407    0.17177562 -0.21428765  0.35463704  0.14410569
 -0.0403494  -0.10513361 -0.00087672 -0.25763927 -0.14289709 -0.03084711
 -0.01920883  0.02993625  0.28158004  0.04738993 -0.23413616  0.0652077
 -0.19509738 -0.12925906 -0.04344445  0.04148784  0.05467909 -0.00728134
  0.14325225]",55,57,"(np.int32(0), np.int32(0), np.int32(0), np.int32(0), np.int32(0), np.int32(1), np.int32(0), np.int32(0), np.int32(0), np.int32(0))",18.198035031155037
105,10,2,1,1.3092877152047555,"[-0.46782871  0.08027666  0.23368008  0.08687441  0.03331373 -0.19939507
 -0.08710141  0.09349373  0.19626075 -0.20571621  0.10508926  0.05597423
 -0.01246762  0.20917271  0.02111886  0.02932479  0.03457747  0.05130941
 -0.15844224  0.61060988  0.05834446  0.04444413 -0.00773667 -0.02459876
  0.02128162  0.32104893 -0.12004371  0.14399417 -0.10967778 -0.2099485
  0.23250261  0.20852993  0.33301284 -0.23642583  0.09739442  0.05952172
 -0.21932535 -0.17585617 -0.07213002  0.01765188 -0.05228341  0.12930464
  0.07891375  0.07560595  0.21877488  0.06135855 -0.32372183  0.02193383
 -0.09372946 -0.27311536 -0.12733522  0.0573146   0.17235616 -0.02542778
 -0.01575408]",55,57,"(np.int32(0), np.int32(0), np.int32(0), np.int32(0), np.int32(0), np.int32(1), np.int32(0), np.int32(0), np.int32(0), np.int32(0))",18.198035031155037
125,10,2,1,1.2442560795397437,"[-0.28565773  0.04783997  0.20727776  0.08187753  0.00930769 -0.07717311
  0.05241314  0.16715987  0.26324989 -0.35942313  0.0751365   0.0066498
  0.10622939  0.12214514  0.02626368  0.00430565  0.04936799 -0.04953207
 -0.14158914  0.58622861  0.08384962  0.0807645  -0.11435012 -0.07281235
 -0.0392706   0.23294793 -0.01599446  0.25909242 -0.11236411 -0.17520579
  0.19616574  0.27232271  0.18195975 -0.25884913  0.09310279  0.14379386
 -0.07987526 -0.23484776  0.06505077 -0.09883226 -0.16438292  0.05582315
  0.05017333  0.12403545  0.22144719  0.04619905 -0.27755544  0.06435988
 -0.06297019 -0.24057981 -0.12974039  0.03982731  0.22541671 -0.03554605
  0.04644987]",55,55,"(np.int32(0), np.int32(0), np.int32(0), np.int32(0), np.int32(0), np.int32(1), np.int32(0), np.int32(0), np.int32(0), np.int32(0))",18.198035031155037
145,10,2,1,1.1303372086146708,"[-0.19898763 -0.02909156  0.13816227  0.01130165  0.07412967 -0.05045239
  0.01515254  0.08048325  0.21446976 -0.24092796  0.12528311  0.00230916
  0.13721952  0.07991457 -0.01099364  0.0362143   0.02513439 -0.09881198
 -0.15883092  0.5400896   0.16846324  0.07516425 -0.07926029 -0.02802283
 -0.07422428  0.20119854  0.01196685  0.28374159 -0.07192419 -0.0973466
  0.09225992  0.10903872  0.09283269 -0.14529364  0.09140143  0.06053033
  0.01757001 -0.16294197  0.08546864 -0.0870329  -0.13650607  0.02771042
  0.05837476  0.16351655  0.17309753  0.0564173  -0.21161717  0.14114795
 -0.1408465  -0.22552894 -0.07683211  0.02512797  0.18628015  0.00158062
  0.03245354]",55,55,"(np.int32(0), np.int32(0), np.int32(0), np.int32(0), np.int32(0), np.int32(1), np.int32(0), np.int32(0), np.int32(0), np.int32(0))",18.198035031155037
165,10,2,1,1.0821272515381923,"[-0.21883091  0.10144507  0.13803699  0.04671791  0.11339894  0.05911853
  0.04335077  0.02875582  0.13013132 -0.11724196  0.0216418   0.01813772
  0.0007594   0.03675566 -0.04066956  0.00226063  0.00624828 -0.07040678
 -0.15248905  0.61008155  0.21594809  0.05807653  0.06986881 -0.01272151
 -0.06234788  0.12027655  0.02083676  0.30377936 -0.03653864  0.01274189
  0.10888405  0.0253157   0.10224867 -0.04969903  0.01409107  0.15469025
  0.0600947  -0.11233949 -0.01572576 -0.02904212 -0.10397033  0.08141685
  0.05413292  0.13191709  0.12389956  0.02595439 -0.177282    0.13385445
 -0.14639184 -0.11053771 -0.02515659 -0.11908906  0.14832806  0.01602719
  0.02401984]",55,55,"(np.int32(0), np.int32(0), np.int32(0), np.int32(0), np.int32(0), np.int32(1), np.int32(0), np.int32(0), np.int32(0), np.int32(0))",18.198035031155037
185,10,2,1,1.113080172068157,"[-0.25876479  0.0884486   0.15837749  0.03087419  0.08528277  0.12116754
 -0.01191042  0.04186029  0.01492209  0.00946894 -0.03758629  0.07491872
 -0.11713128 -0.06010126  0.00647921 -0.00120356  0.00840496 -0.04829794
 -0.15476815  0.64626856  0.25760681  0.05364545  0.08226763 -0.08572431
 -0.07468949  0.02797123  0.06723183  0.28268112 -0.04646091  0.03208517
  0.05792501  0.0299463   0.02498704  0.0356919   0.07924392  0.11424539
 -0.01865486 -0.08839283 -0.06415001 -0.00598061 -0.09357946  0.0851602
  0.01604696  0.07758468  0.16781229  0.12693171 -0.18271738  0.17906243
 -0.13573424 -0.13738787 -0.07885981 -0.08990878  0.08585359  0.00332722
 -0.00739567]",55,55,"(np.int32(0), np.int32(0), np.int32(0), np.int32(0), np.int32(0), np.int32(1), np.int32(0), np.int32(0), np.int32(0), np.int32(0))",18.198035031155037
205,10,2,1,1.1378357455552164,"[-0.28905892  0.08004536  0.1809546   0.02660644  0.01591514  0.14592487
 -0.06543853  0.04468292 -0.02373619  0.05202382 -0.06545656  0.02150944
 -0.16718747 -0.08167581 -0.01262183 -0.01974274 -0.04321917 -0.0354757
 -0.0799541   0.63191452  0.29465111  0.05038098  0.10117535 -0.09498628
 -0.10261436  0.00167329  0.07765097  0.30234782 -0.02605211  0.03228766
  0.07473358 -0.02413722  0.00979784  0.03304531  0.03643242  0.12434768
 -0.09890046 -0.05318991 -0.08666769 -0.01237651 -0.0894571   0.02722442
  0.00307562  0.06723127  0.14728669  0.10763257 -0.13417744  0.15930313
 -0.17360058 -0.18243197 -0.06845981 -0.04619229  0.05231035  0.01696947
  0.01480614]",55,55,"(np.int32(0), np.int32(0), np.int32(0), np.int32(0), np.int32(0), np.int32(1), np.int32(0), np.int32(0), np.int32(0), np.int32(0))",18.198035031155037
225,10,2,1,1.1854403059623737,"[-3.15986877e-01  7.83036272e-02  1.93164333e-01  5.68552251e-02
 -1.99682828e-02  1.67625586e-01  3.15622674e-02  1.07496687e-01
 -4.68165683e-02  6.27504865e-02 -6.23242990e-02 -3.60225107e-02
 -2.18548902e-01 -1.10878539e-02 -8.67213751e-02 -5.35471865e-02
 -1.45343124e-02  3.21532803e-04 -8.10872908e-02  6.23710871e-01
  3.04697087e-01  9.43575273e-02  9.99253998e-02 -5.07453229e-03
 -7.00163293e-02 -2.13813764e-03  1.22326082e-01  3.23536929e-01
  4.49950845e-03  6.92036216e-02  1.46699956e-01 -2.42616775e-02
  1.16944723e-02  6.34015008e-02 -1.19195016e-02  1.38517490e-01
 -1.23541115e-02  3.39297481e-02 -1.05004043e-01  4.14713227e-03
 -1.53960412e-01 -4.85069202e-02 -2.04113263e-02  1.01409957e-01
  1.22164429e-01  1.83535719e-01 -6.49983916e-02  1.28174598e-01
 -1.61527040e-01 -1.25108920e-01 -1.02061025e-01 -2.01876297e-02
  2.46402949e-02  6.17948881e-02  1.83801383e-02]",55,55,"(np.int32(0), np.int32(0), np.int32(0), np.int32(0), np.int32(0), np.int32(1), np.int32(0), np.int32(0), np.int32(0), np.int32(0))",18.198035031155037
245,10,2,1,1.1828371783868226,"[-0.27339442  0.06385658  0.18028568  0.04924866 -0.01566357  0.18410005
  0.00242793  0.09861202 -0.03144663  0.07703621 -0.10259617 -0.02751098
 -0.22741251 -0.03300137 -0.07663048 -0.04593096  0.01750867  0.01827226
 -0.04436175  0.65751506  0.29541441  0.1324493   0.10170501  0.00227229
 -0.0728954   0.00309524  0.12936222  0.320939    0.0064492   0.08651771
  0.13923883 -0.05632252 -0.02478637  0.03932377  0.01086529  0.13207515
 -0.02776446  0.03313778 -0.08607268  0.01990763 -0.14666688 -0.01077076
 -0.05760955  0.06777656  0.10312213  0.18631194 -0.03125936  0.11192636
 -0.15298928 -0.12211932 -0.06795858  0.00741987  0.02058562  0.06783666
  0.01003251]",55,55,"(np.int32(0), np.int32(0), np.int32(0), np.int32(0), np.int32(0), np.int32(1), np.int32(0), np.int32(0), np.int32(0), np.int32(0))",18.198035031155037
265,10,2,1,1.1799733612746777,"[-0.3017441   0.0697987   0.18947907  0.06020676 -0.01227015  0.12756389
 -0.02834869  0.05961496  0.00350446  0.06174062 -0.10542534 -0.03580074
 -0.28601006  0.01424442 -0.03613619 -0.03782294  0.02679818  0.010595
  0.00950187  0.64704362  0.32330399  0.08299687  0.05490287 -0.03022949
 -0.03686929  0.02261951  0.07441491  0.37060914 -0.03298454  0.0152169
  0.10897204 -0.02494869 -0.00779809 -0.02498545 -0.03143474  0.13810886
 -0.08375321  0.03110991 -0.06356243  0.0189805  -0.17704031 -0.01357419
 -0.02828853  0.05667837  0.0607159   0.19417978  0.00672775  0.0780622
 -0.13077128 -0.0862563  -0.05163416  0.00684551  0.06091593  0.0717288
 -0.05350055]",55,55,"(np.int32(0), np.int32(0), np.int32(0), np.int32(0), np.int32(0), np.int32(1), np.int32(0), np.int32(0), np.int32(0), np.int32(0))",18.198035031155037
285,10,2,1,1.1768722067933859,"[-0.32019294  0.11053461  0.19380668  0.0602781  -0.00986339  0.11403376
 -0.04919294  0.03242602 -0.01115388  0.06501598 -0.08268174 -0.01071888
 -0.29920384  0.01697108 -0.04181048 -0.05345999  0.02463673  0.05026298
  0.01924089  0.6564061   0.34132944  0.04206473  0.06106752 -0.00735951
 -0.01219995 -0.01451073  0.07328336  0.37300398 -0.03851621  0.00609656
  0.11502048 -0.02271069 -0.03128291  0.01911605 -0.01011573  0.13439843
 -0.09229335  0.03811429 -0.05756997  0.02881972 -0.12961912  0.02646241
 -0.02720413  0.01176601  0.08258007  0.18782247  0.01677308  0.10319866
 -0.13131649 -0.10771108 -0.01452505  0.00787841  0.07815598  0.0936908
 -0.02273073]",55,55,"(np.int32(0), np.int32(0), np.int32(0), np.int32(0), np.int32(0), np.int32(1), np.int32(0), np.int32(0), np.int32(0), np.int32(0))",18.198035031155037
305,10,2,1,1.177272635823623,"[-2.92976337e-01  1.13759995e-01  1.79150867e-01  8.97032873e-02
  2.32932005e-03  1.10562029e-01 -5.04731370e-02  2.85855913e-02
  6.46217359e-03  7.60159246e-02 -6.99942555e-02 -1.88907516e-02
 -2.89123650e-01  3.60860670e-02 -4.96863450e-02 -3.88180785e-02
  1.20396016e-02  6.51666709e-02  3.68319982e-02  6.75091096e-01
  3.47244810e-01  3.36892639e-02  6.39249197e-02  5.27934825e-03
 -1.13185253e-02  2.73329570e-03  6.51218686e-02  3.63347825e-01
 -3.95401032e-02  2.28100975e-03  1.13280182e-01 -2.09840025e-02
 -3.42234334e-02 -1.34876124e-03 -2.28123790e-02  1.38006526e-01
 -6.49487876e-02  7.87372400e-03 -5.21611387e-02  6.42050078e-02
 -1.27104056e-01  2.14121014e-02 -4.18263751e-02  6.50823096e-04
  1.05045556e-01  1.87644259e-01  1.05792780e-02  1.00570445e-01
 -1.13271204e-01 -1.01212127e-01  1.15834212e-02  1.40348863e-02
  4.19161108e-02  8.90826855e-02  3.30781986e-03]",55,55,"(np.int32(0), np.int32(0), np.int32(0), np.int32(0), np.int32(0), np.int32(1), np.int32(0), np.int32(0), np.int32(0), np.int32(0))",18.198035031155037
325,10,2,1,1.1617876722383562,"[-2.42903233e-01  8.01150029e-02  1.75000417e-01  9.95155090e-02
 -9.00732470e-03  9.26140682e-02 -4.66908028e-02  1.35568391e-02
 -1.17122080e-02  7.11905449e-02 -4.88311315e-02 -2.79973833e-02
 -2.71810925e-01  2.95046849e-02 -6.03257555e-02 -3.70546622e-03
  3.22143730e-02  5.17421097e-02  5.99804118e-02  7.01945832e-01
  3.38607114e-01  1.76557213e-02  5.11744541e-02 -6.22335152e-03
 -3.96386900e-02  1.07228834e-02  6.59611535e-02  3.70398655e-01
 -2.95302534e-02  1.25632930e-02  7.88559867e-02 -1.74748207e-02
 -6.29662043e-05 -6.45096453e-03 -3.88403462e-02  1.07012107e-01
 -3.21463470e-02  1.97028856e-02 -7.08480987e-02  7.06436370e-02
 -9.89035913e-02  2.31668609e-02 -4.82625093e-02 -7.91432757e-04
  6.82165414e-02  1.53521099e-01  2.25989131e-02  1.11714975e-01
 -1.09875446e-01 -1.20793891e-01  1.16599605e-02  4.56892718e-02
  3.65746228e-02  7.86616619e-02 -1.69085006e-02]",55,55,"(np.int32(0), np.int32(0), np.int32(0), np.int32(0), np.int32(0), np.int32(1), np.int32(0), np.int32(0), np.int32(0), np.int32(0))",18.198035031155037
345,10,2,1,1.1628054807669852,"[-2.49575005e-01  9.07773472e-02  1.99383191e-01  1.07304910e-01
 -3.60568402e-02  9.10758725e-02 -5.89867582e-02  1.55280419e-03
 -3.08535149e-02  6.09623639e-02 -3.23110776e-02 -1.14342259e-02
 -2.51631328e-01  1.40449537e-02 -4.29998679e-02 -3.19118535e-02
  5.57776899e-02  7.35651249e-02  7.39979370e-02  6.76784381e-01
  3.49360285e-01  3.94086943e-02  6.36695761e-02  8.51297806e-03
 -5.42618365e-02  1.21501243e-02  7.39525954e-02  3.66427687e-01
  2.27332942e-03  2.22213081e-02  9.24612225e-02 -2.20434598e-02
 -2.78873190e-03 -2.44550989e-02 -2.78081303e-02  8.54661211e-02
 -3.93226830e-02  1.07452393e-02 -6.86813592e-02  9.92346147e-02
 -8.73104264e-02 -2.35659292e-04 -4.37265252e-02  7.46830432e-03
  5.69719880e-02  1.58583389e-01 -5.29921089e-03  9.87912654e-02
 -8.06136475e-02 -1.22110518e-01 -7.23075462e-05  4.38363034e-02
  2.19305443e-03  8.71672258e-02 -3.00075624e-03]",55,55,"(np.int32(0), np.int32(0), np.int32(0), np.int32(0), np.int32(0), np.int32(1), np.int32(0), np.int32(0), np.int32(0), np.int32(0))",18.198035031155037
365,10,2,1,1.169157017579522,"[-0.21175306  0.10317926  0.19510024  0.12675719 -0.01461466  0.08128273
 -0.09999075  0.00323706 -0.02789051  0.07123273 -0.03988484 -0.03620996
 -0.23692979  0.01290081 -0.01767851 -0.05182584  0.03425179  0.0750514
  0.0747549   0.68549239  0.35976521  0.04578759  0.05198645  0.00206813
 -0.06196736  0.02537061  0.04991983  0.35817992  0.00943973  0.02929537
  0.10486827 -0.00703691 -0.01626258 -0.02805121 -0.0073631   0.07166577
 -0.0684148   0.01906149 -0.08551226  0.07927084 -0.09041637 -0.00824283
 -0.04830983  0.00464951  0.0268035   0.1482276  -0.00233508  0.09578868
 -0.05172373 -0.11551769  0.01700221  0.05402752 -0.00501056  0.07680884
  0.00297768]",55,55,"(np.int32(0), np.int32(0), np.int32(0), np.int32(0), np.int32(0), np.int32(1), np.int32(0), np.int32(0), np.int32(0), np.int32(0))",18.198035031155037
385,10,2,1,1.1594530031857142,"[-2.29327746e-01  1.03263219e-01  2.09206523e-01  1.23760053e-01
 -3.18068251e-02  1.07134659e-01 -9.40148291e-02 -1.45140474e-03
 -1.66175893e-02  4.83163551e-02 -3.36440324e-02 -2.44697097e-02
 -2.37357871e-01 -1.47103785e-02  9.82335484e-06 -3.07946057e-02
  1.97606116e-02  6.97680613e-02  6.58631603e-02  6.44491083e-01
  3.30908132e-01  4.40693582e-02  1.71725857e-02  3.22598694e-02
 -4.84999139e-02  5.58746407e-02  4.73928781e-02  3.19165271e-01
  2.29135838e-02  8.28161847e-03  1.26949709e-01 -1.37415925e-02
  1.43119782e-02 -2.85384518e-02 -3.15869046e-02  6.47958914e-02
 -6.90183864e-02  2.82209717e-02 -6.90487671e-02  6.54533858e-02
 -6.82913908e-02  1.88547412e-03 -7.11250936e-02 -1.36079891e-02
  2.21939870e-02  1.36975387e-01  1.99302174e-02  9.36343159e-02
 -3.04341831e-02 -1.00392334e-01  2.44896382e-02  5.51414154e-02
 -2.64513186e-02  6.23468755e-02  1.52572607e-02]",55,55,"(np.int32(0), np.int32(0), np.int32(0), np.int32(0), np.int32(0), np.int32(1), np.int32(0), np.int32(0), np.int32(0), np.int32(0))",18.198035031155037
405,10,2,1,1.1486132373438303,"[-0.22407168  0.11255361  0.18519746  0.1271767  -0.01892467  0.07913597
 -0.07814748 -0.00207251 -0.0538307   0.03513958 -0.03442971 -0.02378666
 -0.21592107 -0.02215141 -0.00841926 -0.0289561   0.00554023  0.05441632
  0.05167413  0.61752481  0.3233746   0.033613    0.02665601  0.00415507
 -0.04292115  0.05029107  0.00262519  0.3261055   0.00595104 -0.00114081
  0.0923307   0.0076682   0.00537979 -0.03582069 -0.06466206  0.06256226
 -0.08305796  0.01697759 -0.08115988  0.04599133 -0.06272304  0.01902399
 -0.06511896  0.00579477  0.01329897  0.1218441   0.01845246  0.0754781
 -0.04391584 -0.07873175  0.03659934  0.02482323 -0.01568063  0.09845152
  0.03243243]",55,55,"(np.int32(0), np.int32(0), np.int32(0), np.int32(0), np.int32(0), np.int32(1), np.int32(0), np.int32(0), np.int32(0), np.int32(0))",18.198035031155037
5,10,2,2,1.3949938333333334,"[0.         0.         0.         0.         0.         0.
 0.         0.         0.         0.         0.         0.
 0.         0.         0.         0.         0.         0.
 0.         0.         0.9999875  0.         0.49999583 0.
 0.         0.         0.         0.         0.         0.
 0.         0.         0.         0.         0.         0.
 0.         0.         0.         0.         0.         0.
 0.         0.         0.         0.         0.         0.
 0.         0.         0.         0.         0.         0.
 0.        ]",2,2,"(np.int32(0), np.int32(0), np.int32(0), np.int32(0), np.int32(0), np.int32(1), np.int32(0), np.int32(0), np.int32(0), np.int32(0))",18.198035031155037
25,10,2,2,1.5588065859948383,"[-0.2113034   0.          0.38720632  0.         -0.19716381  0.
  0.00694876  0.          0.         -0.11984939  0.          0.11962734
  0.          0.          0.          0.          0.         -0.35211482
  0.47874462  0.          0.26755169  0.          0.11618047  0.
 -0.69361174  0.          0.          0.          0.06691879 -0.12682984
  0.          0.16540672  0.          0.          0.          0.
  0.         -0.02110948  0.02809719  0.          0.32400861  0.1725498
  0.          0.64779935  0.          0.         -0.1549618   0.15841857
  0.          0.17952013  0.          0.         -0.17254496  0.
 -0.07041605]",24,34,"(np.int32(0), np.int32(0), np.int32(0), np.int32(0), np.int32(0), np.int32(1), np.int32(0), np.int32(0), np.int32(0), np.int32(0))",18.198035031155037
45,10,2,2,2.319278532234636,"[-1.35453699e-01 -3.72295490e-01  1.26454288e-01 -1.67867102e-01
 -1.45925994e-03 -5.50385892e-04  0.00000000e+00 -1.34236696e-01
 -4.90914282e-01 -5.91700222e-01  8.54239729e-02 -3.55600097e-02
  0.00000000e+00 -1.41366286e-02 -6.07815831e-01 -2.43819271e-01
 -2.70450699e-01  0.00000000e+00  6.22039303e-01 -4.91888464e-01
  9.45069986e-02  2.89047728e-01  7.12729136e-01  0.00000000e+00
 -6.80086495e-01 -1.65421981e-01 -3.51827576e-01 -3.60963154e-01
  1.79132530e-01  0.00000000e+00 -1.05711860e-01 -7.29031100e-01
  0.00000000e+00 -2.71693539e-01  0.00000000e+00 -3.00508749e-01
  0.00000000e+00  0.00000000e+00 -1.69181421e-01 -5.92945889e-01
  3.86534894e-01  2.75295516e-01  1.98294714e-01  3.55124844e-01
  2.56583181e-01  7.74572826e-02 -3.01154587e-01  4.14003786e-01
  0.00000000e+00  1.09237433e-01 -1.34162469e-01 -2.39783500e-01
  0.00000000e+00 -6.34787229e-02 -7.77961350e-02]",44,68,"(np.int32(0), np.int32(0), np.int32(0), np.int32(0), np.int32(0), np.int32(1), np.int32(0), np.int32(0), np.int32(0), np.int32(0))",18.198035031155037
65,10,2,2,3.2568538168511645,"[-0.18587626 -0.51783219 -0.16561979  0.30741995 -0.17759754 -0.15655599
 -0.4878677   0.09023646  0.1425772  -0.10750038 -0.0436154   0.40345971
  0.07886002 -0.48798787 -1.1679514   0.12979649 -0.92638868 -0.22415693
  0.94929349 -0.53746268 -0.60715161  0.72415044  0.63579417  0.38978566
 -0.55781667 -0.29595365 -0.19466271  0.48491116 -0.07518587  0.1992901
 -0.3960586  -0.19437421  0.03982625 -0.90355161 -0.42386244 -0.00788456
 -0.50862011  0.61461856 -1.03747338  0.14579296 -0.2578755   0.69863253
  0.30435199  0.32664642  0.31204871  0.16124967 -0.48692212  0.44627576
  1.05147891  0.04823471  0.48840501  0.33154738 -0.94830374  0.9633877
 -0.51566245]",55,87,"(np.int32(0), np.int32(0), np.int32(0), np.int32(0), np.int32(0), np.int32(1), np.int32(0), np.int32(0), np.int32(0), np.int32(0))",18.198035031155037
85,10,2,2,1.511027254298263,"[-0.26413828  0.05275091  0.15238207 -0.00912122  0.05951578  0.17576435
 -0.53275233  0.3486577   0.40242848  0.15276445  0.51415656  0.19744689
 -0.09946444 -0.05797052 -0.21825608  0.15218707 -0.1246979   0.14612647
 -0.00494343  0.53925649  0.43954428 -0.14617422 -0.16810988  0.21553007
  0.05640371 -0.14681708  0.10132774  0.10754441 -0.09666703 -0.29987054
 -0.20809411  0.38354338  0.23082451  0.12820588  0.27668084  0.10706933
 -0.35028093  0.28043208  0.22822421  0.45750233 -0.13072693  0.03661618
 -0.09299354 -0.08453324 -0.19212304  0.19240303  0.10595227 -0.0957489
 -0.18324861 -0.14072281  0.06824655  0.0351464  -0.20808641  0.36558555
 -0.02886172]",55,63,"(np.int32(0), np.int32(0), np.int32(0), np.int32(0), np.int32(0), np.int32(1), np.int32(0), np.int32(0), np.int32(0), np.int32(0))",18.198035031155037
105,10,2,2,1.3127758634582285,"[-0.34478556  0.00896674  0.20088862 -0.14150019 -0.05548793  0.22509288
 -0.31896708  0.21262549  0.20360696  0.28404454  0.32209632  0.08460113
 -0.18674192 -0.00790798 -0.05659679  0.25473331 -0.08342648 -0.0155613
 -0.07592462  0.09713706  0.26483321  0.02358312 -0.1969704   0.10247315
  0.050648   -0.07055745  0.00542036  0.29318326 -0.09239298 -0.07832946
 -0.16484869  0.29564608  0.07307518  0.12337536 -0.03499966  0.1702879
 -0.27740211  0.11344549 -0.00946007  0.36388807 -0.04249366  0.12971488
 -0.13157044 -0.10895022 -0.11291204  0.20799361  0.00061646  0.04372639
 -0.08503354 -0.07886044  0.06041765 -0.10207128 -0.20046749  0.31327177
  0.10708856]",55,61,"(np.int32(0), np.int32(0), np.int32(0), np.int32(0), np.int32(0), np.int32(1), np.int32(0), np.int32(0), np.int32(0), np.int32(0))",18.198035031155037
125,10,2,2,1.2680216016561803,"[-0.27462915  0.05576271  0.31337882 -0.02853952 -0.01449102  0.22050291
 -0.18513916  0.14013191  0.07616152  0.28526238  0.17738922  0.10980545
 -0.25147911 -0.1501603  -0.13893163  0.10524829 -0.05828294 -0.03520036
 -0.13475486  0.15239456  0.2036297   0.02215181 -0.16696441  0.04524376
 -0.01004376 -0.15285371 -0.17734391  0.27318694  0.05681969 -0.01142865
 -0.03508212  0.16765616 -0.02663686  0.0967315  -0.01675733  0.12594406
 -0.1709329   0.02896581 -0.07020809  0.25833331  0.01136016  0.16554195
 -0.19163838 -0.03586287  0.10980058  0.17448467 -0.09166624  0.0674592
 -0.04137487 -0.17125026  0.17294737  0.03743562 -0.05494213  0.17577268
  0.02163295]",55,59,"(np.int32(0), np.int32(0), np.int32(0), np.int32(0), np.int32(0), np.int32(1), np.int32(0), np.int32(0), np.int32(0), np.int32(0))",18.198035031155037
145,10,2,2,1.255701979331053,"[-0.27162338  0.08366652  0.21565167 -0.04867387  0.03433661  0.23089614
 -0.16390371  0.09766544  0.10086715  0.2172047   0.14204365  0.01222367
 -0.26523778 -0.0776056  -0.18610933 -0.08627154 -0.01706901  0.05030155
 -0.22029053  0.2628409   0.2287361   0.05702856 -0.09318909  0.03255001
  0.11999693 -0.00492498 -0.1194665   0.26506675 -0.00423437  0.02587283
  0.08720695  0.1579321  -0.06534257  0.03739824 -0.06975062  0.19311646
 -0.13934524  0.11275363 -0.07787244  0.34183776 -0.03081877  0.02952315
 -0.16750704  0.08142636  0.05982608  0.25484711 -0.04018773  0.01592367
 -0.07314582 -0.09953523  0.1466627   0.11404936 -0.10148101  0.13926145
 -0.07374986]",55,55,"(np.int32(0), np.int32(0), np.int32(0), np.int32(0), np.int32(0), np.int32(1), np.int32(0), np.int32(0), np.int32(0), np.int32(0))",18.198035031155037
165,10,2,2,1.2019814812057084,"[-0.31821378  0.15972836  0.24681975 -0.00848965  0.07906735  0.16055725
 -0.10829215  0.12316771  0.09521391  0.14187876  0.07045944  0.03721271
 -0.29147037 -0.08897672 -0.09859761 -0.1653443  -0.03564285  0.12030076
 -0.12238453  0.34217729  0.31080265  0.03472594 -0.03988242  0.03796588
  0.07103302 -0.0244392  -0.11186639  0.33037804 -0.01617422 -0.03145873
  0.11407441  0.11282527 -0.09553294 -0.03938446 -0.06210086  0.15083806
 -0.08678893  0.08468996 -0.12502871  0.21027486 -0.00266294  0.01851003
 -0.09744278  0.07090233  0.04842192  0.17385929 -0.030836    0.09844121
 -0.02626444 -0.11425509  0.10859869  0.07074372 -0.00781166  0.20786105
 -0.01509949]",55,55,"(np.int32(0), np.int32(0), np.int32(0), np.int32(0), np.int32(0), np.int32(1), np.int32(0), np.int32(0), np.int32(0), np.int32(0))",18.198035031155037
185,10,2,2,1.1783216265159162,"[-0.33125493  0.15178096  0.24490556 -0.01927163  0.03335411  0.09977677
 -0.12766669  0.12222005  0.08694862  0.1094136   0.07594648  0.10796943
 -0.26507262 -0.0661126  -0.08513842 -0.17004909 -0.05623696  0.13525952
 -0.03148762  0.39985422  0.31721229  0.07353819  0.00760107  0.03400657
  0.09669519 -0.00754283 -0.06716417  0.34930565  0.01569603 -0.02857669
  0.12534648  0.13871603 -0.12824573 -0.04196804 -0.01226486  0.19361314
 -0.07439166  0.12915836 -0.09102753  0.19594062 -0.01035944 -0.01046043
 -0.10376937  0.08683731  0.03192498  0.12387171 -0.04668951  0.08089937
 -0.04475986 -0.08958422  0.0855335   0.05350115 -0.00091083  0.21611871
 -0.02172738]",55,55,"(np.int32(0), np.int32(0), np.int32(0), np.int32(0), np.int32(0), np.int32(1), np.int32(0), np.int32(0), np.int32(0), np.int32(0))",18.198035031155037
205,10,2,2,1.1886471203048021,"[-0.31930016  0.15453115  0.2505397  -0.00253337  0.00817875  0.07092384
 -0.13641987  0.06459589  0.08508934  0.09507939  0.02330377  0.04932303
 -0.30009912 -0.08817364 -0.09706524 -0.16123522 -0.07162373  0.09719632
 -0.03762774  0.46542496  0.32531385  0.06170854 -0.01856952  0.06506999
  0.02939414  0.01927272 -0.04040937  0.36711926  0.02207192 -0.05488325
  0.187766    0.08513807 -0.07058936 -0.02872228 -0.0516419   0.13737177
 -0.04694226  0.06126795 -0.08569844  0.17412061 -0.02639905 -0.02090486
 -0.13017656  0.0662823   0.02551901  0.10113248 -0.08494351  0.04938834
 -0.09519611 -0.12038939  0.1280228   0.03675814 -0.05721331  0.21867984
 -0.02736578]",55,55,"(np.int32(0), np.int32(0), np.int32(0), np.int32(0), np.int32(0), np.int32(1), np.int32(0), np.int32(0), np.int32(0), np.int32(0))",18.198035031155037
225,10,2,2,1.1951990957692313,"[-0.292059    0.18583063  0.23117437 -0.02984465  0.00856116  0.0500517
 -0.10635115  0.04059391  0.05489339  0.09901982  0.03111913  0.04170514
 -0.27082821 -0.09143591 -0.12072981 -0.13264244 -0.05452465  0.11326924
 -0.02458818  0.42881633  0.33594664  0.07590858  0.00129014  0.10727222
  0.02181478 -0.01676264 -0.01255012  0.36254574  0.06633255 -0.00872934
  0.19224043  0.09784368 -0.06900384 -0.00994067 -0.06292022  0.08309869
 -0.04490294  0.06410656 -0.07416201  0.20770024  0.00059671 -0.03611416
 -0.1184877   0.05834594  0.00319029  0.1061962  -0.06028916  0.08674334
 -0.09483185 -0.11097048  0.13037796  0.02755293 -0.03623133  0.18726363
 -0.00877992]",55,55,"(np.int32(0), np.int32(0), np.int32(0), np.int32(0), np.int32(0), np.int32(1), np.int32(0), np.int32(0), np.int32(0), np.int32(0))",18.198035031155037
245,10,2,2,1.1673485179585743,"[-2.50655627e-01  1.83895724e-01  2.25093269e-01  8.04322066e-02
 -1.84103774e-02  3.43101186e-02 -1.15487424e-01  8.54014550e-02
 -5.17627795e-02  6.22119760e-02 -2.15029985e-02 -2.12618713e-02
 -2.61719434e-01 -3.65351361e-02 -1.09669454e-01 -1.08576476e-01
 -1.58225191e-02  1.06712079e-01 -4.18650589e-02  5.26319715e-01
  2.90597061e-01  2.40010359e-02 -2.56239703e-02  7.70468875e-02
 -4.77921573e-02  3.59913220e-02  4.47577019e-03  3.18741619e-01
  8.34241635e-04 -4.20222418e-02  1.91648245e-01 -1.55700709e-02
  3.35114672e-05  2.31705741e-02 -7.59332851e-02  6.68575671e-02
 -3.22017980e-02  6.96229522e-02 -1.25793144e-01  1.17202502e-01
  2.14533116e-02 -3.49284994e-02 -6.96673166e-02  2.33581778e-02
 -3.01748541e-03  4.43929211e-02 -6.12403568e-02  9.87476847e-02
 -1.04060564e-01 -8.53310291e-02  1.62178786e-01  2.97181780e-02
 -4.45064691e-02  1.33075627e-01  1.56357697e-02]",55,57,"(np.int32(0), np.int32(0), np.int32(0), np.int32(0), np.int32(0), np.int32(1), np.int32(0), np.int32(0), np.int32(0), np.int32(0))",18.198035031155037
265,10,2,2,1.1520127015716937,"[-2.33012493e-01  1.60357864e-01  1.72605309e-01  5.54859897e-02
  2.94990337e-02  2.59717097e-02 -8.23061408e-02  6.67396707e-02
 -6.86961034e-02  3.57196210e-02 -1.92292596e-02 -2.38607293e-02
 -2.39250993e-01 -6.40206270e-02 -1.24761350e-01 -1.09079972e-01
 -2.53493695e-02  9.70002221e-02 -2.20601171e-02  5.25220787e-01
  3.06497231e-01  2.95726488e-04 -7.32352344e-03  6.17097160e-02
 -7.68575535e-02  3.48166812e-02  1.50645440e-02  3.21966698e-01
 -3.01338058e-02 -2.69982136e-02  1.58962176e-01 -6.48651219e-03
  5.76453377e-04  4.05479344e-02 -8.22906595e-02  6.02039508e-02
 -5.76458848e-02  4.78015631e-02 -1.07451667e-01  1.32081618e-01
 -3.79612324e-03 -9.36125793e-03 -8.03946692e-02 -1.11960174e-02
  1.47934836e-02  1.66578942e-02 -5.46012211e-02  9.75599177e-02
 -9.88085152e-02 -1.05586320e-01  1.79161773e-01  3.90604668e-03
 -8.27380499e-02  1.40013917e-01  6.83348820e-02]",55,55,"(np.int32(0), np.int32(0), np.int32(0), np.int32(0), np.int32(0), np.int32(1), np.int32(0), np.int32(0), np.int32(0), np.int32(0))",18.198035031155037
285,10,2,2,1.1519105287821132,"[-0.2146732   0.16184597  0.18615366  0.07849778  0.01327709  0.01928529
 -0.07246466  0.08017516 -0.07704034  0.06042066 -0.00739934 -0.01483447
 -0.23625033 -0.08386246 -0.10682734 -0.08226972 -0.03029298  0.07332801
 -0.02570556  0.52081515  0.30262396  0.01819307 -0.01610479  0.04499113
 -0.05191962  0.04698173  0.02485277  0.32068962 -0.03031594 -0.02972108
  0.14674981  0.00411254  0.01199567  0.05636524 -0.05279762  0.05334366
 -0.08465761  0.04753936 -0.11470466  0.12356837 -0.03678665 -0.01331548
 -0.07745801  0.01613005  0.01871191  0.05507681 -0.05829975  0.09268535
 -0.07844851 -0.12698609  0.148229   -0.03381088 -0.08028976  0.16006468
  0.06579213]",55,55,"(np.int32(0), np.int32(0), np.int32(0), np.int32(0), np.int32(0), np.int32(1), np.int32(0), np.int32(0), np.int32(0), np.int32(0))",18.198035031155037
305,10,2,2,1.167519468423278,"[-0.23291162  0.20625931  0.25394246  0.11263069 -0.01588761  0.01426414
 -0.09066204  0.05259972 -0.01968495  0.06253932 -0.03365975 -0.03720219
 -0.26279154 -0.02121481 -0.0776659  -0.04917246 -0.00207998  0.03154285
  0.0092718   0.53201039  0.35045475 -0.01643106 -0.01645965  0.02972624
 -0.04819731  0.05815768  0.01538193  0.38163429 -0.05781315 -0.03383744
  0.12114875  0.03152883  0.03006385  0.0188259  -0.10372658  0.02488079
 -0.12100092  0.02035267 -0.07518022  0.09728286 -0.05102274  0.03331397
 -0.0671897  -0.02205898  0.0060612   0.07490046 -0.05069764  0.08988756
 -0.07860136 -0.08507572  0.11099539 -0.01118147 -0.06674741  0.18651581
  0.03173007]",55,55,"(np.int32(0), np.int32(0), np.int32(0), np.int32(0), np.int32(0), np.int32(1), np.int32(0), np.int32(0), np.int32(0), np.int32(0))",18.198035031155037
325,10,2,2,1.145226500094645,"[-2.10289032e-01  1.86409748e-01  2.31116323e-01  1.37907151e-01
 -1.87525119e-02  3.91653889e-02 -7.34245914e-02  3.85179357e-02
 -3.02036926e-02  3.67296757e-02 -5.40818918e-03 -1.18501402e-02
 -2.41505225e-01 -2.68627548e-02 -5.82593811e-02 -2.39038024e-02
 -1.26307095e-03  3.73176251e-02  1.33354467e-02  5.57816753e-01
  3.52095087e-01 -4.99470887e-03 -1.68991230e-02  2.75610811e-02
 -4.50905223e-02  6.79568396e-02  1.91589088e-03  3.70750960e-01
 -3.58048304e-02 -3.62752970e-02  1.17648939e-01  1.59432575e-02
  2.68690094e-02  1.42294656e-02 -1.07192317e-01  2.25867076e-02
 -8.86766149e-02  2.96528987e-02 -6.48262969e-02  8.65917080e-02
 -7.72502257e-02 -1.19307867e-02 -5.79601145e-02  4.32492143e-03
  2.82426492e-02  6.91998988e-02 -2.73662606e-02  7.75561639e-02
 -5.25051408e-02 -6.82912515e-02  1.07921611e-01 -4.83825127e-04
 -5.12588863e-02  1.54674949e-01  1.75750293e-02]",55,55,"(np.int32(0), np.int32(0), np.int32(0), np.int32(0), np.int32(0), np.int32(1), np.int32(0), np.int32(0), np.int32(0), np.int32(0))",18.198035031155037
345,10,2,2,1.1501351197622027,"[-2.09728985e-01  1.71542861e-01  2.10362657e-01  1.46317495e-01
 -7.57467543e-03  3.27484724e-02 -9.03669953e-02  1.63220400e-02
 -2.16472345e-02  4.36279382e-02 -4.83555429e-02 -3.74687353e-02
 -2.39308946e-01 -3.79422076e-02 -1.19573345e-02 -1.27661180e-02
  3.48335202e-03  5.60469228e-02  1.68193190e-02  5.90509089e-01
  3.37569522e-01  2.87730700e-03 -1.75675000e-02 -1.51850756e-02
 -5.43811567e-02  1.87763944e-02  1.07270593e-02  3.55706104e-01
 -1.91844128e-02 -4.42289511e-02  7.40347670e-02  1.73932003e-02
 -3.93687514e-02  8.73740327e-03 -7.63451837e-02  6.02925049e-02
 -8.78585982e-02  4.74465141e-02 -8.33888521e-02  6.24809954e-02
 -7.58123471e-02  8.40721194e-03 -6.80424444e-02  7.88504743e-03
  2.25317930e-02  9.82147067e-02 -1.54938591e-03  1.04533092e-01
 -7.48454465e-02 -9.71153237e-02  1.19482247e-01  1.75575098e-02
 -5.14894902e-02  1.36407135e-01  3.38267292e-04]",55,55,"(np.int32(0), np.int32(0), np.int32(0), np.int32(0), np.int32(0), np.int32(1), np.int32(0), np.int32(0), np.int32(0), np.int32(0))",18.198035031155037
365,10,2,2,1.1437748039789302,"[-0.2160881   0.13965662  0.20240377  0.13072091  0.00766944  0.0612614
 -0.08054054  0.00755666 -0.02847275  0.03976118 -0.04050197 -0.02527077
 -0.25019722 -0.02765689  0.00445096 -0.00099126 -0.02161393  0.05936987
  0.01875906  0.5880887   0.31840839 -0.00515969 -0.00347613 -0.00130861
 -0.05360683  0.0380399   0.00797891  0.3396186  -0.03051293 -0.02738543
  0.09163037 -0.00207572 -0.01847205 -0.01354416 -0.0691971   0.05855287
 -0.06372946  0.03481973 -0.07154374  0.06402227 -0.07736586  0.01101367
 -0.07564344  0.00549261 -0.0069753   0.11241716  0.03328018  0.08803768
 -0.03916963 -0.09052352  0.10372948  0.02667142 -0.05212503  0.12690646
 -0.0140369 ]",55,55,"(np.int32(0), np.int32(0), np.int32(0), np.int32(0), np.int32(0), np.int32(1), np.int32(0), np.int32(0), np.int32(0), np.int32(0))",18.198035031155037
385,10,2,2,1.1548811668057999,"[-0.21771089  0.10960112  0.1863312   0.12164983 -0.00536516  0.06109634
 -0.07274977 -0.0028216  -0.05688167  0.03041432 -0.0424701  -0.04004381
 -0.24213618 -0.02922964 -0.01109758 -0.02345583 -0.00904014  0.07749883
  0.04931632  0.60722597  0.31948456  0.02043267  0.02480426 -0.01844656
 -0.04102528  0.04587733  0.01322767  0.3379778  -0.01337604  0.00620075
  0.08358881 -0.00120543 -0.01160025 -0.02250969 -0.07070298  0.06913885
 -0.07200758  0.02587852 -0.08693431  0.07976779 -0.06471398 -0.0116003
 -0.06573511  0.00810472  0.00472352  0.12257841  0.02421631  0.09156676
 -0.05317145 -0.09652649  0.05471213  0.00604483 -0.02945236  0.11992829
  0.01751432]",55,55,"(np.int32(0), np.int32(0), np.int32(0), np.int32(0), np.int32(0), np.int32(1), np.int32(0), np.int32(0), np.int32(0), np.int32(0))",18.198035031155037
405,10,2,2,1.1486132373438303,"[-0.22407168  0.11255361  0.18519746  0.1271767  -0.01892467  0.07913597
 -0.07814748 -0.00207251 -0.0538307   0.03513958 -0.03442971 -0.02378666
 -0.21592107 -0.02215141 -0.00841926 -0.0289561   0.00554023  0.05441632
  0.05167413  0.61752481  0.3233746   0.033613    0.02665601  0.00415507
 -0.04292115  0.05029107  0.00262519  0.3261055   0.00595104 -0.00114081
  0.0923307   0.0076682   0.00537979 -0.03582069 -0.06466206  0.06256226
 -0.08305796  0.01697759 -0.08115988  0.04599133 -0.06272304  0.01902399
 -0.06511896  0.00579477  0.01329897  0.1218441   0.01845246  0.0754781
 -0.04391584 -0.07873175  0.03659934  0.02482323 -0.01568063  0.09845152
  0.03243243]",55,55,"(np.int32(0), np.int32(0), np.int32(0), np.int32(0), np.int32(0), np.int32(1), np.int32(0), np.int32(0), np.int32(0), np.int32(0))",18.198035031155037
5,10,2,3,3.585000475000001,"[ 0.          0.          0.          0.          0.          0.
  0.          0.          0.          0.16666417  0.         -2.33333583
  0.          0.          0.         -0.16666417  0.          0.
 -0.4999975   0.          0.          0.          0.          0.
  0.          0.          0.          0.          0.          0.
  0.          0.          0.          0.          0.          0.
  0.          0.          0.          0.          0.          0.
  0.          0.          0.          0.          0.          0.
  0.          0.          0.          0.          0.          0.
  0.        ]",4,4,"(np.int32(0), np.int32(0), np.int32(0), np.int32(0), np.int32(0), np.int32(1), np.int32(0), np.int32(0), np.int32(0), np.int32(0))",18.198035031155037
25,10,2,3,1.9333506624483465,"[-0.01134457  0.59089739  0.69322227  0.14775591  0.          0.
  0.          0.30674719  0.          0.         -0.71591088  0.
  0.          0.          0.          0.          0.          0.
  0.          0.15909214  0.54542606 -0.12497781  0.          0.
  0.23866715  0.          0.46589952  0.15909214 -0.45450647  0.48861778
  0.77265683  0.24996875  0.          0.         -0.45454944  0.
  0.          0.         -0.30681963  0.         -0.7044786  -0.09091177
 -0.70453719  0.         -0.46588247  0.          0.46588212  0.
  0.          0.          0.          0.          0.37493537  0.
  0.        ]",24,36,"(np.int32(0), np.int32(0), np.int32(0), np.int32(0), np.int32(0), np.int32(1), np.int32(0), np.int32(0), np.int32(0), np.int32(0))",18.198035031155037
45,10,2,3,3.435638840132924,"[-0.73664468  0.          0.4455917   0.          0.54308956 -0.86194943
  0.53561683  0.          1.02829856  0.74551146  0.         -1.15247783
 -0.31427945  1.21048183  0.         -0.21548401  0.49120046  0.7616296
 -0.50544595  0.78882214  1.20464041 -0.97212279  0.          0.7842456
 -0.26537748 -0.23241987  0.26995774  0.22981637 -0.70868013  0.
  0.13744097 -0.76466749 -0.76461051 -0.19912114 -0.10630605  0.50684621
  0.          0.          0.         -1.63796438 -0.1829029  -0.28495111
 -0.11358253 -0.33076674 -0.2942372   0.44763468 -0.36463271 -0.41769093
  0.1840889   0.45535232  0.75861566  0.          0.08364547  0.25195923
 -1.04660746]",44,94,"(np.int32(0), np.int32(0), np.int32(0), np.int32(0), np.int32(0), np.int32(1), np.int32(0), np.int32(0), np.int32(0), np.int32(0))",18.198035031155037
65,10,2,3,2.5865368774799196,"[-1.12954521  0.49503833  0.90153522 -0.06846395 -0.51774273 -0.12429606
 -0.05345919  0.26317952 -0.10183999  0.22881176 -0.42411461 -0.06974376
 -1.05732081  0.59397253 -0.03225608  0.13632504 -1.04940448  0.40382962
 -0.97347555  0.68590395  0.03516597 -0.12802862 -0.27734241  0.28454312
  0.10621949 -0.3392144  -0.0433766   0.37493843 -0.30324088  0.4681401
 -0.25390362  0.3234741  -0.31030984 -0.30770186 -0.19230288  0.16111165
 -0.34155073 -0.84532051  0.44978598 -0.9905968  -0.3178446   0.25381916
 -0.71971398 -0.34473404 -0.08890001  0.20679817  0.30483052 -0.15341872
 -0.00808368 -0.1369623   0.37204418 -0.01632335 -0.04526235 -0.36934217
  0.00114968]",55,83,"(np.int32(0), np.int32(0), np.int32(0), np.int32(0), np.int32(0), np.int32(1), np.int32(0), np.int32(0), np.int32(0), np.int32(0))",18.198035031155037
85,10,2,3,1.849517156958008,"[-0.7959976   0.107647    0.34269688 -0.19457595 -0.16729249 -0.077258
  0.44031192  0.05353082 -0.20882008  0.22794737 -0.46605591 -0.21673082
  0.08623127  0.19581345  0.09120552 -0.41404918 -0.03696024  0.2034393
 -0.3437763   0.63740571 -0.09603272  0.07939367  0.08627162  0.41939891
  0.04992348 -0.00519184  0.15535319  0.22130459  0.0614385   0.15162522
  0.45104474  0.37146017 -0.52918092  0.41060725 -0.10394298  0.20932989
 -0.54298307  0.02238373  0.23858622 -0.42825717 -0.08755576  0.23655641
 -0.38546231  0.20357059 -0.13769456  0.28324353  0.171227   -0.28473385
  0.25192727 -0.39966854  0.59577142 -0.23190924 -0.10919643 -0.12970077
 -0.04257358]",55,65,"(np.int32(0), np.int32(0), np.int32(0), np.int32(0), np.int32(0), np.int32(1), np.int32(0), np.int32(0), np.int32(0), np.int32(0))",18.198035031155037
105,10,2,3,1.5569127346544847,"[-0.59521077  0.06049121  0.5658154   0.12083659 -0.1299077   0.07630813
  0.2387837  -0.0524373   0.05826699  0.19846706 -0.1680398   0.02912571
  0.09159231  0.19482486 -0.17582524 -0.28781314  0.01975592  0.20178051
 -0.00860224  0.70823008  0.2352966   0.0842407   0.05762038  0.2311225
  0.02337043  0.13639337  0.12221025  0.41596809  0.17445762  0.34382291
  0.3245704   0.05432353 -0.04276086  0.11664028 -0.16336383  0.1470685
 -0.11464932 -0.12314241  0.13751196 -0.10239593 -0.21726274  0.03826491
 -0.29850499 -0.12094452 -0.08749939  0.21055387  0.1241498  -0.12495156
  0.11356879 -0.07483742  0.33337651  0.04868447 -0.19352405  0.04057974
 -0.1251404 ]",55,55,"(np.int32(0), np.int32(0), np.int32(0), np.int32(0), np.int32(0), np.int32(1), np.int32(0), np.int32(0), np.int32(0), np.int32(0))",18.198035031155037
125,10,2,3,1.5167161651836736,"[-5.10263459e-01  2.06377872e-01  6.36003688e-01  1.41458008e-01
 -7.08078290e-02  4.77795176e-02  2.04317444e-01  4.89357776e-04
  5.32235700e-02  2.02221386e-01 -2.11107441e-01  1.71147234e-02
  4.24118626e-02  4.74282117e-02 -5.95031745e-03 -3.39234068e-01
 -5.59960776e-02  2.96582782e-01 -1.30591115e-01  8.20397355e-01
  1.97876078e-01  2.13562498e-02  1.69556450e-01  9.81898839e-02
 -3.93025614e-02  1.81859497e-01 -2.58591256e-02  3.82811284e-01
  1.89650442e-01  2.69356257e-01  2.70423709e-01  3.97705981e-02
  2.50881572e-02  8.44315393e-02 -1.15155331e-02  1.44534413e-01
 -1.70174528e-01 -7.35118075e-02  2.48551573e-01 -1.48316157e-01
 -1.72197422e-01  6.83198868e-02 -2.34119078e-01 -1.77708165e-01
 -1.16976783e-01  1.86823662e-01 -1.87409692e-02 -1.71878137e-01
  1.79944771e-02 -9.58733213e-02  3.21602187e-01  6.98249300e-03
 -1.93596952e-01  2.44827339e-02  5.17391936e-03]",55,59,"(np.int32(0), np.int32(0), np.int32(0), np.int32(0), np.int32(0), np.int32(1), np.int32(0), np.int32(0), np.int32(0), np.int32(0))",18.198035031155037
145,10,2,3,1.434308022372063,"[-0.51713583  0.22021336  0.53068837  0.08257917 -0.06617326  0.06007289
  0.2186668  -0.07529238 -0.04465558  0.13743342 -0.18044803 -0.14286323
 -0.02020213  0.02579366 -0.0339109  -0.27536221 -0.03952806  0.17657863
 -0.15849501  0.77759304  0.20191134  0.00432765  0.15454469  0.10256856
 -0.00458867  0.12632217  0.0385059   0.27166794  0.12802334  0.35627265
  0.3051094   0.05654326  0.02475113  0.05043102 -0.01370239  0.11592951
 -0.15649825 -0.06676108  0.17493969 -0.11886745 -0.21032621  0.05766617
 -0.13495686 -0.19481747 -0.06615183  0.16162892 -0.08227158 -0.10378323
  0.03287371 -0.10373152  0.32135311 -0.01225177 -0.13389591  0.00104846
 -0.03169808]",55,57,"(np.int32(0), np.int32(0), np.int32(0), np.int32(0), np.int32(0), np.int32(1), np.int32(0), np.int32(0), np.int32(0), np.int32(0))",18.198035031155037
165,10,2,3,1.3635220280758042,"[-0.49243208  0.26777547  0.48231232  0.02094772  0.00194353  0.1559624
  0.25668611 -0.02697664 -0.04960675  0.16062429 -0.1676439  -0.15622454
  0.06829522 -0.01448991 -0.05329187 -0.21546664 -0.02197214  0.23011919
 -0.12038009  0.75339569  0.17528868 -0.01338919  0.13432672  0.04777964
 -0.03624626  0.0987122   0.08253103  0.1773407   0.03083317  0.28652261
  0.29379025  0.02668779 -0.08339166  0.12097964 -0.05846232  0.12191377
 -0.17598479 -0.07896902  0.15276924 -0.13743929 -0.11514386  0.02024664
 -0.0683007  -0.1242772  -0.11997014  0.10424114  0.01077102 -0.00815217
 -0.05384594 -0.12632724  0.23849862 -0.08676868 -0.09662024 -0.01162271
 -0.06844378]",55,55,"(np.int32(0), np.int32(0), np.int32(0), np.int32(0), np.int32(0), np.int32(1), np.int32(0), np.int32(0), np.int32(0), np.int32(0))",18.198035031155037
185,10,2,3,1.331708015406037,"[-0.43825541  0.15057613  0.40955582  0.03573816 -0.00250658  0.13283306
  0.24352756 -0.07160493 -0.07411311  0.12296383 -0.1532414  -0.10536167
 -0.02110109  0.090245   -0.14020429 -0.11399182 -0.00532349  0.09383354
 -0.04601798  0.71624639  0.0929323  -0.00597099  0.13069416  0.03313052
 -0.08607752  0.07977472  0.04984317  0.19538488 -0.02968292  0.3263784
  0.22626703 -0.02500962 -0.04548683  0.0619124  -0.00109199  0.08079513
 -0.07315733 -0.08126059 -0.02989097 -0.06859085 -0.14555831  0.0235212
 -0.13193533 -0.11858556 -0.11670254  0.10666686  0.0035605  -0.01977487
  0.01626293 -0.12066185  0.18934244 -0.02544189 -0.0932171  -0.01686642
 -0.05974364]",55,55,"(np.int32(0), np.int32(0), np.int32(0), np.int32(0), np.int32(0), np.int32(1), np.int32(0), np.int32(0), np.int32(0), np.int32(0))",18.198035031155037
205,10,2,3,1.2772576879327604,"[-0.34033725  0.17217942  0.34997039  0.05506387 -0.02204503  0.09303301
  0.1581815  -0.03755919 -0.12840239  0.08517965 -0.12184434 -0.00493065
 -0.06804436  0.00637757 -0.02635723 -0.13740778 -0.04569277  0.16334333
  0.02733734  0.68238552  0.17478949  0.03569252  0.17958944  0.01202262
 -0.07322793  0.03976307 -0.01289679  0.21740281  0.0101366   0.22882108
  0.20583559  0.00908714 -0.12628729 -0.00553766 -0.05126256  0.1289787
 -0.0855884  -0.09296777 -0.00926204 -0.0356607  -0.06147713  0.03311634
 -0.13433161 -0.11129288 -0.07185569  0.1178548   0.04596957 -0.02966646
 -0.04444176 -0.08326124  0.17651567  0.01734268 -0.05518351  0.01583784
 -0.04841698]",55,55,"(np.int32(0), np.int32(0), np.int32(0), np.int32(0), np.int32(0), np.int32(1), np.int32(0), np.int32(0), np.int32(0), np.int32(0))",18.198035031155037
225,10,2,3,1.2557136091913044,"[-2.64255965e-01  1.71164099e-01  3.16585205e-01  1.07756719e-01
 -6.90272819e-02  4.99309519e-02  1.57458577e-01 -3.27261343e-02
 -8.38932269e-02  5.31183477e-02 -1.05322617e-01  4.59873602e-03
 -9.44833572e-02  1.82043266e-02 -2.21811371e-02 -1.09870909e-01
 -3.18589984e-02  1.22976957e-01  7.86771816e-02  6.58435345e-01
  1.86416624e-01  2.19116992e-02  1.39566384e-01 -5.77797373e-03
 -8.97456850e-02  3.87745731e-02  4.54547194e-03  2.15499485e-01
 -2.40806849e-02  1.60179005e-01  1.48796467e-01 -5.32815893e-03
 -8.24425810e-02 -7.11988471e-02 -7.91760512e-02  1.58649509e-01
 -1.48918875e-02 -4.96176700e-02 -6.66041087e-02  4.94816611e-04
 -7.94009626e-02  2.65767267e-02 -1.59602928e-01 -7.98506816e-02
 -8.37243367e-02  1.30752416e-01  4.59718303e-02  7.64064259e-03
 -7.73067979e-02 -1.34408816e-01  1.38175707e-01  8.13194260e-02
 -6.97829912e-04  8.72465545e-03 -1.33961103e-02]",55,57,"(np.int32(0), np.int32(0), np.int32(0), np.int32(0), np.int32(0), np.int32(1), np.int32(0), np.int32(0), np.int32(0), np.int32(0))",18.198035031155037
245,10,2,3,1.2342635345852377,"[-0.25973257  0.15594858  0.28550627  0.13042818 -0.07471033  0.12573136
  0.12457309 -0.02110842 -0.09886471  0.03056053 -0.09939837 -0.00375535
 -0.0511449   0.02615047 -0.00564236 -0.12260293 -0.01744636  0.1164171
  0.08084184  0.66405027  0.20100595  0.02087161  0.11496126  0.01452926
 -0.0618923   0.08600179  0.04246768  0.20692105 -0.01937703  0.12998295
  0.16259127  0.01863394 -0.04959914 -0.00332259 -0.08437846  0.19229905
 -0.03771718 -0.0391708  -0.06196938  0.01247715 -0.09425662  0.03330404
 -0.13257634 -0.06470955 -0.06947279  0.12085916  0.05231286  0.02493443
 -0.06237232 -0.15696782  0.09986346  0.05506213  0.00755298 -0.01412922
  0.01943135]",55,55,"(np.int32(0), np.int32(0), np.int32(0), np.int32(0), np.int32(0), np.int32(1), np.int32(0), np.int32(0), np.int32(0), np.int32(0))",18.198035031155037
265,10,2,3,1.2311042881986118,"[-0.26405448  0.1760013   0.30062379  0.12082911 -0.00731365  0.13510322
  0.04700257 -0.02586457 -0.04956908  0.04389897 -0.09018183 -0.00934745
 -0.05910514 -0.02796295  0.02336056 -0.08528588 -0.03652691  0.1041157
  0.06903954  0.67878439  0.23309224  0.05018255  0.07225707  0.01264927
 -0.04775261  0.07764572  0.03276334  0.25916017 -0.0028202   0.08986406
  0.15840102  0.02125068 -0.03211901  0.00908972 -0.09314159  0.14492571
 -0.04476832 -0.0269881  -0.10531855  0.05742635 -0.06693793 -0.00492379
 -0.11502476 -0.04047509 -0.00327948  0.10181329  0.03741281  0.07209535
 -0.10083239 -0.15500354  0.062463    0.03243572  0.00790752  0.02338553
  0.03585113]",55,55,"(np.int32(0), np.int32(0), np.int32(0), np.int32(0), np.int32(0), np.int32(1), np.int32(0), np.int32(0), np.int32(0), np.int32(0))",18.198035031155037
285,10,2,3,1.2008438494595828,"[-2.75554374e-01  1.70742615e-01  2.88855570e-01  1.14746989e-01
 -3.73535245e-02  8.51714151e-02  1.05577322e-02 -5.41406125e-03
 -6.47126244e-02  2.93061231e-02 -1.17161815e-01 -6.20013802e-02
 -1.23087098e-01  1.36895598e-02  3.41647746e-02 -6.28782179e-02
 -1.69013421e-02  6.31086712e-02  6.99604928e-02  6.82031278e-01
  2.56791779e-01 -1.45079676e-04  3.86901482e-02  1.06415909e-02
 -3.10269741e-02  6.06174535e-02  3.13737175e-02  2.79906604e-01
 -9.07053798e-03  6.05823221e-02  1.11730902e-01  4.00485694e-02
 -2.29543355e-02 -1.86357013e-02 -6.94892184e-02  1.06766222e-01
 -8.15511533e-02 -1.53797417e-02 -1.16599156e-01  4.82166185e-02
 -5.37896194e-02  3.51898244e-03 -1.00657625e-01 -5.67688372e-02
 -8.42373696e-03  1.34447605e-01  6.98507514e-02  3.11563256e-02
 -9.30032767e-02 -1.11579575e-01  2.49279546e-02  3.31568318e-02
  4.17044858e-02  3.70124754e-02  5.30678301e-03]",55,55,"(np.int32(0), np.int32(0), np.int32(0), np.int32(0), np.int32(0), np.int32(1), np.int32(0), np.int32(0), np.int32(0), np.int32(0))",18.198035031155037
305,10,2,3,1.1779637885601417,"[-0.26199498  0.15236818  0.23644437  0.11135935 -0.00861921  0.08395812
  0.00894908 -0.03036502 -0.04754825  0.03538266 -0.10433176 -0.0793702
 -0.16707891 -0.00228687  0.01389955 -0.08334632  0.0408755   0.04718058
  0.01409928  0.64811718  0.25103235  0.0242828   0.04139698  0.00401089
 -0.03281632  0.10362502  0.01571207  0.28005556 -0.0084658   0.05529833
  0.09084857  0.04454137  0.01354007 -0.01442447 -0.06261909  0.07927726
 -0.09591517  0.01739051 -0.12331768  0.01788077 -0.03637772 -0.01359875
 -0.12400991 -0.0014859   0.01776912  0.11793948  0.05309442  0.06278786
 -0.04747365 -0.08550891  0.02613754  0.00635178  0.00116294  0.05745287
  0.03496816]",55,55,"(np.int32(0), np.int32(0), np.int32(0), np.int32(0), np.int32(0), np.int32(1), np.int32(0), np.int32(0), np.int32(0), np.int32(0))",18.198035031155037
325,10,2,3,1.1683041904356302,"[-0.23561925  0.15392423  0.22482995  0.10968714 -0.02533225  0.08627239
 -0.01046209 -0.01686972 -0.07499825  0.03564189 -0.09603719 -0.07428727
 -0.16287322 -0.00165734  0.03190469 -0.08111785  0.03690845  0.04635166
  0.02646017  0.63243505  0.2673239   0.01459549  0.03836936  0.01254092
 -0.03882953  0.07620307  0.00819381  0.27512054  0.0038877   0.04664083
  0.09808609  0.02669577  0.00142295 -0.02511773 -0.04798167  0.09387066
 -0.10193845  0.01276068 -0.12212694  0.0379178  -0.05943968  0.0045051
 -0.09684872 -0.00798448  0.01446434  0.11170069  0.05012103  0.05818595
 -0.07844051 -0.08116254  0.01353462  0.01970076  0.00780686  0.07066284
  0.02379525]",55,55,"(np.int32(0), np.int32(0), np.int32(0), np.int32(0), np.int32(0), np.int32(1), np.int32(0), np.int32(0), np.int32(0), np.int32(0))",18.198035031155037
345,10,2,3,1.1560055405788392,"[-2.66515991e-01  1.54052794e-01  2.19764051e-01  1.00656381e-01
 -1.31567976e-02  5.11776263e-02 -4.75984174e-02  4.48743530e-03
 -4.13047975e-02  5.54862287e-02 -1.07930881e-01 -1.00216000e-01
 -1.99990639e-01 -3.84886156e-02  1.61285303e-02 -5.87458820e-02
  1.86911847e-02  4.70627305e-02  2.88402223e-02  6.29777264e-01
  2.72686718e-01  2.06828628e-02  1.78117866e-02  1.37504536e-03
 -3.60942754e-02  7.99957833e-02  3.67720039e-02  2.84284975e-01
  6.46818488e-03  2.61197595e-02  8.24258760e-02  3.15056521e-02
  3.47273404e-02  2.83341395e-03 -7.29272177e-02  8.81174780e-02
 -1.09172239e-01  3.23757272e-02 -1.00535762e-01  6.39060643e-02
 -7.65200150e-02 -8.29155302e-03 -7.25122633e-02  1.62809687e-02
  2.46529891e-02  1.05816457e-01  2.57639180e-02  7.71047388e-02
 -6.73573867e-02 -9.60943352e-02  3.04490997e-05  2.79104758e-02
  2.60755948e-02  7.45595178e-02  1.45295050e-02]",55,55,"(np.int32(0), np.int32(0), np.int32(0), np.int32(0), np.int32(0), np.int32(1), np.int32(0), np.int32(0), np.int32(0), np.int32(0))",18.198035031155037
365,10,2,3,1.1522525824630763,"[-0.25751087  0.11443099  0.18871041  0.09657574 -0.02444988  0.05409714
 -0.06938829 -0.00382955 -0.06008888  0.06741385 -0.06454214 -0.05876808
 -0.20541965 -0.03819534 -0.00814912 -0.04356557  0.01213192  0.06170243
  0.01341963  0.63555185  0.30001717  0.0461499   0.01946675  0.01096738
 -0.06222145  0.05434354  0.02178551  0.30737498  0.02926238  0.02084947
  0.10869956  0.00386818  0.00129803 -0.01068877 -0.06745485  0.07693503
 -0.11183883  0.03871658 -0.07381488  0.04659374 -0.08425831  0.00809518
 -0.07242631  0.01977496  0.00893544  0.10299546  0.03550785  0.08939665
 -0.05446636 -0.07421284  0.01780973  0.01211961 -0.00641934  0.07692455
  0.02657447]",55,55,"(np.int32(0), np.int32(0), np.int32(0), np.int32(0), np.int32(0), np.int32(1), np.int32(0), np.int32(0), np.int32(0), np.int32(0))",18.198035031155037
385,10,2,3,1.1496934764886297,"[-0.24650724  0.10771361  0.18519546  0.11346787 -0.03842423  0.05420435
 -0.07542447 -0.01803371 -0.0591334   0.05411827 -0.05129731 -0.04223556
 -0.21401267 -0.0314646  -0.00945245 -0.04243085  0.01295612  0.07088361
  0.01966252  0.63748849  0.30568993  0.0447527   0.01476878  0.00275408
 -0.0648727   0.04613984  0.02424943  0.30828262  0.02484773  0.01169299
  0.10114913  0.00406645 -0.0023477  -0.01484451 -0.06406071  0.07317477
 -0.10172391  0.05528407 -0.05972145  0.04479726 -0.07452848  0.00580741
 -0.08213674  0.01383073  0.01442905  0.11187543  0.03429062  0.0853183
 -0.05644531 -0.09876679  0.01174739  0.01752619 -0.00095603  0.08156585
  0.02496839]",55,55,"(np.int32(0), np.int32(0), np.int32(0), np.int32(0), np.int32(0), np.int32(1), np.int32(0), np.int32(0), np.int32(0), np.int32(0))",18.198035031155037
405,10,2,3,1.1486132373438303,"[-0.22407168  0.11255361  0.18519746  0.1271767  -0.01892467  0.07913597
 -0.07814748 -0.00207251 -0.0538307   0.03513958 -0.03442971 -0.02378666
 -0.21592107 -0.02215141 -0.00841926 -0.0289561   0.00554023  0.05441632
  0.05167413  0.61752481  0.3233746   0.033613    0.02665601  0.00415507
 -0.04292115  0.05029107  0.00262519  0.3261055   0.00595104 -0.00114081
  0.0923307   0.0076682   0.00537979 -0.03582069 -0.06466206  0.06256226
 -0.08305796  0.01697759 -0.08115988  0.04599133 -0.06272304  0.01902399
 -0.06511896  0.00579477  0.01329897  0.1218441   0.01845246  0.0754781
 -0.04391584 -0.07873175  0.03659934  0.02482323 -0.01568063  0.09845152
  0.03243243]",55,55,"(np.int32(0), np.int32(0), np.int32(0), np.int32(0), np.int32(0), np.int32(1), np.int32(0), np.int32(0), np.int32(0), np.int32(0))",18.198035031155037
5,10,2,4,0.9553125,"[ 0.00000000e+00  0.00000000e+00  0.00000000e+00  0.00000000e+00
 -1.25000000e-01  0.00000000e+00 -6.25000000e-02  0.00000000e+00
  0.00000000e+00  0.00000000e+00  0.00000000e+00  0.00000000e+00
  0.00000000e+00  0.00000000e+00  2.22031917e-16  0.00000000e+00
  4.06250000e-01  0.00000000e+00  0.00000000e+00  0.00000000e+00
  0.00000000e+00  0.00000000e+00  0.00000000e+00  0.00000000e+00
  0.00000000e+00  0.00000000e+00  0.00000000e+00  0.00000000e+00
  0.00000000e+00  0.00000000e+00  0.00000000e+00  0.00000000e+00
  0.00000000e+00  0.00000000e+00  0.00000000e+00  0.00000000e+00
  0.00000000e+00  0.00000000e+00  0.00000000e+00  0.00000000e+00
  0.00000000e+00  0.00000000e+00  0.00000000e+00  0.00000000e+00
  0.00000000e+00  0.00000000e+00  0.00000000e+00  0.00000000e+00
  0.00000000e+00  0.00000000e+00  0.00000000e+00  0.00000000e+00
  0.00000000e+00  0.00000000e+00  0.00000000e+00]",4,4,"(np.int32(0), np.int32(0), np.int32(0), np.int32(0), np.int32(0), np.int32(1), np.int32(0), np.int32(0), np.int32(0), np.int32(0))",18.198035031155037
25,10,2,4,2.0060246122448784,"[-0.30953263  0.02613472  0.14759798  0.12143648  0.          0.
 -0.01666101 -1.14988214  0.          0.19525444  0.          0.
  0.          0.00718284  0.         -0.62617445  0.          0.
  0.          0.74045264  0.         -0.07145568  0.          0.
  0.          0.         -0.01900991  0.         -0.24996652  0.
  1.08086241  0.         -0.10237523  0.17859343 -0.00476029  0.
  0.         -0.7094862  -0.4546902   0.         -0.078547    0.12144541
  0.          0.          0.          0.          0.          0.
  0.07856486  0.          0.          0.00238907  0.          0.07852468
  0.        ]",24,36,"(np.int32(0), np.int32(0), np.int32(0), np.int32(0), np.int32(0), np.int32(1), np.int32(0), np.int32(0), np.int32(0), np.int32(0))",18.198035031155037
45,10,2,4,2.0227549416607795,"[-0.73873217 -0.10019281  0.41282399 -0.05176891  0.18875534  0.56872543
  0.09315683 -0.57834694  0.28331121  0.40141254  0.          0.19801062
 -0.30239936  0.34043473 -0.21138511 -0.3609913  -0.42445481  0.34351687
  0.10710799  0.90285419 -0.33424825 -0.43772102 -0.01839091  0.
 -0.1423728   0.         -0.2760474   0.          0.          0.03535464
  0.42625949 -0.20256701  0.          0.62321463  0.28200034  0.22794076
 -0.17875903 -0.27190316  0.025256    0.         -0.16499999  0.11353484
 -0.497499    0.         -0.05079213 -0.147892    0.          0.
 -0.12916799 -0.03435786  0.          0.33714769 -0.07016339 -0.16692883
  0.15578557]",44,72,"(np.int32(0), np.int32(0), np.int32(0), np.int32(0), np.int32(0), np.int32(1), np.int32(0), np.int32(0), np.int32(0), np.int32(0))",18.198035031155037
65,10,2,4,1.8348895103916951,"[-0.85810097 -0.4248088   0.2602377   0.52788229  0.23886278  0.47137617
  0.47423852 -0.43011363  0.0347446   0.28365268  0.04043152  0.10893238
 -0.69343346 -0.01918053 -0.01699897 -0.44314027  0.21578491 -0.09138306
 -0.13432385  0.96340586 -0.11817836 -0.28545501 -0.07051161  0.01194327
 -0.25879208  0.19459875  0.2119692   0.02407054 -0.42862934  0.18411244
  0.27911705  0.01516601  0.09923953  0.35546899  0.24014285  0.39797023
  0.32852382 -0.27791428  0.19878474  0.20076452 -0.34939136 -0.23129635
 -0.37503341 -0.14751205  0.0157973   0.15520417 -0.00849214  0.2782076
 -0.13106284 -0.39484627  0.37665261  0.26908882  0.4623606  -0.01755188
  0.30367848]",55,73,"(np.int32(0), np.int32(0), np.int32(0), np.int32(0), np.int32(0), np.int32(1), np.int32(0), np.int32(0), np.int32(0), np.int32(0))",18.198035031155037
85,10,2,4,1.425772691044406,"[-0.22122225 -0.07015685  0.15216218  0.08039533  0.09615851  0.17594811
 -0.18474856 -0.17206696  0.09657147  0.0075345  -0.04263042 -0.05942731
 -0.32269872  0.08109188 -0.18684422 -0.13704039 -0.03859733 -0.03476713
 -0.20371256  0.9061432   0.25268483  0.09826591  0.08069196  0.19079909
 -0.00596871  0.14460271  0.20234592  0.39073296 -0.43613551 -0.19579986
  0.24043316  0.04519311 -0.1269255  -0.13782102  0.03019212  0.02568917
  0.0891163  -0.36837353 -0.14934138  0.01843385 -0.52041363  0.14300392
 -0.11871854  0.04750547  0.04236579  0.06189487 -0.19454745  0.21109046
  0.06668912 -0.32762892 -0.11242679 -0.05979315 -0.06586382  0.05215088
  0.09102672]",55,59,"(np.int32(0), np.int32(0), np.int32(0), np.int32(0), np.int32(0), np.int32(1), np.int32(0), np.int32(0), np.int32(0), np.int32(0))",18.198035031155037
105,10,2,4,1.2674398203682558,"[-0.1892798  -0.14340404  0.05144041 -0.01460557  0.16245331  0.1052058
 -0.24458804 -0.12060252  0.181958   -0.01961416 -0.22257708 -0.16029319
 -0.3090482   0.06097864 -0.19846813 -0.01525378 -0.06159191 -0.02640904
 -0.29374682  0.80112898  0.07274003  0.00940556 -0.07332971  0.12776749
 -0.05871474  0.09684257  0.14879247  0.37550477 -0.24030716 -0.04509166
  0.15127028  0.12182088 -0.12783031 -0.05852279  0.084695   -0.04762704
  0.17925572 -0.23295626 -0.27244469 -0.05071724 -0.363528    0.18798177
 -0.11836153  0.07341151  0.06063007 -0.09977739 -0.01085445  0.19241762
 -0.01136525 -0.30928391 -0.04204256 -0.03468056  0.01208609  0.07134451
  0.0268597 ]",55,59,"(np.int32(0), np.int32(0), np.int32(0), np.int32(0), np.int32(0), np.int32(1), np.int32(0), np.int32(0), np.int32(0), np.int32(0))",18.198035031155037
125,10,2,4,1.2254738498140727,"[-0.29428824 -0.14957296  0.03229278  0.00619069  0.13129253  0.13462267
 -0.15022378 -0.15711115  0.06226976  0.02812421 -0.16633877 -0.10882131
 -0.27491576 -0.01561291 -0.30010402  0.05613811 -0.08808668  0.00389321
 -0.06393572  0.87643913  0.06150282  0.00185054  0.03896276  0.09052062
  0.05532119  0.04965788  0.03986562  0.31672112 -0.24217908 -0.07632117
  0.21404344  0.0934582  -0.14959748 -0.00508178  0.07897997 -0.00184714
  0.14879297 -0.17196438 -0.20099964 -0.11926257 -0.32187234  0.10786658
 -0.19387947 -0.04241568  0.0677725  -0.02041963  0.05171007 -0.02866855
 -0.07535562 -0.26672012  0.0674374  -0.08948993 -0.09075578  0.00841776
  0.19394359]",55,57,"(np.int32(0), np.int32(0), np.int32(0), np.int32(0), np.int32(0), np.int32(1), np.int32(0), np.int32(0), np.int32(0), np.int32(0))",18.198035031155037
145,10,2,4,1.147172358758401,"[-1.74908743e-01 -7.73875111e-02  1.52409255e-02  6.33311068e-02
  1.72491109e-02  1.05498197e-01 -1.49399361e-01 -8.53908325e-02
  9.02177621e-02  7.94952426e-02 -1.53429198e-01 -1.13664664e-01
 -2.49895283e-01  4.54227991e-02 -1.49449104e-01 -4.59045178e-02
 -1.26895582e-01  6.51334525e-02 -7.88155169e-02  7.59877395e-01
  1.54643030e-01 -5.45237555e-02  8.62999070e-02  4.03840462e-02
  6.94292861e-02  1.48649383e-02  5.90448386e-02  2.96214912e-01
 -1.70852091e-01 -9.54509953e-02  2.03148602e-01  9.41719659e-02
 -1.18143816e-01  3.77475197e-02 -1.01061742e-04 -3.18220794e-02
  1.00733505e-01 -1.24678624e-05 -1.74990187e-01 -5.18847926e-02
 -2.86498349e-01  6.56563905e-02 -1.52450376e-01 -1.12655902e-02
  1.13153457e-01  5.12988078e-02  4.26786058e-02  2.54406793e-02
 -5.72406908e-02 -2.37539399e-01  6.10678085e-02 -2.22380664e-02
 -3.31868734e-02  1.49639731e-02  1.03148579e-01]",55,55,"(np.int32(0), np.int32(0), np.int32(0), np.int32(0), np.int32(0), np.int32(1), np.int32(0), np.int32(0), np.int32(0), np.int32(0))",18.198035031155037
165,10,2,4,1.1047737693304782,"[-0.15182092 -0.07335969 -0.01231289  0.15664187 -0.01125404  0.0558852
 -0.1053016  -0.0285701   0.03529583  0.03803456 -0.04600496 -0.03518
 -0.17935911 -0.01673534 -0.08177373 -0.07522611 -0.0637884   0.09295599
  0.00336146  0.66971805  0.27469538  0.02331654 -0.03844184  0.0092377
  0.01243106  0.08583931  0.08234783  0.31916044 -0.04127802 -0.15942346
  0.12920545  0.03401407 -0.01387378  0.06735925  0.01824602  0.01401173
  0.02179744 -0.01878093 -0.12790571  0.03808821 -0.19382967  0.10933143
 -0.06987067 -0.07319861  0.06967847  0.07208004  0.07168132  0.07412165
 -0.0784093  -0.26432815  0.02210939  0.0325936   0.0917611   0.0768257
  0.07180031]",55,55,"(np.int32(0), np.int32(0), np.int32(0), np.int32(0), np.int32(0), np.int32(1), np.int32(0), np.int32(0), np.int32(0), np.int32(0))",18.198035031155037
185,10,2,4,1.1061736091883887,"[-0.21152838 -0.01540188  0.03275915  0.19636997 -0.02460585  0.00374018
 -0.0560529  -0.05843405  0.01626708  0.07956697  0.03184027  0.07768278
 -0.14611602  0.02858587 -0.06060494 -0.0565446  -0.13014339  0.06656097
  0.01952226  0.63744997  0.2208347   0.05528826 -0.07277085  0.00704365
  0.01000335  0.10154562  0.0606305   0.22433928 -0.02165407 -0.11510918
  0.09913301  0.03281832 -0.0201262   0.05107589 -0.04658735  0.03453815
 -0.03356114  0.03955893 -0.10722982  0.03597447 -0.10540865  0.09562129
 -0.06675791 -0.1074482   0.02657405  0.09661232  0.00878569  0.0379784
 -0.06211284 -0.18782897  0.10221174  0.01641999  0.09739862  0.01523274
  0.03332122]",55,55,"(np.int32(0), np.int32(0), np.int32(0), np.int32(0), np.int32(0), np.int32(1), np.int32(0), np.int32(0), np.int32(0), np.int32(0))",18.198035031155037
205,10,2,4,1.161248478816998,"[-0.24344751  0.0301991   0.07080996  0.18319008 -0.13600532 -0.00927496
  0.05504793 -0.01474512 -0.01511185  0.05046994 -0.02761514  0.08986814
 -0.2370727   0.18045321 -0.05687801 -0.15210693 -0.19150071  0.15015935
 -0.07601635  0.64648365  0.26229419 -0.01935538  0.02943864  0.05670408
  0.01948974  0.12176718  0.07671641  0.28292904 -0.04413129 -0.04630857
  0.12298076  0.0275856  -0.01947115  0.03079421 -0.18091953  0.09407648
  0.03421971  0.0848135  -0.1300473   0.08724643 -0.15308254  0.01396724
 -0.18345423 -0.0104201  -0.08903863  0.11103906  0.0475246  -0.01092429
 -0.03766155 -0.10887984  0.03964479  0.09679163  0.05106141  0.0754929
  0.03532135]",55,55,"(np.int32(0), np.int32(0), np.int32(0), np.int32(0), np.int32(0), np.int32(1), np.int32(0), np.int32(0), np.int32(0), np.int32(0))",18.198035031155037
225,10,2,4,1.1754525291228841,"[-0.22478391  0.04886141  0.07356757  0.16493194 -0.1012306   0.0524035
  0.05851142 -0.05390824  0.00539988  0.0453888  -0.03024368  0.08189538
 -0.25454891  0.12643109 -0.12073943 -0.13936019 -0.15824674  0.13774309
 -0.03356579  0.6714155   0.29240611 -0.00148109  0.05154537  0.07710929
  0.00502813  0.13876204  0.04755602  0.32327077 -0.02824353 -0.02710239
  0.13963643 -0.02384838  0.00489651 -0.00812836 -0.17605483  0.1254585
  0.04661778  0.05179096 -0.0757661   0.09527809 -0.13152269  0.03493765
 -0.15861679 -0.00690613 -0.08943799  0.14736742  0.04607654  0.01046849
 -0.02108182 -0.09179419  0.05374391  0.07101466  0.02664761  0.10462899
  0.03344535]",55,55,"(np.int32(0), np.int32(0), np.int32(0), np.int32(0), np.int32(0), np.int32(1), np.int32(0), np.int32(0), np.int32(0), np.int32(0))",18.198035031155037
245,10,2,4,1.1391841553079693,"[-0.21484781  0.06628634  0.04202908  0.14450434 -0.12699091  0.09831334
  0.04128226 -0.03266906 -0.03009399  0.06778107  0.04370034  0.07380408
 -0.20097096  0.04772898 -0.1292044  -0.07924014 -0.07484835  0.108704
  0.00996844  0.61659935  0.26852914  0.00372143  0.05880298  0.07263495
 -0.00388792  0.05165366  0.06610519  0.2907497  -0.04983659 -0.00225799
  0.12945451 -0.00942671 -0.00824947 -0.01518459 -0.15973896  0.1224039
  0.0152498   0.06720549 -0.1347065   0.06393943 -0.10899382  0.03700684
 -0.11869683  0.06219293 -0.03603267  0.13792611  0.03690019  0.06804604
 -0.01860726 -0.06922493 -0.01557799  0.04553517 -0.01294648  0.07008591
  0.01333619]",55,57,"(np.int32(0), np.int32(0), np.int32(0), np.int32(0), np.int32(0), np.int32(1), np.int32(0), np.int32(0), np.int32(0), np.int32(0))",18.198035031155037
265,10,2,4,1.1450994906069325,"[-0.19102278  0.07977943  0.07032938  0.13706513 -0.13584587  0.09048735
  0.03428952 -0.06126104 -0.06811339  0.10196884  0.03398959  0.09267632
 -0.20278132  0.06129227 -0.10140433 -0.11973527 -0.07800716  0.10014004
  0.01783029  0.59310624  0.28824441 -0.00562751  0.0534436   0.07624632
  0.01294377  0.04969437  0.03188852  0.28273286 -0.03457012 -0.01063956
  0.14251571  0.00896093 -0.00838562 -0.04281874 -0.1561202   0.11534928
  0.02991698  0.03569298 -0.12352404  0.08709227 -0.11481859  0.01572789
 -0.153081    0.03540043 -0.01946067  0.15508916  0.03329435  0.0505134
 -0.02338813 -0.05166349  0.01366185  0.04663345 -0.01744893  0.0506113
  0.02576135]",55,55,"(np.int32(0), np.int32(0), np.int32(0), np.int32(0), np.int32(0), np.int32(1), np.int32(0), np.int32(0), np.int32(0), np.int32(0))",18.198035031155037
285,10,2,4,1.1585435842862737,"[-0.2100892   0.10930715  0.11809747  0.1574713  -0.1653224   0.08739669
  0.01113525 -0.03375137 -0.09838393  0.05890323  0.07932423  0.11591841
 -0.19905908  0.05438563 -0.06736265 -0.08145094 -0.06091127  0.07916892
  0.05333901  0.62473664  0.28301405  0.00421269  0.04312006  0.01442573
  0.00540836  0.03661582 -0.00529504  0.2802124  -0.02604286  0.00128151
  0.11754551 -0.0063308   0.00498341 -0.05713327 -0.17502271  0.07811582
 -0.01389244  0.02613359 -0.10673606  0.05519515 -0.07008478  0.04489437
 -0.17786662  0.03985904  0.03416678  0.13258477 -0.00658932  0.05550611
 -0.04271787 -0.04036611 -0.01725281  0.03612014 -0.01528157  0.035444
  0.02222746]",55,55,"(np.int32(0), np.int32(0), np.int32(0), np.int32(0), np.int32(0), np.int32(1), np.int32(0), np.int32(0), np.int32(0), np.int32(0))",18.198035031155037
305,10,2,4,1.1354183590722586,"[-0.19679974  0.08637476  0.09739455  0.14808518 -0.13676258  0.09422706
 -0.01136363  0.00461667 -0.09841423  0.0558067   0.06648446  0.09598411
 -0.19691459  0.03542569 -0.07930466 -0.10084062 -0.02608577  0.10233462
  0.06013901  0.60998733  0.28378973 -0.02149071  0.035607    0.02031636
 -0.00657838  0.04748316  0.0238785   0.25763405 -0.04779123  0.00997876
  0.11524216  0.00223666  0.01910959 -0.01984606 -0.16934379  0.06382192
 -0.04402383  0.03984273 -0.07209186  0.058929   -0.08483681  0.04169927
 -0.13766737  0.05213333  0.02650176  0.12049473  0.00376532  0.09112366
 -0.01745515 -0.04730376 -0.01609221  0.0431297  -0.03239318  0.00314474
  0.02848948]",55,55,"(np.int32(0), np.int32(0), np.int32(0), np.int32(0), np.int32(0), np.int32(1), np.int32(0), np.int32(0), np.int32(0), np.int32(0))",18.198035031155037
325,10,2,4,1.152394978092497,"[-0.23649317  0.0836944   0.11408434  0.12761663 -0.11394031  0.13830166
 -0.05426768 -0.01754616 -0.1115893   0.061013    0.04831923  0.08641399
 -0.20359841  0.03044831 -0.0892817  -0.13124043 -0.01343885  0.09976744
  0.089277    0.60517906  0.30549504 -0.01237188  0.06171043  0.01907281
 -0.0326833   0.05852278 -0.00605674  0.24198524  0.00457797  0.03491265
  0.13838724 -0.02449659  0.01906656 -0.03083512 -0.13979808  0.09976227
 -0.06120012 -0.01875507 -0.06685979  0.05588875 -0.07863134  0.04929841
 -0.10626659  0.04144245 -0.01274339  0.13406325  0.01847387  0.07931555
 -0.03583523 -0.04058372 -0.05210542  0.0706802  -0.02864905  0.02938517
  0.03787361]",55,55,"(np.int32(0), np.int32(0), np.int32(0), np.int32(0), np.int32(0), np.int32(1), np.int32(0), np.int32(0), np.int32(0), np.int32(0))",18.198035031155037
345,10,2,4,1.1488136394836714,"[-2.42973868e-01  1.17528902e-01  1.40793334e-01  1.15694358e-01
 -8.97649262e-02  1.24011865e-01 -8.37287396e-02 -3.17014609e-03
 -7.75803992e-02  7.92574518e-02  2.07316338e-04  5.74726323e-02
 -2.22260385e-01 -2.56468514e-02 -6.47241410e-02 -9.89548404e-02
 -3.41025311e-02  7.87071509e-02  7.18542986e-02  6.02774576e-01
  3.44754776e-01 -2.24984416e-03  5.74955309e-02  3.08435485e-02
 -2.71683083e-02  2.76279650e-02 -1.24577278e-02  3.02755611e-01
  2.43541405e-02  3.75311869e-02  1.41928201e-01 -2.55302648e-03
 -1.17239207e-02 -2.57703924e-02 -1.13083669e-01  9.72710192e-02
 -6.51414394e-02 -2.42119724e-04 -7.12839986e-02  5.99461049e-02
 -7.51532882e-02  3.40376526e-02 -9.41908960e-02  2.65562258e-02
 -2.63332045e-02  9.89951098e-02  1.72142767e-02  8.54631313e-02
 -4.67068497e-02 -8.66258635e-02  6.04848386e-03  8.05073122e-02
 -3.30438271e-02  3.51396357e-02  4.21861938e-02]",55,55,"(np.int32(0), np.int32(0), np.int32(0), np.int32(0), np.int32(0), np.int32(1), np.int32(0), np.int32(0), np.int32(0), np.int32(0))",18.198035031155037
365,10,2,4,1.1466483974899517,"[-0.22470385  0.10727212  0.15192836  0.11992272 -0.04786659  0.10211763
 -0.06403106  0.00987803 -0.05571939  0.03844095 -0.01197608  0.03555904
 -0.21921633 -0.01820934 -0.07612692 -0.06785113 -0.0143027   0.07645932
  0.05626916  0.60774865  0.32046152  0.02997647  0.04641182  0.03283295
 -0.0454833   0.02893478  0.00179203  0.29046794  0.02313301  0.01899435
  0.15235574 -0.02636308 -0.01368934 -0.01558059 -0.09325022  0.09443063
 -0.06016078  0.01727128 -0.03892284  0.02629042 -0.04525281  0.02769628
 -0.10916698  0.00878334 -0.02041306  0.1046241   0.04322263  0.09792059
 -0.0488357  -0.08863228  0.01791611  0.06595431 -0.00322913  0.03631357
  0.03688206]",55,55,"(np.int32(0), np.int32(0), np.int32(0), np.int32(0), np.int32(0), np.int32(1), np.int32(0), np.int32(0), np.int32(0), np.int32(0))",18.198035031155037
385,10,2,4,1.1469152608781388,"[-0.2234578   0.11496498  0.17728337  0.12795557 -0.01846769  0.09389021
 -0.05761416  0.00866831 -0.03802632  0.05917133 -0.02116712  0.0106012
 -0.19598323 -0.0135644  -0.04701533 -0.04410461 -0.00494342  0.06683367
  0.05052171  0.60373415  0.30942415  0.03874117  0.03762415  0.01186464
 -0.02347092  0.05190253  0.00246806  0.30816557  0.03620389  0.0037492
  0.13580174 -0.00110073 -0.01730916 -0.03418811 -0.05652985  0.06566836
 -0.05582715  0.01839633 -0.0563263   0.0505658  -0.07978883  0.0179255
 -0.07306023  0.02817939  0.01049768  0.10039422  0.00104891  0.08959877
 -0.04100358 -0.0800132   0.03297894  0.04727237  0.02291537  0.07360141
  0.02215253]",55,55,"(np.int32(0), np.int32(0), np.int32(0), np.int32(0), np.int32(0), np.int32(1), np.int32(0), np.int32(0), np.int32(0), np.int32(0))",18.198035031155037
405,10,2,4,1.1486132373438303,"[-0.22407168  0.11255361  0.18519746  0.1271767  -0.01892467  0.07913597
 -0.07814748 -0.00207251 -0.0538307   0.03513958 -0.03442971 -0.02378666
 -0.21592107 -0.02215141 -0.00841926 -0.0289561   0.00554023  0.05441632
  0.05167413  0.61752481  0.3233746   0.033613    0.02665601  0.00415507
 -0.04292115  0.05029107  0.00262519  0.3261055   0.00595104 -0.00114081
  0.0923307   0.0076682   0.00537979 -0.03582069 -0.06466206  0.06256226
 -0.08305796  0.01697759 -0.08115988  0.04599133 -0.06272304  0.01902399
 -0.06511896  0.00579477  0.01329897  0.1218441   0.01845246  0.0754781
 -0.04391584 -0.07873175  0.03659934  0.02482323 -0.01568063  0.09845152
  0.03243243]",55,55,"(np.int32(0), np.int32(0), np.int32(0), np.int32(0), np.int32(0), np.int32(1), np.int32(0), np.int32(0), np.int32(0), np.int32(0))",18.198035031155037
5,10,2,5,1.4675,"[ 0.00000000e+00  0.00000000e+00  2.50000000e-01  0.00000000e+00
  3.05296066e-16  0.00000000e+00  0.00000000e+00  0.00000000e+00
  0.00000000e+00 -7.50000000e-01  0.00000000e+00  0.00000000e+00
  0.00000000e+00  0.00000000e+00  0.00000000e+00  0.00000000e+00
  0.00000000e+00  0.00000000e+00  0.00000000e+00  0.00000000e+00
  0.00000000e+00  0.00000000e+00  0.00000000e+00  0.00000000e+00
  0.00000000e+00  0.00000000e+00  0.00000000e+00  0.00000000e+00
  0.00000000e+00  0.00000000e+00  0.00000000e+00  0.00000000e+00
  0.00000000e+00  0.00000000e+00  0.00000000e+00  0.00000000e+00
  0.00000000e+00  0.00000000e+00  0.00000000e+00  0.00000000e+00
  0.00000000e+00  0.00000000e+00  0.00000000e+00  0.00000000e+00
  0.00000000e+00  0.00000000e+00  0.00000000e+00  2.50000000e-01
  0.00000000e+00  0.00000000e+00  0.00000000e+00  0.00000000e+00
  0.00000000e+00  0.00000000e+00  0.00000000e+00]",4,4,"(np.int32(0), np.int32(0), np.int32(0), np.int32(0), np.int32(0), np.int32(1), np.int32(0), np.int32(0), np.int32(0), np.int32(0))",18.198035031155037
25,10,2,5,1.5941571193139787,"[ 0.          0.11532844  0.          0.          0.         -0.08651053
  0.          0.1538208   0.         -0.20196329  0.          0.
  0.18263699  0.          0.          0.24034763 -0.29804468  0.38458164
  0.18266148  0.          0.30765611  0.15381104  0.          0.
  0.49035341  0.04808359  0.          0.          0.5000151  -0.35573774
  0.          0.          0.          0.29805226 -0.69221041  0.
  0.20193301  0.          0.          0.11542707  0.0192152   0.
  0.          0.          0.          0.          0.          0.50962082
  0.18267365  0.          0.          0.          0.         -0.09612706
  0.59611114]",24,40,"(np.int32(0), np.int32(0), np.int32(0), np.int32(0), np.int32(0), np.int32(1), np.int32(0), np.int32(0), np.int32(0), np.int32(0))",18.198035031155037
45,10,2,5,1.9135424857998427,"[ 0.20581942  0.22979152  0.28736246  0.42269942  0.         -0.69748217
  0.12165096 -0.41662736 -0.13694124 -0.43986999 -0.1927802  -0.42612166
  0.          0.10769413 -0.57159825  0.54464953  0.          0.1954549
  0.          0.58402722  0.70672168  0.25278471 -0.00899736  0.
  0.22790797  0.14291996  0.04696984  0.56462295  0.11270849 -0.04852136
  0.          0.         -0.13706033  0.44653308 -0.50624201 -0.28983507
 -0.08770771 -0.1223464   0.1218874  -0.05659323  0.06839724  0.
  0.         -0.06945185  0.75295339 -0.10140737 -0.0682531   0.26405516
  0.38960167  0.30737596  0.29381511  0.2469467  -0.31569554  0.
  0.        ]",44,70,"(np.int32(0), np.int32(0), np.int32(0), np.int32(0), np.int32(0), np.int32(1), np.int32(0), np.int32(0), np.int32(0), np.int32(0))",18.198035031155037
65,10,2,5,2.2668669406824145,"[-0.01586327 -0.16413401  0.31110742  0.46990599 -0.02171048 -0.50122018
 -0.30793926 -0.47648937 -0.15363418 -0.29504935 -0.17912136 -0.60238257
  0.238453    0.1551318  -0.86036932  0.19802392 -0.13307342  0.47826948
  0.17721227  0.76012598  0.37926047  0.05240565 -0.36472258  0.01100969
 -0.22861232 -0.14941501 -0.09502961  0.74712836 -0.24049704 -0.19750529
 -0.50136964 -0.59362743 -0.4936874   0.16342867 -0.6326248   0.08554291
 -0.27156934 -0.00781406  0.06853855  0.30325323  0.28184915  0.32773295
  0.60231376 -0.09259115  0.40059782 -0.1386255  -0.30777873  0.51067931
 -0.17834215  0.30445853  0.438722   -0.21250744 -0.06378744 -0.30029037
 -0.06456401]",55,79,"(np.int32(0), np.int32(0), np.int32(0), np.int32(0), np.int32(0), np.int32(1), np.int32(0), np.int32(0), np.int32(0), np.int32(0))",18.198035031155037
85,10,2,5,1.832440951576105,"[ 0.14802555  0.03952156  0.14741695  0.26363436  0.28414227 -0.42133617
 -0.04625014 -0.27665026 -0.06427888 -0.18727633 -0.08110082 -0.44310138
 -0.31671839  0.0537833  -0.27859127  0.34360287 -0.21102007  0.34189011
  0.10100111  0.88038666  0.70051948  0.12920704 -0.3030489  -0.31181794
 -0.17211467  0.01310122  0.11923191  0.63891307 -0.11613653 -0.14892734
 -0.26056565 -0.24644222 -0.1615837   0.19661659 -0.57173301 -0.41433288
 -0.30908353 -0.05667188 -0.04211988 -0.02884602 -0.07114956 -0.01352047
  0.03245767  0.19028259  0.34864413  0.21202    -0.15927971  0.35940695
  0.05225496  0.00953012  0.31953308  0.24211231 -0.01526834 -0.07398754
  0.07810472]",55,59,"(np.int32(0), np.int32(0), np.int32(0), np.int32(0), np.int32(0), np.int32(1), np.int32(0), np.int32(0), np.int32(0), np.int32(0))",18.198035031155037
105,10,2,5,1.4694021008707652,"[-0.0355744   0.03152897  0.20221296  0.16138023  0.03258693 -0.34181459
  0.08546021 -0.23346203  0.0334088  -0.12635643 -0.10808104 -0.21469101
 -0.17948598 -0.20908387 -0.42879919  0.38245549 -0.11787866  0.23641297
 -0.11097285  0.89275349  0.56878907  0.07906924 -0.17858843 -0.2342586
 -0.13347318  0.11495634  0.09624401  0.73837341 -0.0578433  -0.16567674
 -0.28679396 -0.1539033  -0.07845665  0.34608833 -0.18416974 -0.07638043
 -0.12232353  0.00431509  0.09443819  0.02477848 -0.24216533  0.03056144
  0.10526242  0.04249866  0.15114346  0.21681153 -0.03195332  0.07759421
  0.25114509  0.10353351 -0.06956656  0.13376626 -0.08140192  0.02728084
  0.05000463]",55,55,"(np.int32(0), np.int32(0), np.int32(0), np.int32(0), np.int32(0), np.int32(1), np.int32(0), np.int32(0), np.int32(0), np.int32(0))",18.198035031155037
125,10,2,5,1.3573704351893514,"[-0.08080921  0.00200835  0.21321266  0.18220131  0.02271215 -0.21842688
 -0.11442037 -0.08133791  0.00257697 -0.06918628 -0.0299516  -0.09684214
 -0.15805633 -0.14361182 -0.30390469  0.2162831   0.02465141  0.28988186
 -0.04477743  0.84746376  0.50957435  0.04422629 -0.25822684 -0.14959774
 -0.18598638  0.11070136  0.08233976  0.57960922 -0.09843863 -0.14883122
 -0.23212486 -0.26061025 -0.13264324  0.20823434 -0.24458664 -0.04724844
 -0.15170515 -0.02365456 -0.01406779  0.02832241 -0.16362448  0.11896567
  0.06496854 -0.01879173  0.0242435   0.2434955  -0.05582713  0.12663612
  0.07974308  0.02682708 -0.03950113  0.15096799 -0.09232612 -0.05674897
  0.02379006]",55,55,"(np.int32(0), np.int32(0), np.int32(0), np.int32(0), np.int32(0), np.int32(1), np.int32(0), np.int32(0), np.int32(0), np.int32(0))",18.198035031155037
145,10,2,5,1.280172531692022,"[-0.01684502  0.03036698  0.12014215  0.15389078 -0.00638381 -0.21010864
 -0.13340644 -0.01374507  0.00443438 -0.02631067 -0.08810921 -0.08316932
 -0.26681636 -0.09282546 -0.24001124  0.1150306   0.08619672  0.26728611
 -0.11050694  0.89654077  0.53075868 -0.00750166 -0.2433487  -0.21518157
 -0.17492009  0.08987405  0.01951219  0.51132432 -0.07546207 -0.13270769
 -0.17772079 -0.17043033 -0.14102809  0.14139456 -0.22352637 -0.07372566
 -0.15406432 -0.04991887 -0.0568286   0.05640928 -0.13698742  0.05326477
 -0.02392642  0.00787864  0.0099762   0.11490899 -0.05833035  0.23304086
 -0.03580992 -0.01015993  0.04983119  0.07017475 -0.02853875 -0.00474851
  0.08936544]",55,57,"(np.int32(0), np.int32(0), np.int32(0), np.int32(0), np.int32(0), np.int32(1), np.int32(0), np.int32(0), np.int32(0), np.int32(0))",18.198035031155037
165,10,2,5,1.143303556437045,"[-1.87892847e-01  5.42806249e-02  1.44278023e-01  9.12268778e-02
 -3.56670520e-02 -5.79203794e-02 -9.60288703e-02 -3.87014937e-02
  4.64525626e-02  4.07443106e-03 -6.31537080e-02  4.02457119e-02
 -2.18444365e-01 -5.29580305e-02 -4.51588396e-02  8.54215888e-02
  6.30231886e-03  1.96654631e-01 -7.65909061e-02  7.75476759e-01
  3.75524231e-01 -2.92493400e-02 -1.69731761e-01 -1.71776229e-01
 -1.52843960e-01  1.47405915e-01  4.90859985e-02  3.91990223e-01
 -9.94333419e-03 -1.26920543e-01 -8.72537463e-02 -1.45769352e-01
 -7.71123203e-02  5.71034384e-02 -1.97375186e-01 -1.97625113e-03
 -4.00320066e-02 -5.35053208e-02 -3.03923475e-02 -5.33090453e-02
 -8.29014113e-02  1.77623911e-02 -1.03571206e-01 -2.61815313e-02
  7.10985310e-04  4.13942408e-02  2.62885717e-03  1.53834454e-01
 -3.01914156e-02 -3.00759383e-02 -1.07091248e-02  1.29010504e-01
 -5.43122169e-02  6.00995604e-02  9.94036891e-02]",55,55,"(np.int32(0), np.int32(0), np.int32(0), np.int32(0), np.int32(0), np.int32(1), np.int32(0), np.int32(0), np.int32(0), np.int32(0))",18.198035031155037
185,10,2,5,1.1619127890324477,"[-1.38369775e-01  6.75873316e-02  1.10415669e-01  1.26065781e-01
 -4.40868943e-02 -5.69327403e-02 -7.63234709e-02 -6.81570813e-02
  0.00000000e+00 -4.02243282e-03 -2.69936889e-02  9.66263997e-03
 -2.27182966e-01 -6.29108525e-02 -8.80360641e-02  4.46357478e-02
 -3.92271196e-02  1.77311384e-01 -5.70574238e-03  7.39033552e-01
  3.92608803e-01 -3.15349411e-02 -1.83607798e-01 -1.52029338e-01
 -1.64977252e-01  1.36749059e-01  3.37863248e-02  4.15946559e-01
 -3.16697158e-03 -9.49004626e-02 -3.81887751e-02 -1.25012262e-01
 -7.04903473e-02  1.66318377e-03 -2.06836641e-01  5.67880900e-04
 -2.37734912e-02 -6.91876261e-02 -5.69365536e-02 -3.40478959e-02
 -7.25744255e-02  1.32106809e-02 -4.99185946e-02 -1.73528939e-02
 -2.13756507e-02  8.47579021e-02  4.59472849e-02  1.45565239e-01
 -4.28796492e-02 -1.74743051e-03 -8.02023521e-03  1.27750676e-01
 -3.86742619e-02  3.15066862e-02  5.51635816e-02]",54,56,"(np.int32(0), np.int32(0), np.int32(0), np.int32(0), np.int32(0), np.int32(1), np.int32(0), np.int32(0), np.int32(0), np.int32(0))",18.198035031155037
205,10,2,5,1.1001815591295503,"[-0.21181287  0.03882692  0.12344401  0.12558295 -0.05661657 -0.04165763
 -0.13487025 -0.02256646  0.04122894 -0.04587543 -0.01663547 -0.00093422
 -0.22745332 -0.03995492 -0.02434383  0.08095503  0.02061333  0.10343213
  0.0288349   0.62748604  0.31626803  0.03436419 -0.08062754 -0.10402567
 -0.12131652  0.13285825  0.01602706  0.28374434  0.07340609 -0.05927732
 -0.00692815 -0.09151282 -0.04314096 -0.04586933 -0.12919209  0.08074558
 -0.00463301 -0.05684167 -0.03645168 -0.08017257 -0.0462478   0.01650593
 -0.07735774 -0.06169682  0.04275192  0.02468411  0.00410737  0.133661
  0.02239599  0.00778497  0.03933769  0.12223606 -0.02932912  0.06781205
  0.05533746]",55,55,"(np.int32(0), np.int32(0), np.int32(0), np.int32(0), np.int32(0), np.int32(1), np.int32(0), np.int32(0), np.int32(0), np.int32(0))",18.198035031155037
225,10,2,5,1.1531892367852468,"[-0.23504324  0.13227429  0.18533841  0.21855214 -0.10307537  0.03482397
 -0.09731361 -0.00897863  0.0319272   0.03172886 -0.0070792  -0.05246696
 -0.25884085  0.00396849 -0.00343157  0.06469984 -0.0367723   0.1112053
  0.05804056  0.67578172  0.41113096 -0.02063328 -0.07246416 -0.05133081
 -0.006928    0.11877553  0.06956536  0.39974981  0.01191972 -0.04952675
  0.07542957 -0.05970573 -0.03109699  0.01320709 -0.12946182  0.15309539
  0.00350994 -0.00984987 -0.10450434  0.04015525 -0.15944136 -0.04698097
 -0.07890735  0.00185846 -0.06154791  0.10011276  0.06459402  0.039587
  0.05306229  0.05532118 -0.04041628  0.11227421  0.03793307  0.1667221
 -0.01706264]",55,55,"(np.int32(0), np.int32(0), np.int32(0), np.int32(0), np.int32(0), np.int32(1), np.int32(0), np.int32(0), np.int32(0), np.int32(0))",18.198035031155037
245,10,2,5,1.1759270717178003,"[-2.83677192e-01  1.17940581e-01  1.63236817e-01  1.72805105e-01
 -8.77916362e-02  2.04205400e-02 -1.30124419e-01 -3.26557064e-02
 -9.20589061e-03  6.49360758e-02 -5.29735524e-03 -3.30759642e-02
 -2.65644035e-01 -1.21636449e-02  1.07547305e-02  2.97737884e-02
 -4.77706523e-02  1.30100706e-01  4.20568633e-02  6.69662926e-01
  3.71779842e-01 -3.43839501e-02 -6.31073438e-02 -3.07279734e-02
 -2.08749103e-02  8.98075626e-02  8.41583772e-02  4.10391294e-01
 -1.34838616e-02 -5.70705102e-04  4.82355350e-02 -2.20951248e-02
 -5.30023247e-02  1.26619856e-02 -1.75282879e-01  1.48635306e-01
 -6.59004198e-02  4.87987541e-02 -1.25982110e-01  5.29606208e-02
 -9.23419131e-02  6.66267709e-03 -8.72233208e-02 -6.49721366e-02
 -3.55944628e-02  1.15915298e-01  2.70419818e-02  1.08449626e-01
  2.52280189e-03  1.15098775e-02 -1.76385757e-02  9.04877896e-02
  4.17138276e-02  1.22522630e-01 -2.02313280e-02]",55,55,"(np.int32(0), np.int32(0), np.int32(0), np.int32(0), np.int32(0), np.int32(1), np.int32(0), np.int32(0), np.int32(0), np.int32(0))",18.198035031155037
265,10,2,5,1.165646127542751,"[-2.47509290e-01  1.22202847e-01  1.62153323e-01  1.65681117e-01
 -9.37632045e-02  4.24975814e-02 -1.11254103e-01 -1.51713010e-02
 -1.61943475e-02  6.38556801e-02 -7.67934298e-03 -1.56856907e-02
 -2.77690288e-01 -7.04573236e-05 -2.28300086e-04  3.74984662e-02
 -4.20831691e-02  1.11066304e-01  1.49608275e-02  6.43802401e-01
  4.07641127e-01 -4.61299387e-02 -4.50594427e-02 -2.03147696e-02
 -1.78294495e-02  1.09700249e-01  7.06545186e-02  4.30006904e-01
 -6.54848343e-02  3.59623115e-02  5.65260446e-02  7.95441445e-03
 -1.60062517e-02  1.39674289e-02 -1.66698670e-01  1.28978653e-01
 -7.74325467e-02  3.12703231e-02 -1.54458769e-01  7.08886676e-02
 -6.80067807e-02  3.37231923e-02 -7.18492966e-02 -3.58079047e-02
 -3.65116160e-02  9.12429235e-02  1.68746973e-02  9.95768752e-02
 -2.08881378e-02  9.88261439e-03 -2.58024720e-02  7.17152520e-02
  2.61239907e-02  9.97071811e-02 -1.00598627e-02]",55,55,"(np.int32(0), np.int32(0), np.int32(0), np.int32(0), np.int32(0), np.int32(1), np.int32(0), np.int32(0), np.int32(0), np.int32(0))",18.198035031155037
285,10,2,5,1.1666599922075722,"[-0.24482881  0.10330803  0.13944231  0.13327445 -0.05500808  0.04637956
 -0.10776629 -0.00114582 -0.00799713  0.04177637 -0.01281755 -0.01940136
 -0.28067848  0.02308356 -0.01887196  0.03207489 -0.02152694  0.10420811
  0.02969938  0.64923063  0.40643322 -0.01510694 -0.04630548 -0.01916158
 -0.00767847  0.11219047  0.06751566  0.42029744 -0.07051003  0.01183199
  0.07790595  0.02336912 -0.01676475  0.00928151 -0.14913752  0.12237797
 -0.08052517  0.02714596 -0.12191994  0.0817948  -0.06990366  0.02251353
 -0.05599288 -0.06301481 -0.02366815  0.11328027  0.03595469  0.09939284
 -0.0541259  -0.01626526 -0.037353    0.05345665  0.01551949  0.1180136
  0.00262722]",55,55,"(np.int32(0), np.int32(0), np.int32(0), np.int32(0), np.int32(0), np.int32(1), np.int32(0), np.int32(0), np.int32(0), np.int32(0))",18.198035031155037
305,10,2,5,1.1491861860133763,"[-0.23626631  0.11895959  0.18960426  0.0974057  -0.05307289  0.11213593
 -0.05484668  0.01754725 -0.04263625  0.05940236  0.00505454 -0.01672104
 -0.27796367 -0.00351557 -0.00757925  0.02525585 -0.00947574  0.06619343
  0.04196822  0.64205799  0.37481958 -0.02452363 -0.02255652 -0.02364241
 -0.02448896  0.0937619   0.08258305  0.42606382 -0.06601389 -0.02378661
  0.03605431 -0.00473856  0.01320163  0.0113896  -0.14705864  0.11349509
 -0.04449325  0.01074762 -0.07961184  0.08329474 -0.05148183  0.03059959
 -0.07426197 -0.07032032  0.00456598  0.07184475  0.02478416  0.09270092
 -0.07762259 -0.0233786  -0.0235008   0.02132216  0.01000178  0.08705552
  0.03457412]",55,55,"(np.int32(0), np.int32(0), np.int32(0), np.int32(0), np.int32(0), np.int32(1), np.int32(0), np.int32(0), np.int32(0), np.int32(0))",18.198035031155037
325,10,2,5,1.1443523688583128,"[-0.19645643  0.08698912  0.15086162  0.11080478 -0.01953314  0.10717453
 -0.0408235   0.0019034  -0.01982532  0.04934655 -0.01961031 -0.05011024
 -0.27358793  0.01068018 -0.01508376  0.01057543 -0.01311332  0.08781615
  0.05446295  0.6549986   0.36520398 -0.02225482 -0.02086574 -0.02913073
 -0.02394709  0.09701994  0.03826234  0.41118915 -0.07318824 -0.00652137
  0.03795858 -0.02551824  0.02449005 -0.00183545 -0.11880886  0.10040014
 -0.04976279 -0.01389862 -0.06131793  0.09305129 -0.08627663  0.01802469
 -0.06503769 -0.06630516  0.01932279  0.07872574  0.03385061  0.08392652
 -0.07292856 -0.04612783 -0.01144     0.02458273  0.01011148  0.08440697
  0.06208633]",55,55,"(np.int32(0), np.int32(0), np.int32(0), np.int32(0), np.int32(0), np.int32(1), np.int32(0), np.int32(0), np.int32(0), np.int32(0))",18.198035031155037
345,10,2,5,1.1436093447851179,"[-2.02020984e-01  9.22770257e-02  1.75340666e-01  1.30437866e-01
 -4.03873148e-02  8.68590972e-02 -3.47092980e-02 -3.56085218e-03
 -3.42169871e-02  5.37205072e-02 -1.60173658e-02 -2.39677035e-02
 -2.33565029e-01 -1.15204965e-02 -1.96642367e-02 -3.10917187e-05
 -1.76545531e-02  1.01714536e-01  5.64802136e-02  6.47473850e-01
  3.62592745e-01 -1.57543336e-02 -1.64793975e-02 -3.14291637e-02
 -4.72338269e-02  9.40469410e-02  2.70216350e-02  3.83327232e-01
 -5.35604729e-02 -9.77679791e-03  4.78760932e-02 -2.91337628e-02
  3.10000652e-02 -2.03637264e-02 -1.11200165e-01  7.73718189e-02
 -6.84304937e-02 -2.37670670e-02 -6.44078975e-02  9.28926359e-02
 -6.47980368e-02  2.26978350e-03 -5.00212283e-02 -5.44575921e-02
 -3.67086141e-03  1.03304088e-01  1.86809044e-02  7.16893698e-02
 -6.47781364e-02 -1.74172493e-02  1.36230584e-02  6.53980086e-03
 -2.53474383e-03  1.09681819e-01  6.11054209e-02]",55,55,"(np.int32(0), np.int32(0), np.int32(0), np.int32(0), np.int32(0), np.int32(1), np.int32(0), np.int32(0), np.int32(0), np.int32(0))",18.198035031155037
365,10,2,5,1.1491446875480793,"[-1.91675817e-01  1.15297739e-01  1.89847372e-01  1.08956939e-01
 -2.65018357e-02  9.97712833e-02 -3.66863622e-02 -6.26638585e-03
 -2.80719986e-02  5.06717293e-02 -4.85874207e-02 -3.19317501e-02
 -2.44258262e-01 -1.00386872e-02  5.38849510e-05 -3.62223922e-02
 -4.93589529e-03  6.15496412e-02  6.13812809e-02  6.47398283e-01
  3.90602603e-01  1.22822072e-02  6.33624622e-03 -1.21823518e-02
 -4.77444228e-02  6.64861737e-02  3.40072349e-02  4.01070147e-01
 -2.53130080e-02  7.11114820e-04  5.82276732e-02 -1.54546644e-02
  3.34036826e-02 -3.62201844e-03 -1.08026773e-01  7.87218908e-02
 -5.58175287e-02 -4.18845051e-02 -5.11834042e-02  9.28890089e-02
 -6.01168607e-02  1.33632266e-02 -5.13693798e-02 -3.96592840e-02
 -2.73083527e-02  1.16851710e-01  3.67423487e-02  7.95665182e-02
 -9.38100418e-02 -3.09525639e-02  2.55024017e-02  1.53082700e-02
 -8.90319942e-03  8.78261764e-02  5.60139327e-02]",55,55,"(np.int32(0), np.int32(0), np.int32(0), np.int32(0), np.int32(0), np.int32(1), np.int32(0), np.int32(0), np.int32(0), np.int32(0))",18.198035031155037
385,10,2,5,1.1457665243275283,"[-0.21878222  0.12375309  0.19293412  0.12554922 -0.0210095   0.07641531
 -0.04026915 -0.02289273 -0.03757606  0.05854644 -0.03903705 -0.01471957
 -0.21542242 -0.00159119 -0.02713079 -0.03337906 -0.01459185  0.05485991
  0.06671017  0.62350363  0.35539153  0.02148162  0.02372858  0.00785101
 -0.04168521  0.07543194  0.03071751  0.36221877 -0.00252374  0.00380865
  0.08123438 -0.00482855  0.02708759 -0.01281565 -0.06748195  0.08305952
 -0.0531399  -0.01179567 -0.06272718  0.08451787 -0.06449968 -0.00680499
 -0.07419675 -0.01503959 -0.01966417  0.11993985  0.02413337  0.04501729
 -0.0674014  -0.06469073  0.0329071   0.02469958  0.00292088  0.10709712
  0.03181729]",55,55,"(np.int32(0), np.int32(0), np.int32(0), np.int32(0), np.int32(0), np.int32(1), np.int32(0), np.int32(0), np.int32(0), np.int32(0))",18.198035031155037
405,10,2,5,1.14861323734383,"[-0.22407168  0.11255361  0.18519746  0.1271767  -0.01892467  0.07913597
 -0.07814748 -0.00207251 -0.0538307   0.03513958 -0.03442971 -0.02378666
 -0.21592107 -0.02215141 -0.00841926 -0.0289561   0.00554023  0.05441632
  0.05167413  0.61752481  0.3233746   0.033613    0.02665601  0.00415507
 -0.04292115  0.05029107  0.00262519  0.3261055   0.00595104 -0.00114081
  0.0923307   0.0076682   0.00537979 -0.03582069 -0.06466206  0.06256226
 -0.08305796  0.01697759 -0.08115988  0.04599133 -0.06272304  0.01902399
 -0.06511896  0.00579477  0.01329897  0.1218441   0.01845246  0.0754781
 -0.04391584 -0.07873175  0.03659934  0.02482323 -0.01568063  0.09845152
  0.03243243]",55,55,"(np.int32(0), np.int32(0), np.int32(0), np.int32(0), np.int32(0), np.int32(1), np.int32(0), np.int32(0), np.int32(0), np.int32(0))",18.198035031155037
